sub	block	trial	congr	stim	resp	RT	
004_4PH	0	0	1	2	2	0.695	
004_4PH	0	1	1	2	2	0.429	
004_4PH	0	2	2	2	2	0.458	
004_4PH	0	3	2	1	1	0.465	
004_4PH	0	4	1	1	1	0.450	
004_4PH	0	5	2	2	2	0.471	
004_4PH	0	6	2	1	1	0.476	
004_4PH	0	7	1	2	2	0.361	
004_4PH	0	8	1	1	1	0.446	
004_4PH	0	9	2	2	2	0.466	
004_4PH	0	10	1	1	1	0.372	
004_4PH	0	11	1	2	2	0.387	
004_4PH	0	12	1	1	1	0.368	
004_4PH	0	13	1	2	2	0.401	
004_4PH	0	14	1	1	1	0.383	
004_4PH	0	15	1	1	1	0.414	
004_4PH	0	16	1	1	1	0.420	
004_4PH	0	17	2	1	1	0.448	
004_4PH	0	18	1	2	2	0.392	
004_4PH	0	19	2	1	1	0.437	
004_4PH	0	20	2	1	1	0.459	
004_4PH	0	21	2	2	2	0.450	
004_4PH	0	22	2	2	2	0.444	
004_4PH	0	23	2	2	2	0.365	
004_4PH	0	24	1	2	2	0.368	
004_4PH	0	25	2	2	2	0.426	
004_4PH	0	26	1	2	2	0.350	
004_4PH	0	27	1	2	2	0.349	
004_4PH	0	28	2	1	1	0.440	
004_4PH	0	29	2	1	1	0.409	
004_4PH	0	30	1	2	2	0.367	
004_4PH	0	31	2	1	1	0.362	
004_4PH	0	32	1	2	2	0.350	
004_4PH	0	33	1	2	2	0.359	
004_4PH	0	34	1	1	1	0.404	
004_4PH	0	35	1	2	2	0.386	
004_4PH	0	36	1	1	1	0.401	
004_4PH	0	37	2	1	1	0.465	
004_4PH	0	38	2	1	1	0.427	
004_4PH	0	39	1	1	1	0.402	
004_4PH	0	40	1	1	1	0.367	
004_4PH	0	41	2	1	1	0.475	
004_4PH	0	42	1	1	1	0.427	
004_4PH	0	43	1	1	1	0.412	
004_4PH	0	44	2	2	1	0.424	
004_4PH	0	45	2	2	2	0.434	
004_4PH	0	46	2	1	1	0.480	
004_4PH	0	47	2	2	2	0.421	
004_4PH	0	48	1	1	1	0.373	
004_4PH	0	49	2	2	2	0.431	
004_4PH	0	50	1	2	2	0.369	
004_4PH	0	51	2	1	1	0.424	
004_4PH	0	52	2	2	2	0.464	
004_4PH	0	53	2	2	2	0.427	
004_4PH	0	54	2	1	1	0.436	
004_4PH	0	55	2	2	2	0.389	
004_4PH	1	0	2	2	2	0.438	
004_4PH	1	1	1	1	1	0.393	
004_4PH	1	2	1	1	1	0.407	
004_4PH	1	3	1	1	1	0.380	
004_4PH	1	4	1	2	2	0.338	
004_4PH	1	5	1	1	1	0.379	
004_4PH	1	6	1	2	2	0.407	
004_4PH	1	7	2	1	1	0.412	
004_4PH	1	8	2	1	1	0.401	
004_4PH	1	9	2	1	1	0.561	
004_4PH	1	10	1	2	2	0.372	
004_4PH	1	11	1	2	2	0.384	
004_4PH	1	12	1	1	1	0.398	
004_4PH	1	13	1	1	1	0.335	
004_4PH	1	14	2	2	2	0.410	
004_4PH	1	15	2	2	2	0.457	
004_4PH	1	16	1	2	2	0.328	
004_4PH	1	17	1	2	2	0.347	
004_4PH	1	18	2	2	2	0.379	
004_4PH	1	19	2	2	2	0.435	
004_4PH	1	20	1	1	1	0.373	
004_4PH	1	21	1	1	1	0.350	
004_4PH	1	22	2	1	2	0.395	
004_4PH	1	23	2	1	1	0.476	
004_4PH	1	24	1	1	1	0.399	
004_4PH	1	25	2	1	1	0.369	
004_4PH	1	26	1	1	1	0.366	
004_4PH	1	27	1	2	2	0.386	
004_4PH	1	28	1	2	2	0.363	
004_4PH	1	29	2	1	1	0.375	
004_4PH	1	30	1	2	2	0.377	
004_4PH	1	31	2	2	2	0.379	
004_4PH	1	32	2	2	2	0.346	
004_4PH	1	33	1	1	1	0.399	
004_4PH	1	34	1	2	2	0.368	
004_4PH	1	35	1	1	1	0.371	
004_4PH	1	36	2	1	2	0.345	
004_4PH	1	37	2	2	2	0.380	
004_4PH	1	38	2	1	1	0.465	
004_4PH	1	39	2	2	2	0.533	
004_4PH	1	40	2	2	2	0.444	
004_4PH	1	41	1	1	1	0.396	
004_4PH	1	42	2	2	2	0.417	
004_4PH	1	43	2	2	2	0.422	
004_4PH	1	44	2	1	1	0.410	
004_4PH	1	45	2	1	1	0.423	
004_4PH	1	46	2	2	2	0.397	
004_4PH	1	47	2	2	2	0.454	
004_4PH	1	48	1	2	2	0.357	
004_4PH	1	49	2	1	1	0.417	
004_4PH	1	50	2	1	1	0.364	
004_4PH	1	51	1	2	2	0.380	
004_4PH	1	52	1	2	2	0.358	
004_4PH	1	53	1	2	2	0.346	
004_4PH	1	54	2	1	1	0.453	
004_4PH	1	55	1	1	1	0.393	
004_4PH	2	0	2	2	2	0.455	
004_4PH	2	1	2	2	2	0.389	
004_4PH	2	2	1	1	1	0.465	
004_4PH	2	3	2	2	2	0.486	
004_4PH	2	4	2	1	1	0.405	
004_4PH	2	5	2	2	2	0.456	
004_4PH	2	6	2	1	1	0.403	
004_4PH	2	7	2	1	1	0.463	
004_4PH	2	8	2	1	1	0.458	
004_4PH	2	9	1	2	2	0.347	
004_4PH	2	10	1	1	1	0.329	
004_4PH	2	11	1	1	1	0.340	
004_4PH	2	12	2	1	1	0.461	
004_4PH	2	13	2	2	2	0.328	
004_4PH	2	14	2	1	2	0.228	
004_4PH	2	15	1	2	2	0.360	
004_4PH	2	16	2	2	2	0.414	
004_4PH	2	17	1	1	1	0.375	
004_4PH	2	18	2	2	2	0.431	
004_4PH	2	19	1	2	2	0.371	
004_4PH	2	20	1	2	2	0.406	
004_4PH	2	21	2	2	2	0.370	
004_4PH	2	22	2	2	2	0.387	
004_4PH	2	23	1	2	2	0.355	
004_4PH	2	24	2	1	1	0.449	
004_4PH	2	25	2	2	2	0.412	
004_4PH	2	26	2	1	1	0.409	
004_4PH	2	27	2	1	1	0.428	
004_4PH	2	28	2	1	1	0.419	
004_4PH	2	29	1	2	2	0.380	
004_4PH	2	30	2	2	2	0.404	
004_4PH	2	31	1	1	1	0.377	
004_4PH	2	32	1	1	1	0.360	
004_4PH	2	33	2	2	2	0.364	
004_4PH	2	34	1	2	2	0.361	
004_4PH	2	35	1	2	2	0.307	
004_4PH	2	36	1	1	1	0.373	
004_4PH	2	37	1	2	2	0.354	
004_4PH	2	38	2	1	1	0.385	
004_4PH	2	39	1	1	1	0.399	
004_4PH	2	40	1	1	1	0.397	
004_4PH	2	41	2	1	1	0.456	
004_4PH	2	42	1	2	2	0.353	
004_4PH	2	43	1	2	2	0.354	
004_4PH	2	44	1	2	2	0.301	
004_4PH	2	45	2	2	2	0.423	
004_4PH	2	46	1	1	1	0.379	
004_4PH	2	47	1	2	2	0.339	
004_4PH	2	48	1	1	1	0.368	
004_4PH	2	49	2	1	1	0.431	
004_4PH	2	50	1	1	1	0.399	
004_4PH	2	51	2	1	2	0.372	
004_4PH	2	52	1	2	2	0.364	
004_4PH	2	53	2	2	2	0.418	
004_4PH	2	54	1	1	1	0.381	
004_4PH	2	55	1	1	1	0.373	
004_4PH	3	0	1	1	1	0.381	
004_4PH	3	1	2	2	2	0.389	
004_4PH	3	2	2	2	2	0.486	
004_4PH	3	3	1	1	1	0.381	
004_4PH	3	4	1	2	2	0.379	
004_4PH	3	5	2	2	2	0.440	
004_4PH	3	6	1	1	1	0.430	
004_4PH	3	7	1	1	1	0.411	
004_4PH	3	8	1	2	2	0.359	
004_4PH	3	9	1	1	1	0.353	
004_4PH	3	10	2	1	1	0.439	
004_4PH	3	11	2	2	2	0.341	
004_4PH	3	12	1	2	2	0.394	
004_4PH	3	13	2	1	1	0.396	
004_4PH	3	14	1	2	2	0.347	
004_4PH	3	15	1	2	2	0.319	
004_4PH	3	16	1	1	1	0.414	
004_4PH	3	17	1	2	2	0.346	
004_4PH	3	18	1	2	2	0.360	
004_4PH	3	19	1	1	1	0.401	
004_4PH	3	20	2	2	2	0.419	
004_4PH	3	21	1	1	1	0.367	
004_4PH	3	22	2	1	2	0.298	
004_4PH	3	23	2	1	1	0.412	
004_4PH	3	24	1	2	2	0.325	
004_4PH	3	25	2	1	1	0.477	
004_4PH	3	26	2	2	2	0.363	
004_4PH	3	27	2	1	1	0.437	
004_4PH	3	28	2	2	2	0.401	
004_4PH	3	29	2	1	1	0.472	
004_4PH	3	30	2	1	1	0.391	
004_4PH	3	31	2	2	2	0.406	
004_4PH	3	32	1	2	2	0.377	
004_4PH	3	33	2	1	1	0.414	
004_4PH	3	34	2	1	1	0.506	
004_4PH	3	35	1	1	1	0.345	
004_4PH	3	36	2	2	2	0.403	
004_4PH	3	37	2	1	1	0.433	
004_4PH	3	38	1	1	1	0.382	
004_4PH	3	39	1	1	1	0.362	
004_4PH	3	40	1	1	1	0.363	
004_4PH	3	41	2	2	1	0.362	
004_4PH	3	42	1	1	1	0.395	
004_4PH	3	43	1	2	2	0.365	
004_4PH	3	44	1	1	1	0.358	
004_4PH	3	45	1	2	2	0.357	
004_4PH	3	46	1	2	2	0.350	
004_4PH	3	47	2	2	2	0.506	
004_4PH	3	48	2	2	2	0.341	
004_4PH	3	49	2	2	2	0.426	
004_4PH	3	50	2	2	2	0.356	
004_4PH	3	51	2	1	1	0.478	
004_4PH	3	52	2	1	2	0.380	
004_4PH	3	53	1	2	2	0.330	
004_4PH	3	54	1	2	2	0.330	
004_4PH	3	55	2	1	1	0.425	
