sub	block	trial	congr	stim	resp	RT	
011_6GS	0	0	2	2	2	0.495	
011_6GS	0	1	1	1	1	0.370	
011_6GS	0	2	1	2	2	0.331	
011_6GS	0	3	2	2	2	0.443	
011_6GS	0	4	1	1	1	0.378	
011_6GS	0	5	1	2	2	0.367	
011_6GS	0	6	2	2	2	0.394	
011_6GS	0	7	1	2	2	0.354	
011_6GS	0	8	1	1	1	0.472	
011_6GS	0	9	2	1	1	0.507	
011_6GS	0	10	1	2	2	0.355	
011_6GS	0	11	2	1	1	0.469	
011_6GS	0	12	2	2	2	0.697	
011_6GS	0	13	2	1	1	0.465	
011_6GS	0	14	1	1	1	0.367	
011_6GS	0	15	2	1	1	0.455	
011_6GS	0	16	2	1	1	0.658	
011_6GS	0	17	2	2	2	0.491	
011_6GS	0	18	1	2	2	0.516	
011_6GS	0	19	1	2	2	0.390	
011_6GS	0	20	1	1	1	0.442	
011_6GS	0	21	2	1	2	0.385	
011_6GS	0	22	1	2	2	0.422	
011_6GS	0	23	1	1	1	0.398	
011_6GS	0	24	1	1	1	0.379	
011_6GS	0	25	1	2	2	0.883	
011_6GS	0	26	2	2	2	0.365	
011_6GS	0	27	1	2	2	0.423	
011_6GS	0	28	1	2	2	0.451	
011_6GS	0	29	2	2	2	0.394	
011_6GS	0	30	2	2	2	0.569	
011_6GS	0	31	1	2	2	0.422	
011_6GS	0	32	2	2	2	0.492	
011_6GS	0	33	2	2	2	0.432	
011_6GS	0	34	2	1	1	0.526	
011_6GS	0	35	2	1	2	0.375	
011_6GS	0	36	2	1	1	0.482	
011_6GS	0	37	1	2	2	0.402	
011_6GS	0	38	2	2	2	0.487	
011_6GS	0	39	1	1	1	0.478	
011_6GS	0	40	2	1	1	0.456	
011_6GS	0	41	1	2	2	0.372	
011_6GS	0	42	2	2	2	0.452	
011_6GS	0	43	1	1	1	0.471	
011_6GS	0	44	1	1	1	0.450	
011_6GS	0	45	1	2	2	0.406	
011_6GS	0	46	1	1	1	0.411	
011_6GS	0	47	2	1	1	0.461	
011_6GS	0	48	2	1	1	0.463	
011_6GS	0	49	1	1	1	0.428	
011_6GS	0	50	1	1	1	0.442	
011_6GS	0	51	2	2	2	0.447	
011_6GS	0	52	2	1	1	0.422	
011_6GS	0	53	1	1	1	0.388	
011_6GS	0	54	2	2	2	0.439	
011_6GS	0	55	2	1	1	0.482	
011_6GS	1	0	2	2	2	0.488	
011_6GS	1	1	1	2	2	0.395	
011_6GS	1	2	1	1	1	0.417	
011_6GS	1	3	1	1	1	0.398	
011_6GS	1	4	2	1	1	0.504	
011_6GS	1	5	2	1	1	0.445	
011_6GS	1	6	2	2	2	0.474	
011_6GS	1	7	2	1	1	0.499	
011_6GS	1	8	1	2	2	0.362	
011_6GS	1	9	1	1	1	0.439	
011_6GS	1	10	1	2	2	0.400	
011_6GS	1	11	2	1	1	0.458	
011_6GS	1	12	1	2	2	0.402	
011_6GS	1	13	2	2	2	0.456	
011_6GS	1	14	1	1	1	0.750	
011_6GS	1	15	2	2	2	0.632	
011_6GS	1	16	1	2	2	0.437	
011_6GS	1	17	2	2	2	0.424	
011_6GS	1	18	2	1	1	0.471	
011_6GS	1	19	2	1	1	0.465	
011_6GS	1	20	2	1	1	0.410	
011_6GS	1	21	1	1	1	0.504	
011_6GS	1	22	2	1	1	0.489	
011_6GS	1	23	1	1	1	0.455	
011_6GS	1	24	2	1	1	0.445	
011_6GS	1	25	2	2	2	0.443	
011_6GS	1	26	1	1	1	0.438	
011_6GS	1	27	1	1	1	0.447	
011_6GS	1	28	2	2	2	0.444	
011_6GS	1	29	1	2	2	0.422	
011_6GS	1	30	1	2	2	0.446	
011_6GS	1	31	2	1	1	0.653	
011_6GS	1	32	2	2	2	0.426	
011_6GS	1	33	1	2	2	0.457	
011_6GS	1	34	1	2	2	0.415	
011_6GS	1	35	2	2	2	0.503	
011_6GS	1	36	2	1	1	0.462	
011_6GS	1	37	2	1	1	0.633	
011_6GS	1	38	1	1	1	0.434	
011_6GS	1	39	1	1	1	0.442	
011_6GS	1	40	1	2	2	0.423	
011_6GS	1	41	1	1	1	0.431	
011_6GS	1	42	2	2	2	0.394	
011_6GS	1	43	1	2	2	0.440	
011_6GS	1	44	2	2	2	0.456	
011_6GS	1	45	1	2	2	0.424	
011_6GS	1	46	1	1	1	0.460	
011_6GS	1	47	2	2	2	0.393	
011_6GS	1	48	1	2	2	0.481	
011_6GS	1	49	2	1	1	0.523	
011_6GS	1	50	1	1	1	0.402	
011_6GS	1	51	2	2	2	0.404	
011_6GS	1	52	2	1	1	0.487	
011_6GS	1	53	1	1	1	0.440	
011_6GS	1	54	2	2	2	0.458	
011_6GS	1	55	1	2	2	0.431	
011_6GS	2	0	2	2	2	0.537	
011_6GS	2	1	2	2	2	0.510	
011_6GS	2	2	2	1	1	0.475	
011_6GS	2	3	2	2	2	0.448	
011_6GS	2	4	1	2	2	0.389	
011_6GS	2	5	1	1	1	0.358	
011_6GS	2	6	2	2	2	0.347	
011_6GS	2	7	1	1	1	0.479	
011_6GS	2	8	2	1	1	0.578	
011_6GS	2	9	1	1	1	0.663	
011_6GS	2	10	1	1	1	0.401	
011_6GS	2	11	1	2	2	0.425	
011_6GS	2	12	2	2	2	0.455	
011_6GS	2	13	2	1	1	0.438	
011_6GS	2	14	1	1	1	0.428	
011_6GS	2	15	2	1	1	0.393	
011_6GS	2	16	2	2	2	0.485	
011_6GS	2	17	1	1	1	0.429	
011_6GS	2	18	1	1	1	0.419	
011_6GS	2	19	1	1	1	0.430	
011_6GS	2	20	1	1	1	0.375	
011_6GS	2	21	1	2	2	0.408	
011_6GS	2	22	1	2	2	0.360	
011_6GS	2	23	2	1	1	0.409	
011_6GS	2	24	1	1	1	0.404	
011_6GS	2	25	1	2	2	0.451	
011_6GS	2	26	2	2	2	0.448	
011_6GS	2	27	2	2	2	0.628	
011_6GS	2	28	2	1	1	0.631	
011_6GS	2	29	2	1	1	0.399	
011_6GS	2	30	1	2	2	0.438	
011_6GS	2	31	1	1	1	0.449	
011_6GS	2	32	1	2	2	0.484	
011_6GS	2	33	2	1	1	0.464	
011_6GS	2	34	1	2	2	0.428	
011_6GS	2	35	1	2	2	0.440	
011_6GS	2	36	2	1	1	0.426	
011_6GS	2	37	2	1	1	0.464	
011_6GS	2	38	1	1	1	0.479	
011_6GS	2	39	2	1	1	0.371	
011_6GS	2	40	2	2	2	0.397	
011_6GS	2	41	1	1	1	0.398	
011_6GS	2	42	1	2	2	0.409	
011_6GS	2	43	2	1	1	0.484	
011_6GS	2	44	2	2	2	0.391	
011_6GS	2	45	1	2	2	0.431	
011_6GS	2	46	2	1	1	0.446	
011_6GS	2	47	2	2	2	0.381	
011_6GS	2	48	1	2	2	0.409	
011_6GS	2	49	2	1	1	0.452	
011_6GS	2	50	1	2	2	0.403	
011_6GS	2	51	2	2	2	0.707	
011_6GS	2	52	2	2	2	0.507	
011_6GS	2	53	1	1	1	0.401	
011_6GS	2	54	2	2	2	0.790	
011_6GS	2	55	1	2	2	0.394	
011_6GS	3	0	1	2	2	0.404	
011_6GS	3	1	2	2	2	0.571	
011_6GS	3	2	2	1	1	0.448	
011_6GS	3	3	2	1	1	0.433	
011_6GS	3	4	2	2	2	0.406	
011_6GS	3	5	2	2	2	0.456	
011_6GS	3	6	1	2	2	0.498	
011_6GS	3	7	2	2	2	0.605	
011_6GS	3	8	2	1	1	0.498	
011_6GS	3	9	1	2	2	0.398	
011_6GS	3	10	2	2	2	0.484	
011_6GS	3	11	1	2	2	0.439	
011_6GS	3	12	2	2	2	0.394	
011_6GS	3	13	2	1	1	0.541	
011_6GS	3	14	1	1	1	0.404	
011_6GS	3	15	2	2	2	0.393	
011_6GS	3	16	1	1	1	0.431	
011_6GS	3	17	2	2	2	0.415	
011_6GS	3	18	2	2	2	0.586	
011_6GS	3	19	1	1	1	0.505	
011_6GS	3	20	2	1	1	0.526	
011_6GS	3	21	2	1	1	0.511	
011_6GS	3	22	1	2	2	0.521	
011_6GS	3	23	1	2	2	0.511	
011_6GS	3	24	2	1	1	0.512	
011_6GS	3	25	1	2	2	0.686	
011_6GS	3	26	2	2	2	0.479	
011_6GS	3	27	1	1	1	0.588	
011_6GS	3	28	2	1	1	0.493	
011_6GS	3	29	1	1	1	0.613	
011_6GS	3	30	1	1	1	0.514	
011_6GS	3	31	1	1	1	0.375	
011_6GS	3	32	1	1	1	0.437	
011_6GS	3	33	2	2	2	0.442	
011_6GS	3	34	1	2	2	0.433	
011_6GS	3	35	2	2	2	0.417	
011_6GS	3	36	1	2	2	0.515	
011_6GS	3	37	1	1	1	0.612	
011_6GS	3	38	2	1	1	0.496	
011_6GS	3	39	2	2	2	0.552	
011_6GS	3	40	1	1	1	0.503	
011_6GS	3	41	2	2	2	0.425	
011_6GS	3	42	1	1	1	0.375	
011_6GS	3	43	2	1	1	0.445	
011_6GS	3	44	1	2	2	0.493	
011_6GS	3	45	1	2	2	0.502	
011_6GS	3	46	1	1	1	0.632	
011_6GS	3	47	1	2	2	0.419	
011_6GS	3	48	1	1	1	0.458	
011_6GS	3	49	1	2	2	0.352	
011_6GS	3	50	2	1	1	0.467	
011_6GS	3	51	1	2	2	0.358	
011_6GS	3	52	2	1	1	0.433	
011_6GS	3	53	1	1	1	0.339	
011_6GS	3	54	2	1	1	0.417	
011_6GS	3	55	2	1	1	0.460	
