sub	block	trial	congr	stim	resp	RT	
008_4PH	0	0	1	1	1	0.360	
008_4PH	0	1	2	2	2	0.529	
008_4PH	0	2	2	2	2	0.385	
008_4PH	0	3	1	1	1	0.390	
008_4PH	0	4	1	1	1	0.411	
008_4PH	0	5	1	1	1	0.393	
008_4PH	0	6	2	2	2	0.408	
008_4PH	0	7	1	2	2	0.324	
008_4PH	0	8	1	2	2	0.325	
008_4PH	0	9	2	2	2	0.451	
008_4PH	0	10	1	2	2	0.415	
008_4PH	0	11	2	1	1	0.445	
008_4PH	0	12	1	2	2	0.372	
008_4PH	0	13	2	2	2	0.506	
008_4PH	0	14	2	2	2	0.396	
008_4PH	0	15	2	1	1	0.564	
008_4PH	0	16	2	2	2	0.446	
008_4PH	0	17	2	1	1	0.418	
008_4PH	0	18	1	2	2	0.340	
008_4PH	0	19	2	1	1	0.531	
008_4PH	0	20	2	2	2	0.521	
008_4PH	0	21	1	1	1	0.371	
008_4PH	0	22	2	1	1	0.462	
008_4PH	0	23	1	1	1	0.417	
008_4PH	0	24	2	1	2	0.446	
008_4PH	0	25	1	1	1	0.371	
008_4PH	0	26	2	1	1	0.518	
008_4PH	0	27	1	1	1	0.369	
008_4PH	0	28	1	1	1	0.345	
008_4PH	0	29	1	2	2	0.425	
008_4PH	0	30	1	2	2	0.361	
008_4PH	0	31	2	1	1	0.469	
008_4PH	0	32	1	1	1	0.458	
008_4PH	0	33	1	1	1	0.350	
008_4PH	0	34	1	2	2	0.471	
008_4PH	0	35	1	2	2	0.348	
008_4PH	0	36	2	2	2	0.437	
008_4PH	0	37	2	2	2	0.426	
008_4PH	0	38	1	1	1	0.412	
008_4PH	0	39	1	2	2	0.362	
008_4PH	0	40	1	1	1	0.388	
008_4PH	0	41	2	1	1	0.501	
008_4PH	0	42	1	1	1	0.532	
008_4PH	0	43	1	2	2	0.354	
008_4PH	0	44	2	1	1	0.500	
008_4PH	0	45	2	2	2	0.539	
008_4PH	0	46	2	2	2	0.429	
008_4PH	0	47	2	2	2	0.411	
008_4PH	0	48	2	1	1	0.453	
008_4PH	0	49	2	2	2	0.440	
008_4PH	0	50	2	1	1	0.443	
008_4PH	0	51	2	1	1	0.460	
008_4PH	0	52	1	2	2	0.372	
008_4PH	0	53	1	2	2	0.393	
008_4PH	0	54	2	1	1	0.396	
008_4PH	0	55	1	2	2	0.407	
008_4PH	1	0	1	1	1	0.426	
008_4PH	1	1	2	1	1	0.516	
008_4PH	1	2	2	2	2	0.419	
008_4PH	1	3	1	2	2	0.377	
008_4PH	1	4	2	2	2	0.432	
008_4PH	1	5	1	2	2	0.453	
008_4PH	1	6	2	1	1	0.479	
008_4PH	1	7	2	1	1	0.467	
008_4PH	1	8	2	2	2	0.475	
008_4PH	1	9	1	2	2	0.348	
008_4PH	1	10	1	1	1	0.398	
008_4PH	1	11	2	2	2	0.439	
008_4PH	1	12	1	2	2	0.343	
008_4PH	1	13	2	1	1	0.468	
008_4PH	1	14	2	2	2	0.510	
008_4PH	1	15	1	1	1	0.325	
008_4PH	1	16	2	2	2	0.443	
008_4PH	1	17	1	1	1	0.418	
008_4PH	1	18	1	2	2	0.346	
008_4PH	1	19	1	1	1	0.365	
008_4PH	1	20	1	1	1	0.427	
008_4PH	1	21	1	2	2	0.389	
008_4PH	1	22	2	1	1	0.447	
008_4PH	1	23	1	2	2	0.379	
008_4PH	1	24	2	1	1	0.470	
008_4PH	1	25	2	2	2	0.452	
008_4PH	1	26	2	2	2	0.529	
008_4PH	1	27	2	2	2	0.577	
008_4PH	1	28	1	2	2	0.347	
008_4PH	1	29	1	2	2	0.307	
008_4PH	1	30	2	1	1	0.563	
008_4PH	1	31	1	1	1	0.520	
008_4PH	1	32	2	1	1	0.465	
008_4PH	1	33	1	1	1	0.401	
008_4PH	1	34	1	2	2	0.379	
008_4PH	1	35	1	1	1	0.423	
008_4PH	1	36	2	2	2	0.427	
008_4PH	1	37	1	2	2	0.383	
008_4PH	1	38	1	1	1	0.431	
008_4PH	1	39	2	2	2	0.410	
008_4PH	1	40	2	2	2	0.408	
008_4PH	1	41	2	1	1	0.512	
008_4PH	1	42	1	2	2	0.379	
008_4PH	1	43	1	1	1	0.406	
008_4PH	1	44	2	2	2	0.463	
008_4PH	1	45	2	2	2	0.556	
008_4PH	1	46	2	1	1	0.413	
008_4PH	1	47	1	2	2	0.352	
008_4PH	1	48	2	1	1	0.460	
008_4PH	1	49	2	1	1	0.507	
008_4PH	1	50	1	1	1	0.388	
008_4PH	1	51	1	1	1	0.409	
008_4PH	1	52	1	2	2	0.413	
008_4PH	1	53	2	1	1	0.520	
008_4PH	1	54	1	1	1	0.362	
008_4PH	1	55	2	1	1	0.454	
008_4PH	2	0	1	1	1	0.406	
008_4PH	2	1	2	2	2	0.431	
008_4PH	2	2	1	1	1	0.419	
008_4PH	2	3	2	2	2	0.372	
008_4PH	2	4	2	2	2	0.412	
008_4PH	2	5	1	1	1	0.376	
008_4PH	2	6	1	2	2	0.329	
008_4PH	2	7	1	1	1	0.432	
008_4PH	2	8	2	2	2	0.404	
008_4PH	2	9	2	1	1	0.499	
008_4PH	2	10	2	1	1	0.566	
008_4PH	2	11	2	2	2	0.472	
008_4PH	2	12	1	1	1	0.361	
008_4PH	2	13	2	1	1	0.444	
008_4PH	2	14	2	1	1	0.472	
008_4PH	2	15	1	2	2	0.418	
008_4PH	2	16	2	1	1	0.476	
008_4PH	2	17	2	2	2	0.528	
008_4PH	2	18	2	1	1	0.374	
008_4PH	2	19	2	1	1	0.559	
008_4PH	2	20	1	1	1	0.386	
008_4PH	2	21	2	1	1	0.476	
008_4PH	2	22	1	2	2	0.458	
008_4PH	2	23	2	2	2	0.486	
008_4PH	2	24	2	1	1	0.463	
008_4PH	2	25	1	2	2	0.390	
008_4PH	2	26	1	2	2	0.420	
008_4PH	2	27	2	1	1	0.466	
008_4PH	2	28	1	1	1	0.417	
008_4PH	2	29	1	2	2	0.415	
008_4PH	2	30	1	1	1	0.441	
008_4PH	2	31	1	2	2	0.382	
008_4PH	2	32	1	2	2	0.397	
008_4PH	2	33	1	1	1	0.427	
008_4PH	2	34	1	2	2	0.429	
008_4PH	2	35	2	1	1	0.411	
008_4PH	2	36	2	2	2	0.346	
008_4PH	2	37	2	2	2	0.396	
008_4PH	2	38	1	2	2	0.464	
008_4PH	2	39	2	2	2	0.454	
008_4PH	2	40	2	1	2	0.276	
008_4PH	2	41	1	1	1	0.426	
008_4PH	2	42	1	1	1	0.383	
008_4PH	2	43	1	1	1	0.381	
008_4PH	2	44	2	2	2	0.468	
008_4PH	2	45	1	2	2	0.389	
008_4PH	2	46	1	1	1	0.434	
008_4PH	2	47	2	1	1	0.439	
008_4PH	2	48	1	2	2	0.404	
008_4PH	2	49	2	1	1	0.518	
008_4PH	2	50	2	2	2	0.452	
008_4PH	2	51	1	2	2	0.419	
008_4PH	2	52	2	2	2	0.394	
008_4PH	2	53	1	1	1	0.426	
008_4PH	2	54	2	2	2	0.744	
008_4PH	2	55	1	2	2	0.434	
008_4PH	3	0	2	2	2	0.539	
008_4PH	3	1	2	1	1	0.415	
008_4PH	3	2	2	1	1	0.520	
008_4PH	3	3	2	2	2	0.422	
008_4PH	3	4	2	2	2	0.418	
008_4PH	3	5	1	1	1	0.434	
008_4PH	3	6	1	2	2	0.436	
008_4PH	3	7	2	1	1	0.472	
008_4PH	3	8	2	2	2	0.446	
008_4PH	3	9	2	1	1	0.543	
008_4PH	3	10	2	1	1	0.495	
008_4PH	3	11	1	2	2	0.426	
008_4PH	3	12	1	1	1	0.301	
008_4PH	3	13	1	2	2	0.384	
008_4PH	3	14	2	2	2	0.462	
008_4PH	3	15	1	1	1	0.504	
008_4PH	3	16	2	1	1	0.560	
008_4PH	3	17	2	2	2	0.593	
008_4PH	3	18	1	1	1	0.503	
008_4PH	3	19	1	2	2	0.330	
008_4PH	3	20	2	2	2	0.488	
008_4PH	3	21	1	1	1	0.462	
008_4PH	3	22	1	1	1	0.403	
008_4PH	3	23	2	2	2	0.478	
008_4PH	3	24	1	1	1	0.542	
008_4PH	3	25	1	1	1	0.484	
008_4PH	3	26	1	1	1	0.418	
008_4PH	3	27	1	2	2	0.634	
008_4PH	3	28	1	2	2	0.390	
008_4PH	3	29	1	1	1	0.460	
008_4PH	3	30	1	2	2	0.404	
008_4PH	3	31	1	2	2	0.411	
008_4PH	3	32	1	1	1	0.452	
008_4PH	3	33	2	1	1	0.523	
008_4PH	3	34	2	2	2	0.444	
008_4PH	3	35	2	1	1	0.504	
008_4PH	3	36	2	1	1	0.461	
008_4PH	3	37	1	2	2	0.839	
008_4PH	3	38	2	2	2	0.478	
008_4PH	3	39	1	2	2	0.379	
008_4PH	3	40	2	1	1	0.502	
008_4PH	3	41	2	1	1	0.529	
008_4PH	3	42	2	2	2	0.480	
008_4PH	3	43	2	2	2	0.488	
008_4PH	3	44	1	1	1	0.552	
008_4PH	3	45	2	2	2	0.505	
008_4PH	3	46	1	2	2	0.463	
008_4PH	3	47	1	2	2	0.359	
008_4PH	3	48	1	2	2	0.428	
008_4PH	3	49	1	1	1	0.434	
008_4PH	3	50	1	2	2	0.448	
008_4PH	3	51	1	1	1	0.428	
008_4PH	3	52	2	1	1	0.455	
008_4PH	3	53	2	1	1	0.470	
008_4PH	3	54	2	2	2	0.474	
008_4PH	3	55	2	1	1	0.613	
