sub	block	trial	congr	stim	resp	RT	
011_5LB	0	0	1	1	1	0.558	
011_5LB	0	1	2	2	2	0.516	
011_5LB	0	2	1	2	2	0.433	
011_5LB	0	3	1	2	2	0.360	
011_5LB	0	4	2	2	2	0.544	
011_5LB	0	5	2	2	2	0.482	
011_5LB	0	6	1	2	2	0.448	
011_5LB	0	7	1	2	2	0.394	
011_5LB	0	8	2	1	1	0.600	
011_5LB	0	9	2	2	2	0.586	
011_5LB	0	10	2	2	2	0.432	
011_5LB	0	11	2	1	1	0.539	
011_5LB	0	12	2	1	1	0.526	
011_5LB	0	13	2	1	1	0.523	
011_5LB	0	14	1	2	2	0.475	
011_5LB	0	15	1	2	2	0.390	
011_5LB	0	16	1	2	2	0.547	
011_5LB	0	17	2	1	1	0.486	
011_5LB	0	18	2	2	2	0.411	
011_5LB	0	19	2	2	2	0.508	
011_5LB	0	20	1	2	2	0.461	
011_5LB	0	21	2	1	1	0.480	
011_5LB	0	22	2	2	2	0.404	
011_5LB	0	23	1	1	1	0.450	
011_5LB	0	24	1	1	1	0.355	
011_5LB	0	25	1	1	1	0.360	
011_5LB	0	26	2	2	2	0.469	
011_5LB	0	27	1	1	2	0.514	
011_5LB	0	28	1	1	2	0.498	
011_5LB	0	29	1	1	1	0.494	
011_5LB	0	30	1	1	1	0.406	
011_5LB	0	31	2	1	1	0.492	
011_5LB	0	32	1	1	1	0.401	
011_5LB	0	33	2	2	2	0.468	
011_5LB	0	34	1	1	2	0.454	
011_5LB	0	35	2	2	2	0.530	
011_5LB	0	36	1	2	2	0.678	
011_5LB	0	37	2	1	1	0.454	
011_5LB	0	38	2	1	1	0.490	
011_5LB	0	39	1	2	2	0.425	
011_5LB	0	40	1	1	2	0.481	
011_5LB	0	41	2	1	1	0.759	
011_5LB	0	42	2	1	1	0.493	
011_5LB	0	43	2	2	2	0.439	
011_5LB	0	44	1	1	1	0.405	
011_5LB	0	45	1	1	1	0.463	
011_5LB	0	46	2	2	2	0.484	
011_5LB	0	47	1	2	2	0.460	
011_5LB	0	48	2	1	1	0.515	
011_5LB	0	49	2	1	1	0.530	
011_5LB	0	50	1	2	2	0.427	
011_5LB	0	51	2	1	1	0.504	
011_5LB	0	52	1	1	1	0.433	
011_5LB	0	53	2	2	2	0.441	
011_5LB	0	54	1	2	2	0.444	
011_5LB	0	55	1	2	2	0.453	
011_5LB	1	0	2	1	1	0.655	
011_5LB	1	1	2	2	2	0.498	
011_5LB	1	2	2	1	1	0.498	
011_5LB	1	3	2	1	1	0.483	
011_5LB	1	4	2	2	2	0.447	
011_5LB	1	5	2	2	2	0.402	
011_5LB	1	6	1	1	1	0.815	
011_5LB	1	7	2	2	2	0.528	
011_5LB	1	8	1	2	2	0.486	
011_5LB	1	9	2	2	2	0.481	
011_5LB	1	10	1	2	2	0.516	
011_5LB	1	11	1	2	2	0.471	
011_5LB	1	12	1	1	1	0.444	
011_5LB	1	13	1	2	2	0.593	
011_5LB	1	14	1	1	1	0.434	
011_5LB	1	15	2	2	2	0.613	
011_5LB	1	16	1	1	1	0.457	
011_5LB	1	17	1	1	1	0.505	
011_5LB	1	18	1	1	1	0.450	
011_5LB	1	19	1	2	2	0.824	
011_5LB	1	20	1	1	1	0.482	
011_5LB	1	21	2	1	1	0.561	
011_5LB	1	22	2	1	1	0.498	
011_5LB	1	23	2	1	1	0.538	
011_5LB	1	24	1	2	2	0.559	
011_5LB	1	25	1	1	1	0.653	
011_5LB	1	26	2	1	1	0.533	
011_5LB	1	27	2	2	2	0.559	
011_5LB	1	28	1	1	1	0.545	
011_5LB	1	29	2	2	2	0.451	
011_5LB	1	30	1	1	1	0.438	
011_5LB	1	31	1	2	1	0.439	
011_5LB	1	32	2	2	2	0.532	
011_5LB	1	33	1	2	2	0.434	
011_5LB	1	34	1	1	1	0.451	
011_5LB	1	35	2	2	2	0.625	
011_5LB	1	36	1	1	1	0.734	
011_5LB	1	37	2	1	1	0.470	
011_5LB	1	38	2	2	2	0.496	
011_5LB	1	39	1	2	2	0.502	
011_5LB	1	40	2	1	1	0.544	
011_5LB	1	41	2	2	2	0.502	
011_5LB	1	42	1	2	2	0.438	
011_5LB	1	43	2	1	1	0.708	
011_5LB	1	44	1	2	2	0.616	
011_5LB	1	45	1	2	2	0.763	
011_5LB	1	46	1	1	1	0.558	
011_5LB	1	47	2	1	1	0.617	
011_5LB	1	48	2	1	1	0.480	
011_5LB	1	49	1	2	2	0.444	
011_5LB	1	50	2	1	1	0.474	
011_5LB	1	51	2	2	2	0.616	
011_5LB	1	52	1	1	1	0.493	
011_5LB	1	53	2	1	1	0.490	
011_5LB	1	54	2	2	2	0.485	
011_5LB	1	55	1	2	2	0.529	
011_5LB	2	0	1	2	2	0.536	
011_5LB	2	1	1	2	2	0.403	
011_5LB	2	2	1	2	2	0.391	
011_5LB	2	3	1	1	1	0.377	
011_5LB	2	4	2	2	2	0.651	
011_5LB	2	5	2	2	2	0.488	
011_5LB	2	6	1	2	2	0.497	
011_5LB	2	7	2	2	2	0.510	
011_5LB	2	8	1	1	1	0.482	
011_5LB	2	9	2	2	2	0.429	
011_5LB	2	10	2	2	2	0.481	
011_5LB	2	11	1	2	2	0.455	
011_5LB	2	12	1	2	2	0.452	
011_5LB	2	13	2	1	1	0.653	
011_5LB	2	14	2	1	1	0.618	
011_5LB	2	15	1	1	1	0.544	
011_5LB	2	16	1	1	1	0.519	
011_5LB	2	17	1	1	1	0.425	
011_5LB	2	18	2	2	2	0.471	
011_5LB	2	19	1	2	2	0.439	
011_5LB	2	20	1	1	1	0.482	
011_5LB	2	21	2	2	2	0.538	
011_5LB	2	22	1	2	2	0.417	
011_5LB	2	23	2	1	1	0.506	
011_5LB	2	24	2	2	2	0.505	
011_5LB	2	25	2	2	2	0.437	
011_5LB	2	26	1	1	1	0.438	
011_5LB	2	27	2	1	1	0.482	
011_5LB	2	28	2	1	1	0.508	
011_5LB	2	29	1	1	1	0.435	
011_5LB	2	30	1	2	2	0.417	
011_5LB	2	31	2	1	1	0.555	
011_5LB	2	32	2	1	1	0.482	
011_5LB	2	33	2	1	1	0.488	
011_5LB	2	34	2	2	2	0.460	
011_5LB	2	35	1	1	1	0.474	
011_5LB	2	36	1	2	2	0.427	
011_5LB	2	37	1	1	1	0.576	
011_5LB	2	38	2	1	1	0.636	
011_5LB	2	39	1	2	2	0.439	
011_5LB	2	40	1	2	2	0.431	
011_5LB	2	41	2	2	2	0.481	
011_5LB	2	42	2	1	1	0.636	
011_5LB	2	43	1	2	2	0.432	
011_5LB	2	44	1	1	1	0.419	
011_5LB	2	45	2	2	2	0.529	
011_5LB	2	46	2	1	1	0.483	
011_5LB	2	47	2	2	2	0.477	
011_5LB	2	48	2	2	2	0.424	
011_5LB	2	49	1	1	1	0.611	
011_5LB	2	50	2	1	1	0.460	
011_5LB	2	51	1	1	1	0.407	
011_5LB	2	52	2	1	1	0.432	
011_5LB	2	53	1	2	2	0.438	
011_5LB	2	54	1	1	1	0.464	
011_5LB	2	55	2	1	1	0.540	
011_5LB	3	0	1	2	2	0.367	
011_5LB	3	1	1	1	1	0.432	
011_5LB	3	2	2	2	2	0.498	
011_5LB	3	3	1	2	2	0.433	
011_5LB	3	4	2	2	2	0.469	
011_5LB	3	5	1	1	1	0.636	
011_5LB	3	6	2	1	1	0.465	
011_5LB	3	7	2	2	2	0.458	
011_5LB	3	8	1	1	1	0.456	
011_5LB	3	9	1	2	2	0.418	
011_5LB	3	10	1	2	2	0.426	
011_5LB	3	11	2	1	1	0.480	
011_5LB	3	12	2	1	1	0.490	
011_5LB	3	13	2	2	2	0.453	
011_5LB	3	14	1	1	1	0.625	
011_5LB	3	15	1	2	2	0.611	
011_5LB	3	16	2	2	2	0.548	
011_5LB	3	17	1	1	1	0.446	
011_5LB	3	18	1	2	2	0.419	
011_5LB	3	19	1	1	1	0.740	
011_5LB	3	20	1	2	2	0.404	
011_5LB	3	21	1	2	2	0.653	
011_5LB	3	22	2	2	2	0.500	
011_5LB	3	23	2	1	1	0.445	
011_5LB	3	24	2	1	1	0.452	
011_5LB	3	25	1	1	1	0.415	
011_5LB	3	26	2	2	2	0.541	
011_5LB	3	27	1	2	2	0.417	
011_5LB	3	28	1	2	2	0.375	
011_5LB	3	29	1	2	2	0.373	
011_5LB	3	30	1	1	1	0.459	
011_5LB	3	31	1	1	1	0.424	
011_5LB	3	32	2	1	1	0.453	
011_5LB	3	33	1	1	1	0.363	
011_5LB	3	34	2	1	1	0.482	
011_5LB	3	35	2	2	2	0.496	
011_5LB	3	36	2	1	1	0.615	
011_5LB	3	37	2	2	2	0.499	
011_5LB	3	38	2	2	2	0.525	
011_5LB	3	39	1	1	1	0.477	
011_5LB	3	40	2	1	1	0.591	
011_5LB	3	41	2	1	1	0.602	
011_5LB	3	42	1	2	2	0.607	
011_5LB	3	43	2	1	1	0.447	
011_5LB	3	44	1	2	2	0.513	
011_5LB	3	45	1	1	1	0.420	
011_5LB	3	46	1	2	2	0.466	
011_5LB	3	47	2	2	2	0.579	
011_5LB	3	48	2	2	2	0.523	
011_5LB	3	49	1	1	1	0.521	
011_5LB	3	50	2	1	1	0.490	
011_5LB	3	51	2	1	1	0.557	
011_5LB	3	52	1	1	1	0.391	
011_5LB	3	53	2	2	2	0.697	
011_5LB	3	54	2	1	1	0.571	
011_5LB	3	55	2	2	2	0.547	
