sub	block	trial	congr	stim	resp	RT	
014_1BL	0	0	1	2	2	0.392	
014_1BL	0	1	2	1	1	0.533	
014_1BL	0	2	2	1	1	0.402	
014_1BL	0	3	2	1	1	0.372	
014_1BL	0	4	2	1	1	0.380	
014_1BL	0	5	2	1	1	0.381	
014_1BL	0	6	1	1	1	0.385	
014_1BL	0	7	1	2	2	0.383	
014_1BL	0	8	1	2	2	0.356	
014_1BL	0	9	1	1	1	0.397	
014_1BL	0	10	2	2	1	0.369	
014_1BL	0	11	2	1	1	0.504	
014_1BL	0	12	2	1	1	0.391	
014_1BL	0	13	2	1	1	0.432	
014_1BL	0	14	1	1	1	0.329	
014_1BL	0	15	1	2	2	0.416	
014_1BL	0	16	1	2	2	0.352	
014_1BL	0	17	2	2	2	0.529	
014_1BL	0	18	1	1	1	0.396	
014_1BL	0	19	1	2	2	0.422	
014_1BL	0	20	1	1	1	0.376	
014_1BL	0	21	2	1	2	0.427	
014_1BL	0	22	1	2	2	0.478	
014_1BL	0	23	2	1	1	0.330	
014_1BL	0	24	2	2	2	0.494	
014_1BL	0	25	2	1	1	0.463	
014_1BL	0	26	2	2	2	0.489	
014_1BL	0	27	1	1	1	0.378	
014_1BL	0	28	2	2	2	0.498	
014_1BL	0	29	1	2	2	0.430	
014_1BL	0	30	2	2	2	0.536	
014_1BL	0	31	1	1	1	0.405	
014_1BL	0	32	1	1	1	0.358	
014_1BL	0	33	1	1	1	0.411	
014_1BL	0	34	2	2	2	0.494	
014_1BL	0	35	2	2	2	0.404	
014_1BL	0	36	2	1	1	0.433	
014_1BL	0	37	1	1	1	0.391	
014_1BL	0	38	2	2	2	0.513	
014_1BL	0	39	2	1	1	0.491	
014_1BL	0	40	1	2	2	0.391	
014_1BL	0	41	1	2	2	0.444	
014_1BL	0	42	1	2	2	0.370	
014_1BL	0	43	1	2	2	0.392	
014_1BL	0	44	1	2	2	0.368	
014_1BL	0	45	2	2	2	0.323	
014_1BL	0	46	1	1	1	0.373	
014_1BL	0	47	2	2	2	0.430	
014_1BL	0	48	2	2	2	0.443	
014_1BL	0	49	2	1	1	0.426	
014_1BL	0	50	1	1	1	0.385	
014_1BL	0	51	1	1	1	0.308	
014_1BL	0	52	1	1	1	0.306	
014_1BL	0	53	2	2	2	0.349	
014_1BL	0	54	2	2	2	0.377	
014_1BL	0	55	1	2	2	0.387	
014_1BL	1	0	1	1	1	0.386	
014_1BL	1	1	1	2	2	0.403	
014_1BL	1	2	1	2	2	0.405	
014_1BL	1	3	1	1	1	0.414	
014_1BL	1	4	1	1	1	0.381	
014_1BL	1	5	1	1	1	0.339	
014_1BL	1	6	1	2	2	0.355	
014_1BL	1	7	2	1	1	0.498	
014_1BL	1	8	1	2	2	0.382	
014_1BL	1	9	2	2	1	0.401	
014_1BL	1	10	1	1	1	0.504	
014_1BL	1	11	1	2	2	0.347	
014_1BL	1	12	2	2	2	0.360	
014_1BL	1	13	2	1	2	0.419	
014_1BL	1	14	1	1	1	0.435	
014_1BL	1	15	1	1	1	0.354	
014_1BL	1	16	2	1	1	0.464	
014_1BL	1	17	2	2	2	0.525	
014_1BL	1	18	2	2	2	0.494	
014_1BL	1	19	2	1	1	0.432	
014_1BL	1	20	1	2	2	0.441	
014_1BL	1	21	1	2	2	0.412	
014_1BL	1	22	1	2	2	0.363	
014_1BL	1	23	1	1	1	0.341	
014_1BL	1	24	1	1	1	0.328	
014_1BL	1	25	1	2	2	0.426	
014_1BL	1	26	2	2	1	0.433	
014_1BL	1	27	1	1	1	0.389	
014_1BL	1	28	2	1	1	0.530	
014_1BL	1	29	1	1	1	0.418	
014_1BL	1	30	2	2	2	0.526	
014_1BL	1	31	1	1	1	0.437	
014_1BL	1	32	1	2	2	0.431	
014_1BL	1	33	2	1	1	0.527	
014_1BL	1	34	1	2	2	0.421	
014_1BL	1	35	1	2	2	0.438	
014_1BL	1	36	2	2	1	0.350	
014_1BL	1	37	2	2	2	0.487	
014_1BL	1	38	2	2	2	0.429	
014_1BL	1	39	1	2	2	0.428	
014_1BL	1	40	2	1	1	0.465	
014_1BL	1	41	2	2	2	0.528	
014_1BL	1	42	2	1	1	0.485	
014_1BL	1	43	2	2	2	0.650	
014_1BL	1	44	2	1	1	0.530	
014_1BL	1	45	2	2	2	0.513	
014_1BL	1	46	2	1	1	0.427	
014_1BL	1	47	1	1	1	0.435	
014_1BL	1	48	1	1	1	0.396	
014_1BL	1	49	2	2	2	0.598	
014_1BL	1	50	2	1	1	0.429	
014_1BL	1	51	2	1	1	0.474	
014_1BL	1	52	1	2	2	0.453	
014_1BL	1	53	2	1	1	0.466	
014_1BL	1	54	2	1	1	0.498	
014_1BL	1	55	2	2	2	0.446	
014_1BL	2	0	1	1	1	0.440	
014_1BL	2	1	1	2	2	0.380	
014_1BL	2	2	1	1	1	0.375	
014_1BL	2	3	2	1	1	0.667	
014_1BL	2	4	1	2	2	0.445	
014_1BL	2	5	1	2	2	0.424	
014_1BL	2	6	1	1	1	0.364	
014_1BL	2	7	2	1	1	0.468	
014_1BL	2	8	2	1	1	0.472	
014_1BL	2	9	1	2	2	0.442	
014_1BL	2	10	2	1	1	0.318	
014_1BL	2	11	1	1	1	0.347	
014_1BL	2	12	1	1	1	0.367	
014_1BL	2	13	2	2	2	0.660	
014_1BL	2	14	1	2	2	0.412	
014_1BL	2	15	1	2	2	0.417	
014_1BL	2	16	1	1	1	0.381	
014_1BL	2	17	1	1	1	0.361	
014_1BL	2	18	1	2	2	0.432	
014_1BL	2	19	2	1	1	0.469	
014_1BL	2	20	2	1	1	0.377	
014_1BL	2	21	2	2	2	0.491	
014_1BL	2	22	2	2	2	0.485	
014_1BL	2	23	1	2	2	0.461	
014_1BL	2	24	2	1	1	0.426	
014_1BL	2	25	2	1	1	0.480	
014_1BL	2	26	2	1	1	0.576	
014_1BL	2	27	2	2	1	0.404	
014_1BL	2	28	1	1	1	0.385	
014_1BL	2	29	1	2	2	0.374	
014_1BL	2	30	1	1	1	0.442	
014_1BL	2	31	1	2	2	0.436	
014_1BL	2	32	1	1	1	0.432	
014_1BL	2	33	2	1	1	0.477	
014_1BL	2	34	1	2	2	0.432	
014_1BL	2	35	2	2	2	0.671	
014_1BL	2	36	2	2	2	0.603	
014_1BL	2	37	2	1	1	0.535	
014_1BL	2	38	1	1	1	0.422	
014_1BL	2	39	2	2	2	0.501	
014_1BL	2	40	2	2	2	0.520	
014_1BL	2	41	2	2	2	0.511	
014_1BL	2	42	1	2	2	0.390	
014_1BL	2	43	1	1	1	0.504	
014_1BL	2	44	2	2	2	0.589	
014_1BL	2	45	1	2	2	0.466	
014_1BL	2	46	2	2	2	0.486	
014_1BL	2	47	1	1	1	0.465	
014_1BL	2	48	2	1	1	0.597	
014_1BL	2	49	2	1	1	0.436	
014_1BL	2	50	1	1	1	0.329	
014_1BL	2	51	1	2	2	0.477	
014_1BL	2	52	2	2	2	0.471	
014_1BL	2	53	2	2	2	0.555	
014_1BL	2	54	2	1	1	0.486	
014_1BL	2	55	2	2	2	0.493	
014_1BL	3	0	1	1	1	0.414	
014_1BL	3	1	2	1	1	0.520	
014_1BL	3	2	2	2	2	0.454	
014_1BL	3	3	1	2	2	0.419	
014_1BL	3	4	1	2	2	0.396	
014_1BL	3	5	1	2	2	0.395	
014_1BL	3	6	1	1	1	0.387	
014_1BL	3	7	2	2	2	0.481	
014_1BL	3	8	1	2	2	0.447	
014_1BL	3	9	1	2	2	0.477	
014_1BL	3	10	2	2	2	0.642	
014_1BL	3	11	1	2	2	0.367	
014_1BL	3	12	1	1	1	0.423	
014_1BL	3	13	2	2	2	0.437	
014_1BL	3	14	2	2	2	0.495	
014_1BL	3	15	1	2	2	0.381	
014_1BL	3	16	2	1	1	0.337	
014_1BL	3	17	1	2	2	0.378	
014_1BL	3	18	2	1	1	0.623	
014_1BL	3	19	2	2	2	0.646	
014_1BL	3	20	2	1	1	0.458	
014_1BL	3	21	2	2	2	0.543	
014_1BL	3	22	1	1	1	0.341	
014_1BL	3	23	1	2	2	0.410	
014_1BL	3	24	1	2	2	0.459	
014_1BL	3	25	2	1	1	0.533	
014_1BL	3	26	1	1	1	0.373	
014_1BL	3	27	2	1	1	0.627	
014_1BL	3	28	1	1	1	0.393	
014_1BL	3	29	2	1	1	0.425	
014_1BL	3	30	2	2	2	0.468	
014_1BL	3	31	2	2	2	0.502	
014_1BL	3	32	2	2	2	0.501	
014_1BL	3	33	1	1	1	0.400	
014_1BL	3	34	2	2	2	0.587	
014_1BL	3	35	2	1	1	0.472	
014_1BL	3	36	1	2	2	0.394	
014_1BL	3	37	1	2	1	0.319	
014_1BL	3	38	2	2	2	0.486	
014_1BL	3	39	1	1	1	0.380	
014_1BL	3	40	2	1	2	0.480	
014_1BL	3	41	1	1	1	0.392	
014_1BL	3	42	2	1	1	0.413	
014_1BL	3	43	2	2	2	0.524	
014_1BL	3	44	1	2	2	0.432	
014_1BL	3	45	1	2	2	0.399	
014_1BL	3	46	1	1	1	0.405	
014_1BL	3	47	2	2	1	0.595	
014_1BL	3	48	1	1	1	0.414	
014_1BL	3	49	2	1	1	0.541	
014_1BL	3	50	1	1	1	0.409	
014_1BL	3	51	2	1	1	0.440	
014_1BL	3	52	2	1	1	0.523	
014_1BL	3	53	1	1	1	0.367	
014_1BL	3	54	1	1	1	0.341	
014_1BL	3	55	2	1	1	0.492	
