sub	block	trial	congr	stim	resp	RT	
004_5LB	0	0	1	1	1	0.587	
004_5LB	0	1	1	2	2	0.385	
004_5LB	0	2	2	1	1	0.465	
004_5LB	0	3	1	2	2	0.400	
004_5LB	0	4	2	2	2	0.559	
004_5LB	0	5	1	1	1	0.402	
004_5LB	0	6	2	2	2	0.480	
004_5LB	0	7	1	1	1	0.385	
004_5LB	0	8	2	1	2	0.374	
004_5LB	0	9	1	2	2	0.347	
004_5LB	0	10	1	2	2	0.370	
004_5LB	0	11	2	1	1	0.401	
004_5LB	0	12	2	1	2	0.343	
004_5LB	0	13	1	2	2	0.428	
004_5LB	0	14	1	1	1	0.348	
004_5LB	0	15	2	2	2	0.396	
004_5LB	0	16	1	1	1	0.395	
004_5LB	0	17	1	1	1	0.377	
004_5LB	0	18	2	2	2	0.361	
004_5LB	0	19	1	1	1	0.411	
004_5LB	0	20	1	2	2	0.385	
004_5LB	0	21	1	2	2	0.379	
004_5LB	0	22	1	1	1	0.375	
004_5LB	0	23	2	2	2	0.436	
004_5LB	0	24	1	1	1	0.384	
004_5LB	0	25	1	2	2	0.394	
004_5LB	0	26	2	2	2	0.406	
004_5LB	0	27	2	2	1	0.413	
004_5LB	0	28	1	2	2	0.378	
004_5LB	0	29	2	1	1	0.424	
004_5LB	0	30	2	1	1	0.476	
004_5LB	0	31	1	2	2	0.380	
004_5LB	0	32	2	2	2	0.467	
004_5LB	0	33	1	2	2	0.383	
004_5LB	0	34	2	2	2	0.451	
004_5LB	0	35	1	2	2	0.385	
004_5LB	0	36	2	1	1	0.444	
004_5LB	0	37	1	1	1	0.404	
004_5LB	0	38	2	1	1	0.440	
004_5LB	0	39	1	1	1	0.416	
004_5LB	0	40	2	2	2	0.372	
004_5LB	0	41	1	1	1	0.376	
004_5LB	0	42	1	1	1	0.391	
004_5LB	0	43	2	2	2	0.393	
004_5LB	0	44	2	1	1	0.431	
004_5LB	0	45	2	2	2	0.464	
004_5LB	0	46	2	2	2	0.403	
004_5LB	0	47	2	1	1	0.439	
004_5LB	0	48	2	2	2	0.414	
004_5LB	0	49	1	2	2	0.386	
004_5LB	0	50	1	2	2	0.364	
004_5LB	0	51	2	1	1	0.413	
004_5LB	0	52	2	1	1	0.471	
004_5LB	0	53	2	1	1	0.452	
004_5LB	0	54	1	1	1	0.371	
004_5LB	0	55	2	1	1	0.438	
004_5LB	1	0	2	1	2	0.437	
004_5LB	1	1	2	1	1	0.496	
004_5LB	1	2	2	2	2	0.462	
004_5LB	1	3	1	1	1	0.418	
004_5LB	1	4	1	2	2	0.411	
004_5LB	1	5	1	1	1	0.346	
004_5LB	1	6	1	2	2	0.387	
004_5LB	1	7	1	1	1	0.375	
004_5LB	1	8	2	1	1	0.400	
004_5LB	1	9	2	2	2	0.474	
004_5LB	1	10	1	2	2	0.381	
004_5LB	1	11	2	1	1	0.380	
004_5LB	1	12	1	2	2	0.421	
004_5LB	1	13	2	1	1	0.567	
004_5LB	1	14	1	1	1	0.408	
004_5LB	1	15	1	2	2	0.424	
004_5LB	1	16	1	1	1	0.438	
004_5LB	1	17	2	2	2	0.395	
004_5LB	1	18	1	2	2	0.413	
004_5LB	1	19	1	2	2	0.357	
004_5LB	1	20	2	1	2	0.374	
004_5LB	1	21	2	1	1	0.484	
004_5LB	1	22	1	1	1	0.408	
004_5LB	1	23	1	1	1	0.391	
004_5LB	1	24	2	2	2	0.457	
004_5LB	1	25	1	2	2	0.442	
004_5LB	1	26	2	2	2	0.409	
004_5LB	1	27	2	1	1	0.451	
004_5LB	1	28	2	2	2	0.446	
004_5LB	1	29	2	1	1	0.413	
004_5LB	1	30	2	2	2	0.488	
004_5LB	1	31	1	2	2	0.374	
004_5LB	1	32	1	2	2	0.386	
004_5LB	1	33	1	1	1	0.388	
004_5LB	1	34	2	1	1	0.385	
004_5LB	1	35	1	1	1	0.391	
004_5LB	1	36	2	2	2	0.435	
004_5LB	1	37	2	2	2	0.391	
004_5LB	1	38	2	2	2	0.364	
004_5LB	1	39	1	1	1	0.391	
004_5LB	1	40	1	1	1	0.382	
004_5LB	1	41	1	2	2	0.410	
004_5LB	1	42	2	2	1	0.406	
004_5LB	1	43	2	2	2	0.422	
004_5LB	1	44	1	1	1	0.449	
004_5LB	1	45	1	2	2	0.395	
004_5LB	1	46	1	1	1	0.375	
004_5LB	1	47	1	2	2	0.376	
004_5LB	1	48	2	2	2	0.501	
004_5LB	1	49	2	2	2	0.396	
004_5LB	1	50	2	1	1	0.455	
004_5LB	1	51	2	1	1	0.401	
004_5LB	1	52	2	1	1	0.486	
004_5LB	1	53	1	1	1	0.370	
004_5LB	1	54	1	2	2	0.467	
004_5LB	1	55	2	1	1	0.414	
004_5LB	2	0	1	1	1	0.702	
004_5LB	2	1	1	2	2	0.434	
004_5LB	2	2	1	1	1	0.403	
004_5LB	2	3	1	1	1	0.360	
004_5LB	2	4	2	1	1	0.434	
004_5LB	2	5	2	1	1	0.413	
004_5LB	2	6	2	1	1	0.417	
004_5LB	2	7	1	1	1	0.364	
004_5LB	2	8	2	2	2	0.497	
004_5LB	2	9	1	1	1	0.390	
004_5LB	2	10	2	1	1	0.496	
004_5LB	2	11	2	2	2	0.445	
004_5LB	2	12	2	1	1	0.428	
004_5LB	2	13	2	2	2	0.473	
004_5LB	2	14	1	2	2	0.406	
004_5LB	2	15	2	1	1	0.427	
004_5LB	2	16	1	2	2	0.426	
004_5LB	2	17	1	1	1	0.394	
004_5LB	2	18	1	2	2	0.387	
004_5LB	2	19	1	1	1	0.342	
004_5LB	2	20	2	1	1	0.403	
004_5LB	2	21	2	2	1	0.417	
004_5LB	2	22	1	1	1	0.415	
004_5LB	2	23	2	1	1	0.371	
004_5LB	2	24	2	1	1	0.485	
004_5LB	2	25	1	1	1	0.400	
004_5LB	2	26	1	1	1	0.494	
004_5LB	2	27	2	2	2	0.473	
004_5LB	2	28	2	2	2	0.510	
004_5LB	2	29	2	2	2	0.445	
004_5LB	2	30	2	2	2	0.511	
004_5LB	2	31	1	1	1	0.365	
004_5LB	2	32	1	2	2	0.431	
004_5LB	2	33	2	1	1	0.418	
004_5LB	2	34	1	2	2	0.389	
004_5LB	2	35	1	2	2	0.350	
004_5LB	2	36	2	1	2	0.393	
004_5LB	2	37	2	2	2	0.462	
004_5LB	2	38	1	2	2	0.382	
004_5LB	2	39	1	2	2	0.452	
004_5LB	2	40	1	1	1	0.395	
004_5LB	2	41	1	2	2	0.401	
004_5LB	2	42	2	2	2	0.468	
004_5LB	2	43	2	2	2	0.414	
004_5LB	2	44	2	2	2	0.452	
004_5LB	2	45	2	1	1	0.448	
004_5LB	2	46	1	1	1	0.370	
004_5LB	2	47	1	2	2	0.377	
004_5LB	2	48	2	2	2	0.432	
004_5LB	2	49	1	2	2	0.384	
004_5LB	2	50	2	2	2	0.352	
004_5LB	2	51	2	1	2	0.388	
004_5LB	2	52	1	2	2	0.382	
004_5LB	2	53	2	1	1	0.430	
004_5LB	2	54	1	1	1	0.338	
004_5LB	2	55	1	2	2	0.402	
004_5LB	3	0	2	1	1	0.468	
004_5LB	3	1	1	1	1	0.394	
004_5LB	3	2	1	1	1	0.351	
004_5LB	3	3	2	1	1	0.446	
004_5LB	3	4	2	1	1	0.384	
004_5LB	3	5	1	2	2	0.368	
004_5LB	3	6	1	2	2	0.391	
004_5LB	3	7	1	1	1	0.355	
004_5LB	3	8	2	1	1	0.452	
004_5LB	3	9	1	2	2	0.365	
004_5LB	3	10	2	2	2	0.435	
004_5LB	3	11	2	2	2	0.441	
004_5LB	3	12	2	2	1	0.360	
004_5LB	3	13	2	1	1	0.447	
004_5LB	3	14	1	2	2	0.403	
004_5LB	3	15	1	1	1	0.386	
004_5LB	3	16	2	2	2	0.444	
004_5LB	3	17	2	2	2	0.419	
004_5LB	3	18	1	2	2	0.376	
004_5LB	3	19	2	2	2	0.405	
004_5LB	3	20	2	2	2	0.398	
004_5LB	3	21	1	1	1	0.374	
004_5LB	3	22	1	1	1	0.401	
004_5LB	3	23	2	1	1	0.449	
004_5LB	3	24	1	2	2	0.412	
004_5LB	3	25	2	2	2	0.499	
004_5LB	3	26	2	2	2	0.406	
004_5LB	3	27	1	2	2	0.420	
004_5LB	3	28	1	1	1	0.407	
004_5LB	3	29	2	2	2	0.443	
004_5LB	3	30	2	2	2	0.447	
004_5LB	3	31	2	1	1	0.457	
004_5LB	3	32	2	1	1	0.495	
004_5LB	3	33	1	2	2	0.342	
004_5LB	3	34	1	1	1	0.358	
004_5LB	3	35	2	1	1	0.465	
004_5LB	3	36	2	1	1	0.427	
004_5LB	3	37	1	1	1	0.411	
004_5LB	3	38	1	2	2	0.412	
004_5LB	3	39	1	2	2	0.386	
004_5LB	3	40	1	2	2	0.405	
004_5LB	3	41	2	1	1	0.391	
004_5LB	3	42	2	1	1	0.467	
004_5LB	3	43	1	2	2	0.413	
004_5LB	3	44	2	2	2	0.447	
004_5LB	3	45	2	1	1	0.496	
004_5LB	3	46	1	2	2	0.492	
004_5LB	3	47	2	2	2	0.436	
004_5LB	3	48	2	2	2	0.383	
004_5LB	3	49	1	1	1	0.370	
004_5LB	3	50	1	1	1	0.364	
004_5LB	3	51	1	1	1	0.382	
004_5LB	3	52	2	1	1	0.477	
004_5LB	3	53	1	1	1	0.355	
004_5LB	3	54	1	2	2	0.420	
004_5LB	3	55	1	1	1	0.405	
