sub	block	trial	congr	stim	resp	RT	
002_2MN	0	0	2	1	1	0.758	
002_2MN	0	1	2	1	1	0.508	
002_2MN	0	2	2	2	2	0.403	
002_2MN	0	3	1	2	2	0.396	
002_2MN	0	4	2	2	1	0.297	
002_2MN	0	5	2	2	2	0.357	
002_2MN	0	6	2	2	2	0.546	
002_2MN	0	7	2	1	1	0.452	
002_2MN	0	8	1	2	2	0.363	
002_2MN	0	9	1	2	2	0.458	
002_2MN	0	10	2	2	2	0.484	
002_2MN	0	11	1	1	1	0.367	
002_2MN	0	12	1	2	2	0.341	
002_2MN	0	13	1	2	2	0.390	
002_2MN	0	14	2	2	2	0.468	
002_2MN	0	15	1	2	2	0.279	
002_2MN	0	16	2	1	2	0.303	
002_2MN	0	17	2	2	2	0.298	
002_2MN	0	18	1	2	2	0.351	
002_2MN	0	19	1	2	2	0.361	
002_2MN	0	20	1	1	1	0.459	
002_2MN	0	21	1	1	2	0.323	
002_2MN	0	22	2	2	2	0.411	
002_2MN	0	23	2	2	2	0.498	
002_2MN	0	24	2	1	1	0.469	
002_2MN	0	25	1	2	2	0.316	
002_2MN	0	26	1	2	2	0.303	
002_2MN	0	27	2	1	1	0.360	
002_2MN	0	28	1	1	1	0.393	
002_2MN	0	29	1	1	1	0.297	
002_2MN	0	30	2	2	2	0.331	
002_2MN	0	31	1	1	1	0.385	
002_2MN	0	32	1	1	1	0.344	
002_2MN	0	33	2	1	1	0.472	
002_2MN	0	34	2	1	2	0.322	
002_2MN	0	35	1	1	1	0.375	
002_2MN	0	36	2	1	1	0.464	
002_2MN	0	37	2	1	1	0.458	
002_2MN	0	38	2	2	2	0.358	
002_2MN	0	39	1	2	2	0.346	
002_2MN	0	40	2	1	2	0.385	
002_2MN	0	41	2	1	1	0.455	
002_2MN	0	42	2	1	1	0.418	
002_2MN	0	43	1	1	1	0.481	
002_2MN	0	44	1	1	1	0.360	
002_2MN	0	45	2	2	2	0.520	
002_2MN	0	46	2	2	2	0.463	
002_2MN	0	47	2	2	2	0.358	
002_2MN	0	48	1	1	1	0.423	
002_2MN	0	49	1	2	2	0.375	
002_2MN	0	50	1	1	1	0.303	
002_2MN	0	51	1	1	1	0.375	
002_2MN	0	52	2	1	1	0.382	
002_2MN	0	53	1	2	2	0.345	
002_2MN	0	54	1	1	1	0.408	
002_2MN	0	55	1	2	2	0.366	
002_2MN	1	0	1	2	2	0.354	
002_2MN	1	1	2	2	2	0.365	
002_2MN	1	2	1	2	2	0.344	
002_2MN	1	3	2	1	1	0.486	
002_2MN	1	4	1	2	2	0.406	
002_2MN	1	5	2	1	1	0.472	
002_2MN	1	6	1	1	1	0.487	
002_2MN	1	7	2	2	2	0.384	
002_2MN	1	8	2	1	1	0.416	
002_2MN	1	9	2	1	1	0.428	
002_2MN	1	10	2	2	2	0.356	
002_2MN	1	11	1	1	1	0.359	
002_2MN	1	12	1	1	1	0.414	
002_2MN	1	13	1	1	1	0.338	
002_2MN	1	14	1	2	2	0.374	
002_2MN	1	15	2	2	2	0.476	
002_2MN	1	16	2	1	1	0.407	
002_2MN	1	17	2	2	2	0.336	
002_2MN	1	18	1	2	2	0.369	
002_2MN	1	19	2	1	1	0.472	
002_2MN	1	20	2	2	2	0.357	
002_2MN	1	21	1	2	2	0.302	
002_2MN	1	22	2	2	2	0.534	
002_2MN	1	23	2	1	1	0.413	
002_2MN	1	24	1	1	1	0.371	
002_2MN	1	25	2	2	2	0.451	
002_2MN	1	26	1	2	2	0.320	
002_2MN	1	27	1	2	2	0.378	
002_2MN	1	28	2	1	1	0.473	
002_2MN	1	29	2	1	1	0.459	
002_2MN	1	30	2	2	2	0.468	
002_2MN	1	31	1	2	2	0.361	
002_2MN	1	32	2	2	2	0.426	
002_2MN	1	33	1	1	1	0.398	
002_2MN	1	34	2	1	1	0.457	
002_2MN	1	35	1	1	1	0.408	
002_2MN	1	36	1	2	2	0.377	
002_2MN	1	37	2	1	1	0.454	
002_2MN	1	38	2	2	2	0.453	
002_2MN	1	39	1	1	1	0.316	
002_2MN	1	40	2	2	2	0.353	
002_2MN	1	41	2	2	2	0.450	
002_2MN	1	42	1	2	2	0.328	
002_2MN	1	43	1	1	1	0.417	
002_2MN	1	44	2	1	1	0.483	
002_2MN	1	45	1	2	2	0.359	
002_2MN	1	46	2	2	2	0.421	
002_2MN	1	47	1	2	2	0.363	
002_2MN	1	48	1	1	1	0.388	
002_2MN	1	49	1	1	1	0.345	
002_2MN	1	50	2	1	1	0.557	
002_2MN	1	51	1	2	2	0.346	
002_2MN	1	52	1	1	1	0.335	
002_2MN	1	53	2	1	1	0.366	
002_2MN	1	54	1	1	1	0.339	
002_2MN	1	55	1	1	1	0.439	
002_2MN	2	0	1	1	1	0.362	
002_2MN	2	1	1	1	1	0.350	
002_2MN	2	2	1	1	1	0.345	
002_2MN	2	3	2	1	1	0.515	
002_2MN	2	4	2	1	1	0.442	
002_2MN	2	5	1	2	2	0.368	
002_2MN	2	6	2	2	2	0.452	
002_2MN	2	7	1	2	2	0.423	
002_2MN	2	8	2	1	1	0.385	
002_2MN	2	9	2	2	2	0.537	
002_2MN	2	10	2	2	1	0.385	
002_2MN	2	11	1	2	2	0.427	
002_2MN	2	12	1	2	2	0.381	
002_2MN	2	13	1	1	1	0.441	
002_2MN	2	14	2	1	1	0.461	
002_2MN	2	15	1	1	1	0.363	
002_2MN	2	16	2	2	2	0.569	
002_2MN	2	17	2	1	1	0.381	
002_2MN	2	18	1	2	2	0.422	
002_2MN	2	19	2	2	2	0.494	
002_2MN	2	20	1	1	1	0.638	
002_2MN	2	21	1	2	2	0.371	
002_2MN	2	22	2	2	2	0.449	
002_2MN	2	23	2	2	2	0.478	
002_2MN	2	24	2	1	1	0.475	
002_2MN	2	25	2	2	2	0.398	
002_2MN	2	26	1	1	1	0.353	
002_2MN	2	27	1	2	2	0.311	
002_2MN	2	28	1	2	2	0.303	
002_2MN	2	29	1	2	2	0.305	
002_2MN	2	30	2	2	2	0.286	
002_2MN	2	31	1	2	2	0.318	
002_2MN	2	32	2	2	2	0.450	
002_2MN	2	33	1	2	2	0.306	
002_2MN	2	34	1	1	1	0.447	
002_2MN	2	35	2	1	1	0.423	
002_2MN	2	36	2	2	2	0.438	
002_2MN	2	37	1	1	1	0.364	
002_2MN	2	38	1	2	2	0.326	
002_2MN	2	39	2	1	1	0.486	
002_2MN	2	40	1	1	1	0.331	
002_2MN	2	41	1	2	2	0.346	
002_2MN	2	42	2	1	1	0.422	
002_2MN	2	43	2	2	2	0.473	
002_2MN	2	44	2	1	1	0.403	
002_2MN	2	45	2	1	1	0.354	
002_2MN	2	46	1	1	1	0.430	
002_2MN	2	47	1	1	1	0.340	
002_2MN	2	48	2	1	1	0.478	
002_2MN	2	49	2	1	1	0.426	
002_2MN	2	50	2	2	2	0.419	
002_2MN	2	51	1	1	1	0.377	
002_2MN	2	52	1	1	1	0.295	
002_2MN	2	53	1	2	2	0.496	
002_2MN	2	54	2	2	2	0.463	
002_2MN	2	55	2	1	1	0.468	
002_2MN	3	0	1	2	2	0.384	
002_2MN	3	1	2	2	2	0.605	
002_2MN	3	2	1	2	2	0.304	
002_2MN	3	3	2	2	2	0.351	
002_2MN	3	4	2	1	1	0.463	
002_2MN	3	5	1	1	1	0.411	
002_2MN	3	6	1	1	1	0.371	
002_2MN	3	7	1	2	2	0.358	
002_2MN	3	8	2	1	1	0.521	
002_2MN	3	9	2	2	2	0.414	
002_2MN	3	10	2	1	1	0.379	
002_2MN	3	11	1	1	1	0.319	
002_2MN	3	12	2	1	1	0.500	
002_2MN	3	13	1	2	2	0.396	
002_2MN	3	14	1	1	1	0.314	
002_2MN	3	15	2	2	2	0.437	
002_2MN	3	16	2	2	1	0.307	
002_2MN	3	17	1	2	2	0.416	
002_2MN	3	18	1	2	2	0.336	
002_2MN	3	19	2	2	2	0.489	
002_2MN	3	20	2	2	2	0.475	
002_2MN	3	21	1	1	1	0.376	
002_2MN	3	22	2	2	2	0.396	
002_2MN	3	23	2	1	1	0.441	
002_2MN	3	24	1	2	2	0.381	
002_2MN	3	25	2	1	1	0.366	
002_2MN	3	26	1	2	2	0.366	
002_2MN	3	27	1	2	2	0.420	
002_2MN	3	28	1	2	2	0.351	
002_2MN	3	29	2	1	1	0.455	
002_2MN	3	30	1	2	2	0.363	
002_2MN	3	31	1	1	1	0.396	
002_2MN	3	32	2	2	2	0.480	
002_2MN	3	33	2	1	1	0.399	
002_2MN	3	34	1	1	1	0.333	
002_2MN	3	35	1	1	1	0.319	
002_2MN	3	36	1	1	1	0.332	
002_2MN	3	37	1	1	1	0.350	
002_2MN	3	38	1	2	1	0.355	
002_2MN	3	39	2	2	2	0.435	
002_2MN	3	40	2	1	1	0.469	
002_2MN	3	41	2	1	1	0.484	
002_2MN	3	42	2	2	2	0.506	
002_2MN	3	43	2	1	1	0.425	
002_2MN	3	44	2	2	2	0.362	
002_2MN	3	45	2	2	2	0.511	
002_2MN	3	46	1	1	1	0.387	
002_2MN	3	47	2	1	1	0.473	
002_2MN	3	48	1	2	2	0.493	
002_2MN	3	49	2	1	1	0.396	
002_2MN	3	50	1	2	2	0.385	
002_2MN	3	51	1	1	1	0.377	
002_2MN	3	52	1	1	1	0.358	
002_2MN	3	53	2	1	1	0.585	
002_2MN	3	54	2	2	2	0.394	
002_2MN	3	55	1	1	1	0.354	
