sub	block	trial	congr	stim	resp	RT	
010_6GS	0	0	2	2	2	0.531	
010_6GS	0	1	2	1	1	0.450	
010_6GS	0	2	1	1	1	0.435	
010_6GS	0	3	2	1	1	0.441	
010_6GS	0	4	2	1	1	0.397	
010_6GS	0	5	2	2	2	0.422	
010_6GS	0	6	1	2	2	0.428	
010_6GS	0	7	1	2	2	0.374	
010_6GS	0	8	1	2	2	0.385	
010_6GS	0	9	2	2	2	0.420	
010_6GS	0	10	1	2	2	0.395	
010_6GS	0	11	2	1	1	0.566	
010_6GS	0	12	2	1	1	0.430	
010_6GS	0	13	2	1	1	0.437	
010_6GS	0	14	2	1	1	0.473	
010_6GS	0	15	2	2	2	0.431	
010_6GS	0	16	1	1	1	0.399	
010_6GS	0	17	1	2	2	0.419	
010_6GS	0	18	1	2	2	0.429	
010_6GS	0	19	2	2	2	0.463	
010_6GS	0	20	1	2	2	0.402	
010_6GS	0	21	1	1	1	0.402	
010_6GS	0	22	2	2	2	0.428	
010_6GS	0	23	2	1	2	0.392	
010_6GS	0	24	1	2	2	0.373	
010_6GS	0	25	2	1	1	0.496	
010_6GS	0	26	2	1	1	0.401	
010_6GS	0	27	1	2	2	0.443	
010_6GS	0	28	2	2	2	0.446	
010_6GS	0	29	1	1	1	0.355	
010_6GS	0	30	1	1	1	0.428	
010_6GS	0	31	1	1	1	0.447	
010_6GS	0	32	1	1	1	0.406	
010_6GS	0	33	1	2	2	0.407	
010_6GS	0	34	1	2	2	0.318	
010_6GS	0	35	1	2	2	0.352	
010_6GS	0	36	2	1	1	0.480	
010_6GS	0	37	1	1	1	0.384	
010_6GS	0	38	1	1	1	0.429	
010_6GS	0	39	1	1	1	0.344	
010_6GS	0	40	1	1	1	0.414	
010_6GS	0	41	2	2	2	0.456	
010_6GS	0	42	2	1	1	0.334	
010_6GS	0	43	2	2	2	0.432	
010_6GS	0	44	1	1	1	0.383	
010_6GS	0	45	1	2	2	0.303	
010_6GS	0	46	2	2	2	0.479	
010_6GS	0	47	2	2	2	0.446	
010_6GS	0	48	1	2	2	0.436	
010_6GS	0	49	2	1	1	0.550	
010_6GS	0	50	2	2	2	0.465	
010_6GS	0	51	2	2	2	0.455	
010_6GS	0	52	2	2	2	0.456	
010_6GS	0	53	1	1	1	0.369	
010_6GS	0	54	1	1	1	0.365	
010_6GS	0	55	2	1	1	0.453	
010_6GS	1	0	1	2	2	0.444	
010_6GS	1	1	2	2	2	0.418	
010_6GS	1	2	1	2	2	0.365	
010_6GS	1	3	2	2	2	0.414	
010_6GS	1	4	1	1	1	0.323	
010_6GS	1	5	1	2	2	0.346	
010_6GS	1	6	2	1	1	0.440	
010_6GS	1	7	1	1	1	0.403	
010_6GS	1	8	1	2	2	0.368	
010_6GS	1	9	1	2	2	0.396	
010_6GS	1	10	1	1	1	0.343	
010_6GS	1	11	2	1	1	0.470	
010_6GS	1	12	2	1	1	0.481	
010_6GS	1	13	1	2	2	0.336	
010_6GS	1	14	1	2	2	0.417	
010_6GS	1	15	1	2	2	0.422	
010_6GS	1	16	1	1	1	0.394	
010_6GS	1	17	2	1	1	0.389	
010_6GS	1	18	2	2	2	0.511	
010_6GS	1	19	2	1	1	0.528	
010_6GS	1	20	2	2	2	0.528	
010_6GS	1	21	2	1	1	0.426	
010_6GS	1	22	2	2	2	0.465	
010_6GS	1	23	2	2	2	0.431	
010_6GS	1	24	2	2	2	0.423	
010_6GS	1	25	2	1	1	0.371	
010_6GS	1	26	1	1	1	0.357	
010_6GS	1	27	2	1	1	0.575	
010_6GS	1	28	1	1	1	0.407	
010_6GS	1	29	1	1	1	0.354	
010_6GS	1	30	1	1	1	0.489	
010_6GS	1	31	1	2	2	0.404	
010_6GS	1	32	2	1	1	0.453	
010_6GS	1	33	2	1	1	0.431	
010_6GS	1	34	1	1	1	0.360	
010_6GS	1	35	2	2	2	0.445	
010_6GS	1	36	1	1	1	0.369	
010_6GS	1	37	1	2	2	0.377	
010_6GS	1	38	2	2	2	0.467	
010_6GS	1	39	2	2	2	0.434	
010_6GS	1	40	2	2	2	0.392	
010_6GS	1	41	1	1	1	0.445	
010_6GS	1	42	2	1	1	0.463	
010_6GS	1	43	1	2	2	0.429	
010_6GS	1	44	2	1	1	0.447	
010_6GS	1	45	1	1	1	0.384	
010_6GS	1	46	2	2	2	0.524	
010_6GS	1	47	1	1	1	0.382	
010_6GS	1	48	1	1	1	0.543	
010_6GS	1	49	2	2	2	0.502	
010_6GS	1	50	1	2	2	0.397	
010_6GS	1	51	2	1	1	0.439	
010_6GS	1	52	1	2	2	0.573	
010_6GS	1	53	2	2	2	0.459	
010_6GS	1	54	2	1	1	0.375	
010_6GS	1	55	1	2	2	0.333	
010_6GS	2	0	2	2	2	0.432	
010_6GS	2	1	1	1	1	0.385	
010_6GS	2	2	2	2	2	0.412	
010_6GS	2	3	1	1	1	0.333	
010_6GS	2	4	2	1	1	0.433	
010_6GS	2	5	2	2	2	0.343	
010_6GS	2	6	1	2	2	0.433	
010_6GS	2	7	2	1	1	0.431	
010_6GS	2	8	1	1	1	0.343	
010_6GS	2	9	2	1	1	0.401	
010_6GS	2	10	1	1	1	0.403	
010_6GS	2	11	2	1	1	0.443	
010_6GS	2	12	2	2	2	0.480	
010_6GS	2	13	2	1	1	0.520	
010_6GS	2	14	1	1	1	0.429	
010_6GS	2	15	2	1	1	0.429	
010_6GS	2	16	1	1	1	0.365	
010_6GS	2	17	2	2	2	0.516	
010_6GS	2	18	1	2	2	0.406	
010_6GS	2	19	1	1	1	0.354	
010_6GS	2	20	2	1	1	0.445	
010_6GS	2	21	1	1	1	0.403	
010_6GS	2	22	2	2	2	0.420	
010_6GS	2	23	1	2	2	0.357	
010_6GS	2	24	1	2	2	0.386	
010_6GS	2	25	2	2	2	0.466	
010_6GS	2	26	1	2	2	0.389	
010_6GS	2	27	2	1	1	0.443	
010_6GS	2	28	2	1	1	0.430	
010_6GS	2	29	2	1	1	0.459	
010_6GS	2	30	1	2	2	0.382	
010_6GS	2	31	2	2	2	0.440	
010_6GS	2	32	1	2	2	0.342	
010_6GS	2	33	1	2	2	0.409	
010_6GS	2	34	2	2	2	0.386	
010_6GS	2	35	2	2	2	0.406	
010_6GS	2	36	1	2	2	0.354	
010_6GS	2	37	2	2	2	0.485	
010_6GS	2	38	2	2	2	0.420	
010_6GS	2	39	2	1	1	0.442	
010_6GS	2	40	2	1	1	0.456	
010_6GS	2	41	1	2	2	0.547	
010_6GS	2	42	1	1	1	0.425	
010_6GS	2	43	1	2	2	0.427	
010_6GS	2	44	1	2	2	0.414	
010_6GS	2	45	1	2	2	0.381	
010_6GS	2	46	1	1	1	0.425	
010_6GS	2	47	1	1	1	0.362	
010_6GS	2	48	2	2	2	0.558	
010_6GS	2	49	1	1	1	0.352	
010_6GS	2	50	2	1	1	0.486	
010_6GS	2	51	1	1	1	0.342	
010_6GS	2	52	1	1	1	0.418	
010_6GS	2	53	2	2	2	0.440	
010_6GS	2	54	1	2	2	0.381	
010_6GS	2	55	2	1	1	0.562	
010_6GS	3	0	1	1	1	0.435	
010_6GS	3	1	1	1	1	0.367	
010_6GS	3	2	1	2	2	0.399	
010_6GS	3	3	2	1	1	0.444	
010_6GS	3	4	2	2	2	0.438	
010_6GS	3	5	2	2	2	0.412	
010_6GS	3	6	1	1	1	0.350	
010_6GS	3	7	1	2	2	0.306	
010_6GS	3	8	1	2	2	0.363	
010_6GS	3	9	2	1	1	0.391	
010_6GS	3	10	2	1	1	0.474	
010_6GS	3	11	2	1	1	0.409	
010_6GS	3	12	2	2	2	0.365	
010_6GS	3	13	2	2	2	0.336	
010_6GS	3	14	2	1	1	0.421	
010_6GS	3	15	1	2	2	0.407	
010_6GS	3	16	1	1	1	0.348	
010_6GS	3	17	2	1	1	0.528	
010_6GS	3	18	2	1	1	0.470	
010_6GS	3	19	2	1	1	0.441	
010_6GS	3	20	2	2	2	0.547	
010_6GS	3	21	1	1	1	0.423	
010_6GS	3	22	2	2	2	0.484	
010_6GS	3	23	2	2	2	0.553	
010_6GS	3	24	1	1	1	0.416	
010_6GS	3	25	2	2	2	0.476	
010_6GS	3	26	1	1	1	0.354	
010_6GS	3	27	1	2	2	0.414	
010_6GS	3	28	1	1	1	0.338	
010_6GS	3	29	1	1	1	0.522	
010_6GS	3	30	2	2	2	0.473	
010_6GS	3	31	1	1	1	0.388	
010_6GS	3	32	2	1	1	0.455	
010_6GS	3	33	2	2	2	0.520	
010_6GS	3	34	1	2	2	0.388	
010_6GS	3	35	2	1	1	0.452	
010_6GS	3	36	2	1	1	0.438	
010_6GS	3	37	2	1	1	0.414	
010_6GS	3	38	2	1	1	0.440	
010_6GS	3	39	1	2	2	0.480	
010_6GS	3	40	2	2	2	0.421	
010_6GS	3	41	1	1	1	0.346	
010_6GS	3	42	2	2	2	0.428	
010_6GS	3	43	1	2	2	0.441	
010_6GS	3	44	1	2	2	0.352	
010_6GS	3	45	1	1	1	0.573	
010_6GS	3	46	1	2	2	0.417	
010_6GS	3	47	1	1	1	0.354	
010_6GS	3	48	2	2	2	0.414	
010_6GS	3	49	1	2	2	0.433	
010_6GS	3	50	2	1	1	0.331	
010_6GS	3	51	1	2	2	0.435	
010_6GS	3	52	1	2	2	0.370	
010_6GS	3	53	2	2	2	0.515	
010_6GS	3	54	1	2	2	0.385	
010_6GS	3	55	1	1	1	0.417	
