sub	block	trial	congr	stim	resp	RT	
003_6gs	0	0	1	1	1	0.475	
003_6gs	0	1	1	2	2	0.401	
003_6gs	0	2	1	2	2	0.395	
003_6gs	0	3	1	2	2	0.328	
003_6gs	0	4	1	1	1	0.389	
003_6gs	0	5	2	2	2	0.402	
003_6gs	0	6	2	1	1	0.512	
003_6gs	0	7	1	1	1	0.348	
003_6gs	0	8	2	2	2	0.457	
003_6gs	0	9	1	1	1	0.353	
003_6gs	0	10	1	1	1	0.406	
003_6gs	0	11	2	2	2	0.428	
003_6gs	0	12	2	2	1	0.403	
003_6gs	0	13	1	1	1	0.396	
003_6gs	0	14	1	1	1	0.370	
003_6gs	0	15	1	1	1	0.348	
003_6gs	0	16	2	2	1	0.324	
003_6gs	0	17	2	2	2	0.502	
003_6gs	0	18	1	1	1	0.459	
003_6gs	0	19	1	2	2	0.360	
003_6gs	0	20	2	1	1	0.504	
003_6gs	0	21	1	2	2	0.412	
003_6gs	0	22	1	2	2	0.407	
003_6gs	0	23	1	1	1	0.422	
003_6gs	0	24	1	2	2	0.419	
003_6gs	0	25	2	1	1	0.475	
003_6gs	0	26	1	2	2	0.409	
003_6gs	0	27	1	2	2	0.427	
003_6gs	0	28	2	1	1	0.475	
003_6gs	0	29	1	2	2	0.377	
003_6gs	0	30	2	2	1	0.419	
003_6gs	0	31	1	2	2	0.397	
003_6gs	0	32	2	1	1	0.506	
003_6gs	0	33	2	2	2	0.721	
003_6gs	0	34	2	2	2	0.496	
003_6gs	0	35	1	1	1	0.421	
003_6gs	0	36	2	2	2	0.637	
003_6gs	0	37	1	1	1	0.432	
003_6gs	0	38	2	2	2	0.733	
003_6gs	0	39	2	1	1	0.580	
003_6gs	0	40	1	1	1	0.365	
003_6gs	0	41	1	1	1	0.398	
003_6gs	0	42	2	1	1	0.452	
003_6gs	0	43	2	1	1	0.384	
003_6gs	0	44	2	1	1	0.354	
003_6gs	0	45	2	1	1	0.521	
003_6gs	0	46	2	1	1	0.409	
003_6gs	0	47	2	2	2	0.513	
003_6gs	0	48	2	2	2	0.538	
003_6gs	0	49	2	1	1	0.519	
003_6gs	0	50	2	1	1	0.429	
003_6gs	0	51	1	2	2	0.437	
003_6gs	0	52	2	1	1	0.458	
003_6gs	0	53	1	2	2	0.544	
003_6gs	0	54	2	2	2	0.489	
003_6gs	0	55	1	2	2	0.373	
003_6gs	1	0	2	2	2	0.457	
003_6gs	1	1	2	1	1	0.479	
003_6gs	1	2	1	2	2	0.393	
003_6gs	1	3	1	2	2	0.431	
003_6gs	1	4	1	1	1	0.385	
003_6gs	1	5	1	2	2	0.398	
003_6gs	1	6	2	2	2	0.476	
003_6gs	1	7	1	2	2	0.409	
003_6gs	1	8	2	2	2	0.375	
003_6gs	1	9	1	1	1	0.416	
003_6gs	1	10	2	1	1	0.464	
003_6gs	1	11	2	1	1	0.386	
003_6gs	1	12	1	2	2	0.387	
003_6gs	1	13	2	1	1	0.528	
003_6gs	1	14	1	1	1	0.351	
003_6gs	1	15	1	2	2	0.632	
003_6gs	1	16	1	1	1	0.361	
003_6gs	1	17	2	1	1	0.355	
003_6gs	1	18	2	2	2	0.405	
003_6gs	1	19	2	1	1	0.421	
003_6gs	1	20	2	1	1	0.438	
003_6gs	1	21	2	2	2	0.447	
003_6gs	1	22	1	2	2	0.389	
003_6gs	1	23	1	1	1	0.371	
003_6gs	1	24	1	1	1	0.362	
003_6gs	1	25	1	2	2	0.404	
003_6gs	1	26	2	2	2	0.447	
003_6gs	1	27	1	1	1	0.373	
003_6gs	1	28	2	1	1	0.420	
003_6gs	1	29	1	1	1	0.329	
003_6gs	1	30	1	2	2	0.378	
003_6gs	1	31	1	2	2	0.331	
003_6gs	1	32	2	2	2	0.420	
003_6gs	1	33	2	2	2	0.502	
003_6gs	1	34	1	1	1	0.454	
003_6gs	1	35	1	1	1	0.367	
003_6gs	1	36	2	2	2	0.463	
003_6gs	1	37	2	2	2	0.434	
003_6gs	1	38	1	2	2	0.365	
003_6gs	1	39	2	2	2	0.417	
003_6gs	1	40	2	1	1	0.541	
003_6gs	1	41	2	2	1	0.387	
003_6gs	1	42	1	1	1	0.497	
003_6gs	1	43	1	1	1	0.411	
003_6gs	1	44	1	1	1	0.565	
003_6gs	1	45	2	1	1	0.496	
003_6gs	1	46	1	2	2	0.675	
003_6gs	1	47	2	2	2	0.496	
003_6gs	1	48	2	1	1	0.510	
003_6gs	1	49	1	2	2	0.498	
003_6gs	1	50	2	1	1	0.451	
003_6gs	1	51	1	2	2	0.444	
003_6gs	1	52	2	2	2	0.482	
003_6gs	1	53	2	1	1	0.434	
003_6gs	1	54	2	1	1	0.457	
003_6gs	1	55	1	1	1	0.393	
003_6gs	2	0	2	2	2	0.553	
003_6gs	2	1	2	1	1	0.478	
003_6gs	2	2	1	2	2	0.389	
003_6gs	2	3	2	1	1	0.456	
003_6gs	2	4	1	2	2	0.384	
003_6gs	2	5	1	1	1	0.408	
003_6gs	2	6	1	2	2	0.385	
003_6gs	2	7	1	1	1	0.380	
003_6gs	2	8	2	2	2	0.450	
003_6gs	2	9	2	1	1	0.539	
003_6gs	2	10	1	2	2	0.340	
003_6gs	2	11	2	1	1	0.473	
003_6gs	2	12	1	1	1	0.332	
003_6gs	2	13	2	1	1	0.381	
003_6gs	2	14	2	2	2	0.406	
003_6gs	2	15	1	1	1	0.376	
003_6gs	2	16	1	1	1	0.338	
003_6gs	2	17	2	2	2	0.440	
003_6gs	2	18	1	1	1	0.381	
003_6gs	2	19	1	1	1	0.368	
003_6gs	2	20	2	1	1	0.361	
003_6gs	2	21	1	2	2	0.399	
003_6gs	2	22	2	1	2	0.333	
003_6gs	2	23	1	1	1	0.430	
003_6gs	2	24	1	1	1	0.389	
003_6gs	2	25	2	1	1	0.379	
003_6gs	2	26	1	2	2	0.401	
003_6gs	2	27	1	2	2	0.348	
003_6gs	2	28	1	2	2	0.349	
003_6gs	2	29	2	2	2	0.447	
003_6gs	2	30	2	2	2	0.479	
003_6gs	2	31	1	2	2	0.392	
003_6gs	2	32	2	2	2	0.488	
003_6gs	2	33	2	2	2	0.438	
003_6gs	2	34	2	1	1	0.415	
003_6gs	2	35	2	2	2	0.416	
003_6gs	2	36	2	1	1	0.403	
003_6gs	2	37	1	1	1	0.380	
003_6gs	2	38	1	1	1	0.394	
003_6gs	2	39	2	1	1	0.408	
003_6gs	2	40	2	1	1	0.386	
003_6gs	2	41	2	2	1	0.382	
003_6gs	2	42	2	1	1	0.445	
003_6gs	2	43	1	2	2	0.460	
003_6gs	2	44	2	2	2	0.368	
003_6gs	2	45	2	2	2	0.426	
003_6gs	2	46	1	2	2	0.396	
003_6gs	2	47	1	1	1	0.382	
003_6gs	2	48	1	2	2	0.427	
003_6gs	2	49	1	1	1	0.423	
003_6gs	2	50	1	2	2	0.555	
003_6gs	2	51	1	2	2	0.373	
003_6gs	2	52	2	2	2	0.415	
003_6gs	2	53	1	1	1	0.490	
003_6gs	2	54	2	2	2	0.427	
003_6gs	2	55	2	1	1	0.422	
003_6gs	3	0	1	1	1	0.423	
003_6gs	3	1	1	1	1	0.346	
003_6gs	3	2	2	1	1	0.456	
003_6gs	3	3	1	1	1	0.363	
003_6gs	3	4	1	2	2	0.405	
003_6gs	3	5	1	1	1	0.361	
003_6gs	3	6	2	2	2	0.453	
003_6gs	3	7	1	2	2	0.351	
003_6gs	3	8	1	1	1	0.407	
003_6gs	3	9	1	2	2	0.385	
003_6gs	3	10	2	2	2	0.434	
003_6gs	3	11	2	2	2	0.343	
003_6gs	3	12	1	2	2	0.336	
003_6gs	3	13	1	2	2	0.320	
003_6gs	3	14	1	1	2	0.474	
003_6gs	3	15	1	2	2	0.454	
003_6gs	3	16	1	1	1	0.425	
003_6gs	3	17	2	2	2	0.403	
003_6gs	3	18	2	2	2	0.499	
003_6gs	3	19	1	1	1	0.637	
003_6gs	3	20	1	1	1	0.430	
003_6gs	3	21	1	2	2	0.626	
003_6gs	3	22	2	1	1	0.457	
003_6gs	3	23	2	1	1	0.447	
003_6gs	3	24	1	2	2	0.411	
003_6gs	3	25	2	1	1	0.464	
003_6gs	3	26	2	2	2	0.529	
003_6gs	3	27	1	2	2	0.380	
003_6gs	3	28	2	2	2	0.405	
003_6gs	3	29	1	1	1	0.377	
003_6gs	3	30	1	2	2	0.393	
003_6gs	3	31	2	1	1	0.464	
003_6gs	3	32	2	1	1	0.369	
003_6gs	3	33	2	2	2	0.414	
003_6gs	3	34	2	1	1	0.399	
003_6gs	3	35	2	2	2	0.462	
003_6gs	3	36	1	2	2	0.359	
003_6gs	3	37	1	2	2	0.317	
003_6gs	3	38	2	2	2	0.421	
003_6gs	3	39	2	2	2	0.389	
003_6gs	3	40	2	1	1	0.433	
003_6gs	3	41	1	1	1	0.366	
003_6gs	3	42	1	1	1	0.383	
003_6gs	3	43	2	1	1	0.458	
003_6gs	3	44	2	1	1	0.367	
003_6gs	3	45	2	1	1	0.363	
003_6gs	3	46	2	1	1	0.392	
003_6gs	3	47	1	2	2	0.400	
003_6gs	3	48	2	1	1	0.460	
003_6gs	3	49	2	2	2	0.463	
003_6gs	3	50	2	2	2	0.462	
003_6gs	3	51	1	1	1	0.393	
003_6gs	3	52	1	1	1	0.346	
003_6gs	3	53	2	2	2	0.498	
003_6gs	3	54	2	1	1	0.454	
003_6gs	3	55	1	2	2	0.431	
