sub	block	trial	congr	stim	resp	RT	
009_6GS	0	0	1	1	1	0.821	
009_6GS	0	1	2	2	2	0.660	
009_6GS	0	2	2	2	2	0.664	
009_6GS	0	3	2	1	1	0.612	
009_6GS	0	4	1	2	2	0.537	
009_6GS	0	5	2	2	2	0.602	
009_6GS	0	6	2	2	2	0.651	
009_6GS	0	7	2	1	1	0.682	
009_6GS	0	8	2	2	2	0.735	
009_6GS	0	9	1	2	2	0.557	
009_6GS	0	10	2	1	1	0.494	
009_6GS	0	11	1	1	1	0.492	
009_6GS	0	12	2	1	1	0.631	
009_6GS	0	13	2	1	1	0.599	
009_6GS	0	14	1	2	2	0.527	
009_6GS	0	15	1	1	1	0.513	
009_6GS	0	16	2	2	2	0.651	
009_6GS	0	17	1	1	1	0.515	
009_6GS	0	18	1	1	1	0.504	
009_6GS	0	19	1	2	2	0.487	
009_6GS	0	20	1	2	2	0.503	
009_6GS	0	21	2	2	2	0.553	
009_6GS	0	22	1	1	1	0.499	
009_6GS	0	23	2	2	2	0.556	
009_6GS	0	24	2	2	2	0.547	
009_6GS	0	25	2	1	1	0.577	
009_6GS	0	26	1	1	1	0.482	
009_6GS	0	27	1	2	2	0.530	
009_6GS	0	28	1	1	1	0.504	
009_6GS	0	29	1	2	2	0.452	
009_6GS	0	30	2	1	1	0.636	
009_6GS	0	31	2	1	1	0.588	
009_6GS	0	32	2	1	1	0.559	
009_6GS	0	33	1	1	1	0.457	
009_6GS	0	34	2	2	2	0.522	
009_6GS	0	35	2	1	1	0.598	
009_6GS	0	36	1	1	1	0.499	
009_6GS	0	37	1	2	2	0.490	
009_6GS	0	38	1	2	2	0.484	
009_6GS	0	39	2	1	1	0.563	
009_6GS	0	40	1	2	2	0.531	
009_6GS	0	41	1	1	1	0.489	
009_6GS	0	42	1	1	1	0.427	
009_6GS	0	43	2	1	1	0.579	
009_6GS	0	44	2	2	2	0.584	
009_6GS	0	45	2	1	1	0.621	
009_6GS	0	46	1	1	1	0.487	
009_6GS	0	47	1	2	2	0.584	
009_6GS	0	48	1	2	2	0.519	
009_6GS	0	49	2	2	2	0.583	
009_6GS	0	50	1	2	2	0.488	
009_6GS	0	51	1	2	2	0.464	
009_6GS	0	52	2	1	1	0.567	
009_6GS	0	53	2	2	2	0.649	
009_6GS	0	54	1	1	1	0.457	
009_6GS	0	55	2	2	2	0.611	
009_6GS	1	0	1	2	2	0.555	
009_6GS	1	1	1	1	1	0.518	
009_6GS	1	2	2	1	1	0.614	
009_6GS	1	3	1	1	1	0.505	
009_6GS	1	4	1	1	1	0.507	
009_6GS	1	5	2	2	2	0.536	
009_6GS	1	6	2	1	1	0.576	
009_6GS	1	7	1	1	1	0.554	
009_6GS	1	8	1	2	2	0.767	
009_6GS	1	9	1	2	2	0.674	
009_6GS	1	10	1	1	1	0.530	
009_6GS	1	11	2	2	2	0.566	
009_6GS	1	12	1	1	1	0.489	
009_6GS	1	13	2	2	2	0.560	
009_6GS	1	14	1	2	2	0.486	
009_6GS	1	15	2	2	2	0.600	
009_6GS	1	16	1	2	2	0.559	
009_6GS	1	17	2	2	2	0.631	
009_6GS	1	18	1	2	2	0.525	
009_6GS	1	19	1	1	1	0.460	
009_6GS	1	20	1	2	2	0.511	
009_6GS	1	21	1	2	2	0.541	
009_6GS	1	22	2	1	1	0.615	
009_6GS	1	23	2	1	1	0.550	
009_6GS	1	24	1	1	1	0.528	
009_6GS	1	25	1	1	1	0.490	
009_6GS	1	26	2	2	2	0.521	
009_6GS	1	27	1	2	2	0.483	
009_6GS	1	28	1	2	2	0.504	
009_6GS	1	29	2	2	2	0.617	
009_6GS	1	30	1	1	1	0.512	
009_6GS	1	31	2	2	2	0.540	
009_6GS	1	32	1	2	2	0.533	
009_6GS	1	33	2	1	1	0.724	
009_6GS	1	34	2	2	2	0.582	
009_6GS	1	35	1	2	2	0.465	
009_6GS	1	36	1	2	2	0.530	
009_6GS	1	37	2	2	2	0.551	
009_6GS	1	38	2	1	1	0.521	
009_6GS	1	39	2	1	1	0.582	
009_6GS	1	40	1	1	1	0.513	
009_6GS	1	41	2	1	1	0.597	
009_6GS	1	42	2	1	1	0.650	
009_6GS	1	43	2	1	1	0.582	
009_6GS	1	44	1	1	1	0.501	
009_6GS	1	45	2	1	1	0.610	
009_6GS	1	46	2	1	1	0.607	
009_6GS	1	47	2	2	2	0.612	
009_6GS	1	48	2	1	1	0.588	
009_6GS	1	49	1	2	2	0.534	
009_6GS	1	50	2	2	2	0.640	
009_6GS	1	51	2	2	2	0.627	
009_6GS	1	52	2	2	2	0.602	
009_6GS	1	53	2	1	1	0.574	
009_6GS	1	54	1	1	1	0.549	
009_6GS	1	55	1	1	1	0.546	
009_6GS	2	0	2	2	2	0.622	
009_6GS	2	1	1	2	2	0.540	
009_6GS	2	2	2	1	1	0.550	
009_6GS	2	3	1	2	2	0.498	
009_6GS	2	4	2	2	2	0.571	
009_6GS	2	5	2	1	1	0.602	
009_6GS	2	6	1	1	1	0.515	
009_6GS	2	7	1	2	2	0.585	
009_6GS	2	8	2	2	2	0.545	
009_6GS	2	9	1	1	1	0.700	
009_6GS	2	10	1	2	2	0.517	
009_6GS	2	11	2	2	2	0.615	
009_6GS	2	12	2	1	1	0.508	
009_6GS	2	13	2	1	1	0.630	
009_6GS	2	14	1	2	2	0.556	
009_6GS	2	15	2	2	2	0.589	
009_6GS	2	16	1	1	1	0.566	
009_6GS	2	17	2	1	1	0.609	
009_6GS	2	18	1	1	1	0.491	
009_6GS	2	19	2	2	2	0.631	
009_6GS	2	20	2	2	2	0.562	
009_6GS	2	21	1	1	1	0.550	
009_6GS	2	22	2	2	2	0.547	
009_6GS	2	23	1	1	1	0.543	
009_6GS	2	24	2	1	1	0.642	
009_6GS	2	25	1	2	2	0.513	
009_6GS	2	26	1	1	1	0.554	
009_6GS	2	27	2	2	2	0.770	
009_6GS	2	28	2	1	1	0.543	
009_6GS	2	29	1	2	2	0.461	
009_6GS	2	30	1	1	1	0.499	
009_6GS	2	31	2	2	2	0.561	
009_6GS	2	32	2	1	1	0.586	
009_6GS	2	33	1	1	1	0.532	
009_6GS	2	34	1	2	2	0.582	
009_6GS	2	35	2	2	2	0.645	
009_6GS	2	36	1	1	1	0.530	
009_6GS	2	37	1	2	2	0.529	
009_6GS	2	38	1	1	1	0.513	
009_6GS	2	39	2	2	2	0.543	
009_6GS	2	40	1	2	2	0.563	
009_6GS	2	41	2	1	1	0.564	
009_6GS	2	42	1	2	2	0.591	
009_6GS	2	43	1	1	1	0.489	
009_6GS	2	44	2	1	1	0.601	
009_6GS	2	45	2	1	1	0.592	
009_6GS	2	46	2	1	1	0.602	
009_6GS	2	47	2	2	2	0.655	
009_6GS	2	48	2	1	1	0.558	
009_6GS	2	49	1	1	1	0.490	
009_6GS	2	50	2	2	2	0.590	
009_6GS	2	51	1	2	2	0.649	
009_6GS	2	52	1	1	1	0.514	
009_6GS	2	53	1	2	2	0.843	
009_6GS	2	54	2	1	1	0.607	
009_6GS	2	55	1	2	2	0.531	
009_6GS	3	0	2	2	2	0.731	
009_6GS	3	1	1	2	2	0.561	
009_6GS	3	2	1	1	1	0.616	
009_6GS	3	3	2	1	1	0.625	
009_6GS	3	4	1	1	1	0.542	
009_6GS	3	5	2	2	2	0.641	
009_6GS	3	6	2	2	2	0.612	
009_6GS	3	7	2	1	1	0.551	
009_6GS	3	8	2	2	2	0.578	
009_6GS	3	9	1	2	2	0.503	
009_6GS	3	10	2	1	1	0.584	
009_6GS	3	11	1	2	2	0.562	
009_6GS	3	12	1	2	2	0.495	
009_6GS	3	13	2	2	2	0.590	
009_6GS	3	14	2	2	2	0.659	
009_6GS	3	15	1	2	2	0.546	
009_6GS	3	16	2	1	1	0.714	
009_6GS	3	17	1	2	2	0.568	
009_6GS	3	18	2	1	1	0.679	
009_6GS	3	19	1	1	1	0.535	
009_6GS	3	20	1	1	1	0.574	
009_6GS	3	21	1	2	2	0.528	
009_6GS	3	22	2	1	1	0.648	
009_6GS	3	23	2	2	2	0.632	
009_6GS	3	24	2	1	1	0.656	
009_6GS	3	25	1	1	1	0.493	
009_6GS	3	26	2	2	2	0.612	
009_6GS	3	27	1	1	1	0.622	
009_6GS	3	28	2	1	1	0.708	
009_6GS	3	29	1	1	1	0.544	
009_6GS	3	30	2	1	1	0.914	
009_6GS	3	31	2	1	1	0.671	
009_6GS	3	32	1	2	2	0.539	
009_6GS	3	33	2	2	2	0.692	
009_6GS	3	34	2	1	1	0.598	
009_6GS	3	35	1	1	1	0.582	
009_6GS	3	36	1	1	1	0.558	
009_6GS	3	37	2	1	1	0.655	
009_6GS	3	38	1	2	2	0.553	
009_6GS	3	39	1	2	2	0.497	
009_6GS	3	40	2	1	1	0.616	
009_6GS	3	41	1	1	1	0.666	
009_6GS	3	42	1	1	1	0.582	
009_6GS	3	43	2	1	1	0.614	
009_6GS	3	44	1	1	1	0.525	
009_6GS	3	45	1	2	2	0.613	
009_6GS	3	46	2	2	2	0.639	
009_6GS	3	47	1	2	2	0.553	
009_6GS	3	48	1	2	2	0.545	
009_6GS	3	49	2	2	2	0.660	
009_6GS	3	50	1	2	2	0.450	
009_6GS	3	51	2	2	2	0.615	
009_6GS	3	52	1	1	1	0.631	
009_6GS	3	53	1	1	1	0.524	
009_6GS	3	54	2	2	2	0.709	
009_6GS	3	55	2	2	2	0.614	
