sub	block	trial	congr	stim	resp	RT	
007_2NM	0	0	2	1	1	1.115	
007_2NM	0	1	2	1	1	0.449	
007_2NM	0	2	1	1	1	0.394	
007_2NM	0	3	1	1	1	0.396	
007_2NM	0	4	2	1	1	0.465	
007_2NM	0	5	1	1	1	0.408	
007_2NM	0	6	1	2	2	0.433	
007_2NM	0	7	1	1	1	0.368	
007_2NM	0	8	1	1	1	0.413	
007_2NM	0	9	1	2	2	0.343	
007_2NM	0	10	2	2	2	0.561	
007_2NM	0	11	1	2	2	0.423	
007_2NM	0	12	2	2	2	0.481	
007_2NM	0	13	1	2	2	0.584	
007_2NM	0	14	2	1	1	0.447	
007_2NM	0	15	2	2	2	0.352	
007_2NM	0	16	2	1	1	0.642	
007_2NM	0	17	2	2	2	0.482	
007_2NM	0	18	2	1	1	0.421	
007_2NM	0	19	1	1	1	0.659	
007_2NM	0	20	2	1	1	0.456	
007_2NM	0	21	2	2	2	0.352	
007_2NM	0	22	1	2	2	0.362	
007_2NM	0	23	1	2	2	0.369	
007_2NM	0	24	1	1	1	0.383	
007_2NM	0	25	1	1	1	0.311	
007_2NM	0	26	2	1	1	0.536	
007_2NM	0	27	2	2	2	0.539	
007_2NM	0	28	2	2	2	0.382	
007_2NM	0	29	2	2	2	0.476	
007_2NM	0	30	2	1	1	0.400	
007_2NM	0	31	1	2	2	0.418	
007_2NM	0	32	2	1	1	0.366	
007_2NM	0	33	2	1	1	0.363	
007_2NM	0	34	1	2	2	0.411	
007_2NM	0	35	2	1	1	0.579	
007_2NM	0	36	2	2	2	0.371	
007_2NM	0	37	1	2	2	0.341	
007_2NM	0	38	1	2	2	0.342	
007_2NM	0	39	1	1	1	0.483	
007_2NM	0	40	1	1	1	0.342	
007_2NM	0	41	1	1	1	0.314	
007_2NM	0	42	1	2	2	0.359	
007_2NM	0	43	2	1	2	0.401	
007_2NM	0	44	2	2	2	0.503	
007_2NM	0	45	2	2	2	0.453	
007_2NM	0	46	2	2	2	0.429	
007_2NM	0	47	2	2	2	0.463	
007_2NM	0	48	1	2	2	0.326	
007_2NM	0	49	1	2	2	0.351	
007_2NM	0	50	1	2	2	0.323	
007_2NM	0	51	1	1	1	0.469	
007_2NM	0	52	1	1	1	0.389	
007_2NM	0	53	2	1	1	0.478	
007_2NM	0	54	1	1	1	0.369	
007_2NM	0	55	2	2	2	0.361	
007_2NM	1	0	1	1	1	0.399	
007_2NM	1	1	2	2	2	0.402	
007_2NM	1	2	1	1	1	0.573	
007_2NM	1	3	1	1	1	0.352	
007_2NM	1	4	2	2	2	0.403	
007_2NM	1	5	2	1	1	0.400	
007_2NM	1	6	2	1	1	0.347	
007_2NM	1	7	1	1	1	0.448	
007_2NM	1	8	2	2	2	0.480	
007_2NM	1	9	1	1	1	0.395	
007_2NM	1	10	1	2	2	0.352	
007_2NM	1	11	1	1	1	0.387	
007_2NM	1	12	2	2	2	0.424	
007_2NM	1	13	2	2	2	0.447	
007_2NM	1	14	1	2	2	0.334	
007_2NM	1	15	1	1	1	0.584	
007_2NM	1	16	2	1	1	0.613	
007_2NM	1	17	1	1	1	0.398	
007_2NM	1	18	1	1	1	0.355	
007_2NM	1	19	2	1	2	0.406	
007_2NM	1	20	2	1	1	0.405	
007_2NM	1	21	2	2	2	0.443	
007_2NM	1	22	1	2	2	0.387	
007_2NM	1	23	2	1	1	0.390	
007_2NM	1	24	2	2	2	0.443	
007_2NM	1	25	1	2	2	0.423	
007_2NM	1	26	1	1	1	0.390	
007_2NM	1	27	1	2	2	0.493	
007_2NM	1	28	2	1	2	0.324	
007_2NM	1	29	2	1	1	0.484	
007_2NM	1	30	1	2	2	0.420	
007_2NM	1	31	2	2	2	0.388	
007_2NM	1	32	2	2	2	0.497	
007_2NM	1	33	2	1	1	0.494	
007_2NM	1	34	2	2	2	0.504	
007_2NM	1	35	1	2	2	0.418	
007_2NM	1	36	1	1	1	0.447	
007_2NM	1	37	2	2	2	0.461	
007_2NM	1	38	1	1	1	0.378	
007_2NM	1	39	2	2	2	0.516	
007_2NM	1	40	1	2	2	0.612	
007_2NM	1	41	2	1	1	0.576	
007_2NM	1	42	1	2	2	0.393	
007_2NM	1	43	2	1	1	0.428	
007_2NM	1	44	2	1	1	0.498	
007_2NM	1	45	1	1	1	0.424	
007_2NM	1	46	1	2	2	0.443	
007_2NM	1	47	1	2	2	0.364	
007_2NM	1	48	2	1	1	0.406	
007_2NM	1	49	1	2	2	0.410	
007_2NM	1	50	2	1	1	0.529	
007_2NM	1	51	1	1	1	0.341	
007_2NM	1	52	2	2	2	0.451	
007_2NM	1	53	1	2	2	0.866	
007_2NM	1	54	1	2	2	0.357	
007_2NM	1	55	2	2	2	0.467	
007_2NM	2	0	1	1	1	0.370	
007_2NM	2	1	1	2	2	0.416	
007_2NM	2	2	1	2	2	0.363	
007_2NM	2	3	1	2	2	0.414	
007_2NM	2	4	1	2	2	0.348	
007_2NM	2	5	1	1	1	0.415	
007_2NM	2	6	2	2	2	0.541	
007_2NM	2	7	2	1	1	0.463	
007_2NM	2	8	2	2	2	0.396	
007_2NM	2	9	1	1	1	0.407	
007_2NM	2	10	1	1	1	0.402	
007_2NM	2	11	2	1	1	0.565	
007_2NM	2	12	1	1	1	0.414	
007_2NM	2	13	2	2	2	0.426	
007_2NM	2	14	1	2	2	0.444	
007_2NM	2	15	2	1	1	0.527	
007_2NM	2	16	2	1	1	0.479	
007_2NM	2	17	1	1	1	0.462	
007_2NM	2	18	2	1	1	0.505	
007_2NM	2	19	1	2	2	0.416	
007_2NM	2	20	2	2	2	0.535	
007_2NM	2	21	1	2	2	0.526	
007_2NM	2	22	2	1	1	0.459	
007_2NM	2	23	1	1	1	0.360	
007_2NM	2	24	2	2	2	0.439	
007_2NM	2	25	1	2	2	0.395	
007_2NM	2	26	1	1	1	0.524	
007_2NM	2	27	2	2	2	0.546	
007_2NM	2	28	2	2	2	0.515	
007_2NM	2	29	2	1	1	0.541	
007_2NM	2	30	1	2	2	0.432	
007_2NM	2	31	2	2	2	0.519	
007_2NM	2	32	2	2	2	0.492	
007_2NM	2	33	2	2	2	0.450	
007_2NM	2	34	2	2	2	0.435	
007_2NM	2	35	1	1	1	0.450	
007_2NM	2	36	1	2	2	0.492	
007_2NM	2	37	2	2	2	0.483	
007_2NM	2	38	2	2	2	0.453	
007_2NM	2	39	2	1	1	0.464	
007_2NM	2	40	2	1	1	0.542	
007_2NM	2	41	1	2	2	0.487	
007_2NM	2	42	1	1	1	0.535	
007_2NM	2	43	2	1	1	0.490	
007_2NM	2	44	2	1	1	0.503	
007_2NM	2	45	1	1	1	0.467	
007_2NM	2	46	1	2	2	0.339	
007_2NM	2	47	1	2	2	0.381	
007_2NM	2	48	1	1	1	0.428	
007_2NM	2	49	1	1	1	0.332	
007_2NM	2	50	2	1	1	0.556	
007_2NM	2	51	2	1	1	0.420	
007_2NM	2	52	2	1	1	0.457	
007_2NM	2	53	1	2	2	0.448	
007_2NM	2	54	1	1	1	0.439	
007_2NM	2	55	2	2	2	0.463	
007_2NM	3	0	1	2	999	999.000	
007_2NM	3	1	1	2	2	0.471	
007_2NM	3	2	2	2	2	0.626	
007_2NM	3	3	1	1	1	0.455	
007_2NM	3	4	1	1	1	0.378	
007_2NM	3	5	2	2	2	0.467	
007_2NM	3	6	2	2	2	0.396	
007_2NM	3	7	1	1	1	0.446	
007_2NM	3	8	1	1	1	0.448	
007_2NM	3	9	1	1	1	0.376	
007_2NM	3	10	1	2	2	0.394	
007_2NM	3	11	1	2	2	0.578	
007_2NM	3	12	1	1	1	0.478	
007_2NM	3	13	1	2	2	0.436	
007_2NM	3	14	1	1	1	0.391	
007_2NM	3	15	1	2	2	0.423	
007_2NM	3	16	1	2	2	0.405	
007_2NM	3	17	2	1	1	0.465	
007_2NM	3	18	2	1	1	0.625	
007_2NM	3	19	1	1	1	0.399	
007_2NM	3	20	2	1	1	0.500	
007_2NM	3	21	1	2	2	0.656	
007_2NM	3	22	2	1	1	0.471	
007_2NM	3	23	2	2	2	0.503	
007_2NM	3	24	1	2	2	0.431	
007_2NM	3	25	1	1	1	0.412	
007_2NM	3	26	2	2	2	0.427	
007_2NM	3	27	2	1	1	0.619	
007_2NM	3	28	2	2	2	0.469	
007_2NM	3	29	2	2	2	0.465	
007_2NM	3	30	1	1	1	0.417	
007_2NM	3	31	1	2	2	0.339	
007_2NM	3	32	2	2	2	0.417	
007_2NM	3	33	1	1	1	0.665	
007_2NM	3	34	2	1	1	0.526	
007_2NM	3	35	2	1	1	0.494	
007_2NM	3	36	2	1	1	0.382	
007_2NM	3	37	2	2	2	0.509	
007_2NM	3	38	2	2	2	0.519	
007_2NM	3	39	2	2	2	0.538	
007_2NM	3	40	2	2	2	0.421	
007_2NM	3	41	1	2	2	0.374	
007_2NM	3	42	1	1	1	0.453	
007_2NM	3	43	1	1	1	0.577	
007_2NM	3	44	1	2	2	0.426	
007_2NM	3	45	2	1	1	0.503	
007_2NM	3	46	2	1	1	0.449	
007_2NM	3	47	2	1	1	0.455	
007_2NM	3	48	1	2	2	0.440	
007_2NM	3	49	1	1	1	0.436	
007_2NM	3	50	2	1	1	0.486	
007_2NM	3	51	1	2	2	0.577	
007_2NM	3	52	2	1	1	0.379	
007_2NM	3	53	2	2	2	0.444	
007_2NM	3	54	2	1	1	0.397	
007_2NM	3	55	2	2	2	0.455	
