sub	block	trial	congr	stim	resp	RT	
007_5LB	0	0	1	2	2	0.392	
007_5LB	0	1	2	1	1	0.417	
007_5LB	0	2	2	2	2	0.382	
007_5LB	0	3	2	1	1	0.431	
007_5LB	0	4	2	2	2	0.394	
007_5LB	0	5	1	1	1	0.408	
007_5LB	0	6	2	1	1	0.469	
007_5LB	0	7	1	2	2	0.374	
007_5LB	0	8	2	2	2	0.459	
007_5LB	0	9	2	1	1	0.426	
007_5LB	0	10	1	1	1	0.406	
007_5LB	0	11	1	2	2	0.374	
007_5LB	0	12	2	2	2	0.466	
007_5LB	0	13	1	1	1	0.380	
007_5LB	0	14	1	2	2	0.434	
007_5LB	0	15	2	2	1	0.316	
007_5LB	0	16	2	1	1	0.450	
007_5LB	0	17	1	2	2	0.417	
007_5LB	0	18	2	2	2	0.493	
007_5LB	0	19	2	1	1	0.467	
007_5LB	0	20	2	1	1	0.459	
007_5LB	0	21	1	2	2	0.371	
007_5LB	0	22	1	1	1	0.626	
007_5LB	0	23	2	2	2	0.470	
007_5LB	0	24	1	1	1	0.375	
007_5LB	0	25	2	1	1	0.497	
007_5LB	0	26	2	1	1	0.389	
007_5LB	0	27	1	1	1	0.392	
007_5LB	0	28	2	1	1	0.684	
007_5LB	0	29	2	1	1	0.478	
007_5LB	0	30	2	2	2	0.482	
007_5LB	0	31	1	2	2	0.636	
007_5LB	0	32	1	2	2	0.523	
007_5LB	0	33	2	2	2	0.468	
007_5LB	0	34	1	2	2	0.678	
007_5LB	0	35	1	2	2	1.019	
007_5LB	0	36	2	2	2	0.575	
007_5LB	0	37	2	2	2	0.532	
007_5LB	0	38	2	1	1	0.536	
007_5LB	0	39	2	2	2	0.547	
007_5LB	0	40	1	2	2	0.429	
007_5LB	0	41	1	1	1	0.408	
007_5LB	0	42	2	1	1	0.575	
007_5LB	0	43	2	2	2	0.526	
007_5LB	0	44	1	1	1	0.395	
007_5LB	0	45	1	1	1	0.445	
007_5LB	0	46	2	1	1	0.435	
007_5LB	0	47	1	2	2	0.345	
007_5LB	0	48	1	1	1	0.345	
007_5LB	0	49	1	1	1	0.378	
007_5LB	0	50	1	2	2	0.397	
007_5LB	0	51	2	2	2	0.394	
007_5LB	0	52	1	2	2	0.386	
007_5LB	0	53	1	1	1	0.380	
007_5LB	0	54	1	1	1	0.381	
007_5LB	0	55	1	1	1	0.426	
007_5LB	1	0	2	1	1	0.588	
007_5LB	1	1	2	1	1	0.403	
007_5LB	1	2	2	2	2	0.464	
007_5LB	1	3	1	2	2	0.365	
007_5LB	1	4	2	2	2	0.398	
007_5LB	1	5	1	1	1	0.334	
007_5LB	1	6	1	1	1	0.344	
007_5LB	1	7	2	1	1	0.511	
007_5LB	1	8	2	2	2	0.409	
007_5LB	1	9	1	1	1	0.474	
007_5LB	1	10	2	2	2	0.453	
007_5LB	1	11	1	2	2	0.440	
007_5LB	1	12	1	2	2	0.321	
007_5LB	1	13	1	2	2	0.398	
007_5LB	1	14	2	1	1	1.255	
007_5LB	1	15	2	2	2	0.361	
007_5LB	1	16	1	2	2	0.407	
007_5LB	1	17	1	2	2	0.416	
007_5LB	1	18	2	1	1	0.464	
007_5LB	1	19	1	2	2	0.446	
007_5LB	1	20	1	1	1	0.590	
007_5LB	1	21	2	1	1	0.370	
007_5LB	1	22	1	1	1	0.413	
007_5LB	1	23	1	1	1	0.560	
007_5LB	1	24	1	2	2	0.377	
007_5LB	1	25	2	2	2	0.522	
007_5LB	1	26	1	1	1	0.490	
007_5LB	1	27	1	2	2	0.615	
007_5LB	1	28	1	1	1	0.378	
007_5LB	1	29	1	2	2	0.552	
007_5LB	1	30	2	1	1	0.450	
007_5LB	1	31	1	2	2	0.386	
007_5LB	1	32	2	1	1	0.415	
007_5LB	1	33	2	1	1	0.400	
007_5LB	1	34	1	1	1	0.319	
007_5LB	1	35	2	1	1	0.440	
007_5LB	1	36	2	2	2	0.450	
007_5LB	1	37	2	1	1	0.421	
007_5LB	1	38	1	2	2	0.521	
007_5LB	1	39	1	1	1	0.421	
007_5LB	1	40	1	1	1	0.358	
007_5LB	1	41	2	1	1	0.402	
007_5LB	1	42	2	2	2	0.369	
007_5LB	1	43	2	2	2	0.475	
007_5LB	1	44	1	1	1	0.454	
007_5LB	1	45	1	1	1	1.110	
007_5LB	1	46	1	2	2	0.540	
007_5LB	1	47	2	2	2	0.410	
007_5LB	1	48	2	1	1	0.436	
007_5LB	1	49	2	2	2	0.468	
007_5LB	1	50	2	2	2	0.372	
007_5LB	1	51	2	2	2	0.537	
007_5LB	1	52	1	2	2	0.570	
007_5LB	1	53	1	1	1	0.523	
007_5LB	1	54	2	1	1	1.025	
007_5LB	1	55	2	2	2	0.426	
007_5LB	2	0	1	1	1	0.397	
007_5LB	2	1	2	2	2	0.426	
007_5LB	2	2	1	2	2	0.481	
007_5LB	2	3	1	1	1	0.366	
007_5LB	2	4	2	1	1	0.437	
007_5LB	2	5	2	2	2	0.441	
007_5LB	2	6	2	2	2	0.701	
007_5LB	2	7	2	2	2	0.470	
007_5LB	2	8	1	1	1	0.406	
007_5LB	2	9	1	1	1	0.415	
007_5LB	2	10	1	2	2	0.358	
007_5LB	2	11	2	2	2	0.489	
007_5LB	2	12	1	2	2	0.996	
007_5LB	2	13	2	2	2	0.944	
007_5LB	2	14	2	1	1	0.692	
007_5LB	2	15	1	1	1	0.371	
007_5LB	2	16	1	1	1	0.396	
007_5LB	2	17	2	1	2	0.366	
007_5LB	2	18	1	1	1	0.404	
007_5LB	2	19	1	2	2	0.635	
007_5LB	2	20	2	1	1	0.424	
007_5LB	2	21	1	1	1	0.336	
007_5LB	2	22	1	1	1	0.424	
007_5LB	2	23	1	2	2	0.519	
007_5LB	2	24	2	2	2	0.459	
007_5LB	2	25	1	1	1	0.382	
007_5LB	2	26	2	1	1	0.415	
007_5LB	2	27	2	1	1	0.833	
007_5LB	2	28	1	2	2	0.514	
007_5LB	2	29	2	2	2	0.530	
007_5LB	2	30	2	2	2	0.410	
007_5LB	2	31	2	1	1	0.474	
007_5LB	2	32	2	2	2	0.600	
007_5LB	2	33	2	1	1	0.494	
007_5LB	2	34	2	2	2	0.539	
007_5LB	2	35	1	1	1	0.505	
007_5LB	2	36	1	2	2	0.413	
007_5LB	2	37	2	2	2	0.430	
007_5LB	2	38	1	2	2	0.409	
007_5LB	2	39	2	2	2	0.453	
007_5LB	2	40	1	2	2	0.424	
007_5LB	2	41	2	1	1	0.501	
007_5LB	2	42	2	1	1	0.458	
007_5LB	2	43	1	1	1	0.451	
007_5LB	2	44	1	2	2	0.410	
007_5LB	2	45	1	2	2	0.401	
007_5LB	2	46	1	2	2	0.555	
007_5LB	2	47	1	1	1	0.452	
007_5LB	2	48	1	2	2	0.431	
007_5LB	2	49	1	1	1	0.552	
007_5LB	2	50	2	1	1	0.482	
007_5LB	2	51	2	1	1	0.356	
007_5LB	2	52	2	1	1	0.435	
007_5LB	2	53	2	2	2	0.373	
007_5LB	2	54	1	2	2	0.814	
007_5LB	2	55	2	1	1	0.907	
007_5LB	3	0	2	1	1	0.431	
007_5LB	3	1	1	2	2	0.420	
007_5LB	3	2	2	1	1	0.364	
007_5LB	3	3	2	2	2	0.374	
007_5LB	3	4	1	1	1	0.400	
007_5LB	3	5	2	1	1	0.376	
007_5LB	3	6	1	2	2	0.421	
007_5LB	3	7	1	2	2	0.493	
007_5LB	3	8	2	1	1	0.474	
007_5LB	3	9	1	1	1	0.410	
007_5LB	3	10	1	1	1	0.373	
007_5LB	3	11	2	2	2	0.636	
007_5LB	3	12	1	1	1	0.609	
007_5LB	3	13	2	2	2	0.409	
007_5LB	3	14	1	2	2	0.478	
007_5LB	3	15	1	1	1	0.385	
007_5LB	3	16	2	2	2	0.458	
007_5LB	3	17	1	1	1	0.492	
007_5LB	3	18	1	2	2	0.386	
007_5LB	3	19	2	1	1	0.736	
007_5LB	3	20	2	2	2	0.427	
007_5LB	3	21	1	2	2	0.440	
007_5LB	3	22	2	2	2	0.407	
007_5LB	3	23	2	1	1	0.581	
007_5LB	3	24	2	1	1	0.538	
007_5LB	3	25	2	1	1	0.459	
007_5LB	3	26	1	2	2	0.507	
007_5LB	3	27	2	1	1	0.405	
007_5LB	3	28	1	1	1	0.618	
007_5LB	3	29	1	2	2	0.379	
007_5LB	3	30	2	2	2	0.540	
007_5LB	3	31	2	1	1	0.707	
007_5LB	3	32	1	1	1	0.432	
007_5LB	3	33	2	2	2	0.433	
007_5LB	3	34	1	2	2	0.411	
007_5LB	3	35	2	1	1	0.493	
007_5LB	3	36	2	1	1	0.495	
007_5LB	3	37	1	1	1	0.516	
007_5LB	3	38	2	2	2	0.560	
007_5LB	3	39	1	2	2	0.392	
007_5LB	3	40	2	2	2	0.445	
007_5LB	3	41	1	2	2	0.355	
007_5LB	3	42	2	1	1	0.442	
007_5LB	3	43	2	1	1	0.371	
007_5LB	3	44	2	2	2	0.453	
007_5LB	3	45	1	2	2	0.388	
007_5LB	3	46	1	1	1	0.403	
007_5LB	3	47	1	2	2	0.397	
007_5LB	3	48	2	2	2	0.489	
007_5LB	3	49	1	2	2	0.450	
007_5LB	3	50	2	2	2	0.397	
007_5LB	3	51	1	1	1	1.237	
007_5LB	3	52	1	1	1	0.563	
007_5LB	3	53	1	1	1	0.406	
007_5LB	3	54	1	1	1	0.344	
007_5LB	3	55	2	2	2	0.491	
