sub	block	trial	congr	stim	resp	RT	
002_1BL	0	0	2	2	2	0.619	
002_1BL	0	1	2	2	2	0.424	
002_1BL	0	2	2	2	2	0.472	
002_1BL	0	3	1	2	2	0.390	
002_1BL	0	4	2	1	1	0.541	
002_1BL	0	5	2	1	1	0.579	
002_1BL	0	6	1	1	1	0.458	
002_1BL	0	7	1	1	1	0.434	
002_1BL	0	8	1	2	2	0.309	
002_1BL	0	9	1	2	2	0.347	
002_1BL	0	10	1	1	1	0.374	
002_1BL	0	11	1	1	1	0.350	
002_1BL	0	12	1	2	2	0.319	
002_1BL	0	13	2	2	2	0.501	
002_1BL	0	14	1	1	1	0.402	
002_1BL	0	15	1	2	2	0.338	
002_1BL	0	16	1	1	1	0.419	
002_1BL	0	17	2	1	2	0.352	
002_1BL	0	18	1	2	2	0.359	
002_1BL	0	19	1	2	2	0.355	
002_1BL	0	20	2	1	1	0.448	
002_1BL	0	21	1	1	1	0.560	
002_1BL	0	22	1	2	2	0.417	
002_1BL	0	23	2	1	1	0.447	
002_1BL	0	24	2	2	2	0.438	
002_1BL	0	25	2	1	1	0.473	
002_1BL	0	26	2	2	2	0.423	
002_1BL	0	27	2	2	2	0.453	
002_1BL	0	28	2	2	2	0.450	
002_1BL	0	29	2	2	2	0.461	
002_1BL	0	30	1	2	2	0.395	
002_1BL	0	31	1	1	1	0.368	
002_1BL	0	32	1	2	2	0.347	
002_1BL	0	33	1	1	1	0.388	
002_1BL	0	34	1	1	1	0.424	
002_1BL	0	35	1	2	2	0.346	
002_1BL	0	36	2	2	1	0.357	
002_1BL	0	37	2	2	1	0.387	
002_1BL	0	38	2	2	2	0.536	
002_1BL	0	39	1	2	2	0.387	
002_1BL	0	40	2	1	1	0.504	
002_1BL	0	41	1	1	1	0.719	
002_1BL	0	42	2	1	1	0.484	
002_1BL	0	43	1	1	1	0.389	
002_1BL	0	44	2	1	1	0.439	
002_1BL	0	45	2	2	2	0.444	
002_1BL	0	46	1	2	2	0.370	
002_1BL	0	47	2	1	1	0.498	
002_1BL	0	48	1	1	1	0.366	
002_1BL	0	49	1	1	1	0.342	
002_1BL	0	50	2	1	1	0.460	
002_1BL	0	51	2	2	2	0.422	
002_1BL	0	52	2	1	1	0.401	
002_1BL	0	53	2	1	1	0.619	
002_1BL	0	54	2	1	1	0.485	
002_1BL	0	55	1	2	2	0.525	
002_1BL	1	0	2	2	2	0.439	
002_1BL	1	1	1	2	2	0.432	
002_1BL	1	2	1	1	1	0.365	
002_1BL	1	3	1	1	1	0.399	
002_1BL	1	4	2	1	1	0.526	
002_1BL	1	5	2	2	2	0.452	
002_1BL	1	6	1	1	1	0.443	
002_1BL	1	7	1	2	2	0.374	
002_1BL	1	8	2	1	1	0.441	
002_1BL	1	9	2	2	2	0.466	
002_1BL	1	10	1	2	2	0.355	
002_1BL	1	11	2	1	1	0.522	
002_1BL	1	12	1	2	2	0.419	
002_1BL	1	13	1	1	1	0.384	
002_1BL	1	14	1	2	2	0.433	
002_1BL	1	15	2	1	1	0.551	
002_1BL	1	16	2	1	1	0.565	
002_1BL	1	17	1	2	2	0.804	
002_1BL	1	18	1	1	1	0.514	
002_1BL	1	19	1	1	1	0.400	
002_1BL	1	20	2	1	1	0.503	
002_1BL	1	21	2	2	2	0.432	
002_1BL	1	22	2	1	1	0.439	
002_1BL	1	23	2	1	1	0.451	
002_1BL	1	24	2	2	2	0.465	
002_1BL	1	25	1	2	2	0.539	
002_1BL	1	26	2	2	2	0.450	
002_1BL	1	27	1	2	2	0.342	
002_1BL	1	28	2	1	1	0.338	
002_1BL	1	29	1	1	1	0.395	
002_1BL	1	30	1	2	2	0.606	
002_1BL	1	31	1	1	1	0.367	
002_1BL	1	32	2	1	1	0.441	
002_1BL	1	33	1	2	2	0.407	
002_1BL	1	34	2	2	2	0.454	
002_1BL	1	35	2	1	1	0.450	
002_1BL	1	36	1	1	1	0.422	
002_1BL	1	37	2	1	1	0.494	
002_1BL	1	38	1	2	2	0.606	
002_1BL	1	39	2	1	1	0.455	
002_1BL	1	40	1	1	1	0.354	
002_1BL	1	41	2	2	2	0.436	
002_1BL	1	42	1	1	1	0.402	
002_1BL	1	43	2	2	2	0.461	
002_1BL	1	44	2	2	2	0.402	
002_1BL	1	45	2	1	1	0.509	
002_1BL	1	46	1	2	2	0.356	
002_1BL	1	47	2	2	2	0.446	
002_1BL	1	48	1	2	2	0.332	
002_1BL	1	49	2	2	2	0.506	
002_1BL	1	50	1	1	1	0.412	
002_1BL	1	51	1	1	1	0.390	
002_1BL	1	52	1	2	2	0.375	
002_1BL	1	53	1	1	1	0.389	
002_1BL	1	54	2	2	2	0.436	
002_1BL	1	55	2	2	2	0.475	
002_1BL	2	0	1	1	1	0.504	
002_1BL	2	1	2	1	2	0.359	
002_1BL	2	2	2	2	2	0.456	
002_1BL	2	3	2	1	1	0.490	
002_1BL	2	4	1	1	1	0.429	
002_1BL	2	5	2	2	2	0.504	
002_1BL	2	6	1	2	2	0.381	
002_1BL	2	7	2	2	2	0.820	
002_1BL	2	8	2	1	1	0.488	
002_1BL	2	9	2	1	1	0.483	
002_1BL	2	10	1	1	1	0.388	
002_1BL	2	11	1	2	2	0.397	
002_1BL	2	12	2	1	1	0.466	
002_1BL	2	13	2	2	2	0.438	
002_1BL	2	14	1	2	2	0.336	
002_1BL	2	15	2	2	2	0.464	
002_1BL	2	16	1	1	1	0.387	
002_1BL	2	17	2	1	1	0.435	
002_1BL	2	18	1	2	2	0.389	
002_1BL	2	19	2	2	2	0.414	
002_1BL	2	20	1	1	1	0.467	
002_1BL	2	21	2	2	2	0.460	
002_1BL	2	22	1	2	2	0.363	
002_1BL	2	23	1	2	2	0.358	
002_1BL	2	24	2	1	1	0.451	
002_1BL	2	25	1	1	1	0.412	
002_1BL	2	26	1	1	1	0.501	
002_1BL	2	27	2	1	1	0.500	
002_1BL	2	28	2	2	2	0.451	
002_1BL	2	29	1	1	1	0.359	
002_1BL	2	30	2	2	2	0.448	
002_1BL	2	31	2	1	1	0.500	
002_1BL	2	32	2	2	2	0.444	
002_1BL	2	33	2	1	1	0.521	
002_1BL	2	34	1	1	1	0.459	
002_1BL	2	35	1	2	2	0.357	
002_1BL	2	36	1	1	1	0.437	
002_1BL	2	37	2	1	1	0.446	
002_1BL	2	38	2	2	2	0.419	
002_1BL	2	39	1	2	2	0.541	
002_1BL	2	40	1	2	2	0.680	
002_1BL	2	41	2	1	1	0.442	
002_1BL	2	42	1	2	2	0.341	
002_1BL	2	43	1	2	2	0.379	
002_1BL	2	44	2	1	1	0.542	
002_1BL	2	45	1	1	1	0.517	
002_1BL	2	46	1	2	2	0.433	
002_1BL	2	47	2	1	1	0.583	
002_1BL	2	48	1	1	1	0.420	
002_1BL	2	49	2	2	2	0.453	
002_1BL	2	50	1	2	2	0.369	
002_1BL	2	51	1	1	1	0.366	
002_1BL	2	52	2	2	2	0.477	
002_1BL	2	53	1	2	2	0.403	
002_1BL	2	54	1	1	1	0.408	
002_1BL	2	55	2	2	2	0.453	
002_1BL	3	0	1	1	1	0.665	
002_1BL	3	1	1	2	2	0.387	
002_1BL	3	2	2	1	1	0.512	
002_1BL	3	3	2	1	1	0.540	
002_1BL	3	4	2	1	1	0.488	
002_1BL	3	5	2	2	2	0.599	
002_1BL	3	6	1	1	1	0.375	
002_1BL	3	7	1	2	2	0.459	
002_1BL	3	8	1	1	1	0.374	
002_1BL	3	9	1	2	2	0.377	
002_1BL	3	10	1	2	2	0.490	
002_1BL	3	11	1	2	2	0.451	
002_1BL	3	12	2	2	2	0.429	
002_1BL	3	13	1	2	2	0.402	
002_1BL	3	14	1	1	1	0.534	
002_1BL	3	15	2	2	2	0.490	
002_1BL	3	16	1	1	1	0.473	
002_1BL	3	17	2	1	1	0.503	
002_1BL	3	18	1	1	1	0.422	
002_1BL	3	19	2	2	2	0.437	
002_1BL	3	20	2	1	1	0.507	
002_1BL	3	21	2	1	1	0.490	
002_1BL	3	22	2	2	2	0.429	
002_1BL	3	23	1	1	1	0.473	
002_1BL	3	24	1	2	2	0.389	
002_1BL	3	25	2	2	2	0.383	
002_1BL	3	26	1	2	2	0.359	
002_1BL	3	27	1	2	2	0.373	
002_1BL	3	28	2	1	1	0.432	
002_1BL	3	29	2	1	1	0.559	
002_1BL	3	30	1	1	1	0.378	
002_1BL	3	31	1	2	2	0.342	
002_1BL	3	32	2	2	2	0.426	
002_1BL	3	33	2	1	1	0.482	
002_1BL	3	34	2	1	1	0.410	
002_1BL	3	35	1	1	1	0.543	
002_1BL	3	36	2	1	1	0.418	
002_1BL	3	37	1	2	1	0.436	
002_1BL	3	38	2	2	2	0.493	
002_1BL	3	39	1	2	2	0.383	
002_1BL	3	40	2	2	2	0.492	
002_1BL	3	41	2	2	2	0.430	
002_1BL	3	42	1	1	1	0.427	
002_1BL	3	43	2	2	2	0.475	
002_1BL	3	44	1	1	1	0.464	
002_1BL	3	45	1	1	1	0.409	
002_1BL	3	46	1	2	2	0.433	
002_1BL	3	47	1	2	2	0.373	
002_1BL	3	48	2	1	1	0.512	
002_1BL	3	49	1	1	1	0.454	
002_1BL	3	50	2	2	2	0.408	
002_1BL	3	51	1	1	1	0.386	
002_1BL	3	52	2	2	2	0.522	
002_1BL	3	53	2	2	2	0.453	
002_1BL	3	54	2	1	1	0.504	
002_1BL	3	55	2	1	1	0.535	
