sub	block	trial	congr	stim	resp	RT	
005_1KM	0	0	1	1	1	0.765	
005_1KM	0	1	1	1	1	0.385	
005_1KM	0	2	2	2	2	0.443	
005_1KM	0	3	2	1	1	0.454	
005_1KM	0	4	2	1	1	0.529	
005_1KM	0	5	2	2	2	0.431	
005_1KM	0	6	2	2	2	0.417	
005_1KM	0	7	2	2	2	0.572	
005_1KM	0	8	1	2	2	0.401	
005_1KM	0	9	1	1	1	0.457	
005_1KM	0	10	1	2	2	0.403	
005_1KM	0	11	1	1	1	0.540	
005_1KM	0	12	2	2	2	0.499	
005_1KM	0	13	2	1	1	0.382	
005_1KM	0	14	2	1	1	0.494	
005_1KM	0	15	1	2	2	0.432	
005_1KM	0	16	2	1	1	0.439	
005_1KM	0	17	2	1	1	0.464	
005_1KM	0	18	1	1	1	0.506	
005_1KM	0	19	2	2	2	0.427	
005_1KM	0	20	2	1	1	0.501	
005_1KM	0	21	1	2	2	0.480	
005_1KM	0	22	2	1	1	0.484	
005_1KM	0	23	2	1	1	0.454	
005_1KM	0	24	2	2	2	0.565	
005_1KM	0	25	1	1	1	0.436	
005_1KM	0	26	2	1	1	0.523	
005_1KM	0	27	1	2	2	0.433	
005_1KM	0	28	1	2	2	0.413	
005_1KM	0	29	2	2	2	0.579	
005_1KM	0	30	2	2	2	0.578	
005_1KM	0	31	2	2	2	0.490	
005_1KM	0	32	2	2	2	0.498	
005_1KM	0	33	1	1	1	0.434	
005_1KM	0	34	2	1	1	0.762	
005_1KM	0	35	1	2	2	0.589	
005_1KM	0	36	2	2	2	0.513	
005_1KM	0	37	2	1	1	0.473	
005_1KM	0	38	2	1	1	0.495	
005_1KM	0	39	1	1	1	0.427	
005_1KM	0	40	1	1	1	0.410	
005_1KM	0	41	1	2	2	0.439	
005_1KM	0	42	1	2	2	0.407	
005_1KM	0	43	1	1	1	0.459	
005_1KM	0	44	2	1	1	0.536	
005_1KM	0	45	1	2	2	0.482	
005_1KM	0	46	2	2	2	0.885	
005_1KM	0	47	1	2	2	0.402	
005_1KM	0	48	1	2	2	0.376	
005_1KM	0	49	1	2	2	0.655	
005_1KM	0	50	1	1	1	0.376	
005_1KM	0	51	1	1	1	0.388	
005_1KM	0	52	1	2	2	0.390	
005_1KM	0	53	1	1	1	0.356	
005_1KM	0	54	1	1	1	0.360	
005_1KM	0	55	2	2	2	0.464	
005_1KM	1	0	2	2	2	0.623	
005_1KM	1	1	1	2	2	0.352	
005_1KM	1	2	2	1	1	0.441	
005_1KM	1	3	1	2	2	0.444	
005_1KM	1	4	1	1	2	0.368	
005_1KM	1	5	2	2	2	0.397	
005_1KM	1	6	1	1	1	0.467	
005_1KM	1	7	2	2	2	0.416	
005_1KM	1	8	2	1	1	0.503	
005_1KM	1	9	1	2	2	0.418	
005_1KM	1	10	2	1	1	0.483	
005_1KM	1	11	2	2	2	0.418	
005_1KM	1	12	1	1	1	0.416	
005_1KM	1	13	2	2	2	0.633	
005_1KM	1	14	1	1	1	0.373	
005_1KM	1	15	1	1	1	0.404	
005_1KM	1	16	2	2	2	0.381	
005_1KM	1	17	1	1	1	0.401	
005_1KM	1	18	1	2	2	0.383	
005_1KM	1	19	2	1	1	0.435	
005_1KM	1	20	1	2	2	0.404	
005_1KM	1	21	2	2	2	0.434	
005_1KM	1	22	2	1	1	0.436	
005_1KM	1	23	2	1	1	0.469	
005_1KM	1	24	1	2	2	0.444	
005_1KM	1	25	1	1	1	0.478	
005_1KM	1	26	1	1	1	0.517	
005_1KM	1	27	2	2	2	0.396	
005_1KM	1	28	1	2	2	0.398	
005_1KM	1	29	2	2	2	0.443	
005_1KM	1	30	1	2	2	0.421	
005_1KM	1	31	1	1	1	0.366	
005_1KM	1	32	1	2	2	0.434	
005_1KM	1	33	2	1	1	0.399	
005_1KM	1	34	1	1	1	0.370	
005_1KM	1	35	2	2	2	0.475	
005_1KM	1	36	2	1	1	0.472	
005_1KM	1	37	2	2	2	0.577	
005_1KM	1	38	2	1	1	0.486	
005_1KM	1	39	2	1	1	0.459	
005_1KM	1	40	1	1	1	0.419	
005_1KM	1	41	1	2	2	0.395	
005_1KM	1	42	1	2	2	0.374	
005_1KM	1	43	2	1	1	0.448	
005_1KM	1	44	1	2	2	0.432	
005_1KM	1	45	2	2	2	0.452	
005_1KM	1	46	2	1	1	0.486	
005_1KM	1	47	2	1	1	0.435	
005_1KM	1	48	1	2	2	0.378	
005_1KM	1	49	2	1	1	0.441	
005_1KM	1	50	2	2	2	0.447	
005_1KM	1	51	1	1	1	0.521	
005_1KM	1	52	1	1	1	0.487	
005_1KM	1	53	1	1	1	0.567	
005_1KM	1	54	1	2	2	0.468	
005_1KM	1	55	2	2	2	0.505	
005_1KM	2	0	1	2	2	0.503	
005_1KM	2	1	2	2	2	0.516	
005_1KM	2	2	2	2	2	0.604	
005_1KM	2	3	1	2	2	0.377	
005_1KM	2	4	2	2	2	0.480	
005_1KM	2	5	2	2	2	0.492	
005_1KM	2	6	2	2	2	0.479	
005_1KM	2	7	2	1	1	0.683	
005_1KM	2	8	1	2	2	0.419	
005_1KM	2	9	1	1	1	0.398	
005_1KM	2	10	2	1	1	0.496	
005_1KM	2	11	2	1	1	0.496	
005_1KM	2	12	1	1	1	0.419	
005_1KM	2	13	1	1	1	0.365	
005_1KM	2	14	1	2	2	0.378	
005_1KM	2	15	2	2	2	0.456	
005_1KM	2	16	2	1	1	0.521	
005_1KM	2	17	2	1	1	0.495	
005_1KM	2	18	1	2	2	0.418	
005_1KM	2	19	2	1	1	0.442	
005_1KM	2	20	1	1	1	0.448	
005_1KM	2	21	1	1	1	0.469	
005_1KM	2	22	2	1	1	0.501	
005_1KM	2	23	1	1	1	0.517	
005_1KM	2	24	1	2	2	0.647	
005_1KM	2	25	2	1	1	0.398	
005_1KM	2	26	1	1	1	0.550	
005_1KM	2	27	1	2	2	0.415	
005_1KM	2	28	1	1	1	0.408	
005_1KM	2	29	2	2	2	0.490	
005_1KM	2	30	2	1	1	0.489	
005_1KM	2	31	1	1	1	0.392	
005_1KM	2	32	1	2	2	0.407	
005_1KM	2	33	2	1	1	0.585	
005_1KM	2	34	2	2	2	0.538	
005_1KM	2	35	1	1	1	0.511	
005_1KM	2	36	2	1	1	0.465	
005_1KM	2	37	1	2	2	0.448	
005_1KM	2	38	2	1	1	0.500	
005_1KM	2	39	1	1	1	0.434	
005_1KM	2	40	2	2	2	0.493	
005_1KM	2	41	2	2	2	0.473	
005_1KM	2	42	2	1	1	0.595	
005_1KM	2	43	1	2	2	0.400	
005_1KM	2	44	1	1	1	0.470	
005_1KM	2	45	2	2	2	0.473	
005_1KM	2	46	1	2	2	0.451	
005_1KM	2	47	1	2	2	0.390	
005_1KM	2	48	1	2	2	0.379	
005_1KM	2	49	2	2	2	0.423	
005_1KM	2	50	1	1	1	0.636	
005_1KM	2	51	1	2	2	0.469	
005_1KM	2	52	2	2	2	0.595	
005_1KM	2	53	2	1	1	0.488	
005_1KM	2	54	2	2	2	0.603	
005_1KM	2	55	1	1	1	0.439	
005_1KM	3	0	1	2	2	0.560	
005_1KM	3	1	1	2	2	0.519	
005_1KM	3	2	1	1	1	0.417	
005_1KM	3	3	2	2	2	0.431	
005_1KM	3	4	1	2	2	0.515	
005_1KM	3	5	1	2	2	0.389	
005_1KM	3	6	1	1	1	0.434	
005_1KM	3	7	2	2	2	0.420	
005_1KM	3	8	2	1	1	0.502	
005_1KM	3	9	2	2	2	0.441	
005_1KM	3	10	2	1	1	0.478	
005_1KM	3	11	2	2	2	0.457	
005_1KM	3	12	1	1	1	0.447	
005_1KM	3	13	2	1	1	0.459	
005_1KM	3	14	1	2	2	0.395	
005_1KM	3	15	2	2	2	0.429	
005_1KM	3	16	1	1	1	0.475	
005_1KM	3	17	1	2	2	0.379	
005_1KM	3	18	1	1	1	0.417	
005_1KM	3	19	2	1	1	0.556	
005_1KM	3	20	1	2	2	0.491	
005_1KM	3	21	1	1	1	0.531	
005_1KM	3	22	2	2	2	0.537	
005_1KM	3	23	1	1	1	0.409	
005_1KM	3	24	1	1	1	0.448	
005_1KM	3	25	2	2	2	0.478	
005_1KM	3	26	2	2	2	0.438	
005_1KM	3	27	2	2	2	0.620	
005_1KM	3	28	2	1	1	0.651	
005_1KM	3	29	2	2	2	0.411	
005_1KM	3	30	1	1	1	0.412	
005_1KM	3	31	1	1	1	0.417	
005_1KM	3	32	1	1	1	0.468	
005_1KM	3	33	2	2	2	0.491	
005_1KM	3	34	1	2	2	0.507	
005_1KM	3	35	1	2	2	0.484	
005_1KM	3	36	1	2	2	0.393	
005_1KM	3	37	2	2	2	0.720	
005_1KM	3	38	1	2	2	0.402	
005_1KM	3	39	1	1	1	0.408	
005_1KM	3	40	2	1	1	0.507	
005_1KM	3	41	2	2	2	0.424	
005_1KM	3	42	2	1	1	0.471	
005_1KM	3	43	2	1	1	0.452	
005_1KM	3	44	1	1	1	0.405	
005_1KM	3	45	1	1	1	0.447	
005_1KM	3	46	1	2	2	0.453	
005_1KM	3	47	2	1	1	0.483	
005_1KM	3	48	2	1	1	0.472	
005_1KM	3	49	1	2	2	0.416	
005_1KM	3	50	2	2	2	0.491	
005_1KM	3	51	1	2	2	0.394	
005_1KM	3	52	2	1	1	0.609	
005_1KM	3	53	2	1	1	0.584	
005_1KM	3	54	2	1	1	0.528	
005_1KM	3	55	2	1	1	0.450	
