sub	block	trial	congr	stim	resp	RT	
006_4PH	0	0	2	2	2	0.574	
006_4PH	0	1	1	2	2	0.435	
006_4PH	0	2	2	2	2	0.475	
006_4PH	0	3	2	1	1	0.443	
006_4PH	0	4	2	2	2	0.496	
006_4PH	0	5	2	1	1	0.411	
006_4PH	0	6	1	2	2	0.349	
006_4PH	0	7	1	1	1	0.370	
006_4PH	0	8	1	1	1	0.344	
006_4PH	0	9	2	2	2	0.437	
006_4PH	0	10	1	2	2	0.380	
006_4PH	0	11	1	1	1	0.352	
006_4PH	0	12	1	1	1	0.378	
006_4PH	0	13	2	2	2	0.467	
006_4PH	0	14	2	1	1	0.451	
006_4PH	0	15	2	1	1	0.395	
006_4PH	0	16	1	2	2	0.393	
006_4PH	0	17	1	1	1	0.339	
006_4PH	0	18	1	2	2	0.381	
006_4PH	0	19	1	1	1	0.363	
006_4PH	0	20	1	2	2	0.397	
006_4PH	0	21	2	2	2	0.569	
006_4PH	0	22	1	1	1	0.383	
006_4PH	0	23	2	1	1	0.460	
006_4PH	0	24	2	2	2	0.468	
006_4PH	0	25	1	2	2	0.385	
006_4PH	0	26	1	1	1	0.384	
006_4PH	0	27	1	1	1	0.383	
006_4PH	0	28	2	2	2	0.538	
006_4PH	0	29	2	1	1	0.430	
006_4PH	0	30	1	2	2	0.469	
006_4PH	0	31	2	1	1	0.408	
006_4PH	0	32	2	1	1	0.454	
006_4PH	0	33	2	2	2	0.509	
006_4PH	0	34	1	1	1	0.370	
006_4PH	0	35	1	2	2	0.403	
006_4PH	0	36	1	2	2	0.377	
006_4PH	0	37	2	2	2	0.476	
006_4PH	0	38	1	2	2	0.418	
006_4PH	0	39	2	2	2	0.426	
006_4PH	0	40	1	1	1	0.341	
006_4PH	0	41	2	1	1	0.458	
006_4PH	0	42	2	2	2	0.491	
006_4PH	0	43	1	2	2	0.372	
006_4PH	0	44	2	1	1	0.423	
006_4PH	0	45	1	1	1	0.401	
006_4PH	0	46	2	2	2	0.459	
006_4PH	0	47	1	1	1	0.383	
006_4PH	0	48	2	1	1	0.466	
006_4PH	0	49	2	1	1	0.449	
006_4PH	0	50	1	2	2	0.397	
006_4PH	0	51	2	1	1	0.364	
006_4PH	0	52	2	1	1	0.414	
006_4PH	0	53	2	2	2	0.459	
006_4PH	0	54	1	1	1	0.375	
006_4PH	0	55	1	2	2	0.403	
006_4PH	1	0	2	2	2	0.505	
006_4PH	1	1	1	1	1	0.375	
006_4PH	1	2	1	1	1	0.410	
006_4PH	1	3	1	2	2	0.346	
006_4PH	1	4	2	1	1	0.435	
006_4PH	1	5	1	2	2	0.358	
006_4PH	1	6	1	1	1	0.343	
006_4PH	1	7	1	1	1	0.375	
006_4PH	1	8	1	1	1	0.371	
006_4PH	1	9	2	2	2	0.479	
006_4PH	1	10	1	2	2	0.391	
006_4PH	1	11	2	2	2	0.514	
006_4PH	1	12	2	2	2	0.478	
006_4PH	1	13	1	1	1	0.368	
006_4PH	1	14	2	1	1	0.501	
006_4PH	1	15	1	2	2	0.423	
006_4PH	1	16	1	2	2	0.353	
006_4PH	1	17	2	1	1	0.516	
006_4PH	1	18	1	1	1	0.518	
006_4PH	1	19	1	1	1	0.368	
006_4PH	1	20	1	2	2	0.327	
006_4PH	1	21	2	2	2	0.516	
006_4PH	1	22	1	1	1	0.484	
006_4PH	1	23	1	2	2	0.426	
006_4PH	1	24	2	2	2	0.758	
006_4PH	1	25	2	1	1	0.508	
006_4PH	1	26	2	2	2	0.460	
006_4PH	1	27	1	2	2	0.423	
006_4PH	1	28	1	1	1	0.543	
006_4PH	1	29	1	1	1	0.407	
006_4PH	1	30	2	1	1	0.520	
006_4PH	1	31	1	1	1	0.433	
006_4PH	1	32	1	2	2	0.405	
006_4PH	1	33	2	2	2	0.468	
006_4PH	1	34	2	1	1	0.403	
006_4PH	1	35	2	1	1	0.506	
006_4PH	1	36	2	2	2	0.462	
006_4PH	1	37	2	2	2	0.429	
006_4PH	1	38	2	1	1	0.406	
006_4PH	1	39	1	2	2	0.422	
006_4PH	1	40	2	2	2	0.528	
006_4PH	1	41	2	2	2	0.466	
006_4PH	1	42	2	2	2	0.494	
006_4PH	1	43	1	2	2	0.338	
006_4PH	1	44	2	1	1	0.457	
006_4PH	1	45	2	1	1	0.432	
006_4PH	1	46	1	1	1	0.390	
006_4PH	1	47	1	2	2	0.416	
006_4PH	1	48	1	1	1	0.391	
006_4PH	1	49	2	1	1	0.736	
006_4PH	1	50	1	2	2	0.432	
006_4PH	1	51	1	2	2	0.356	
006_4PH	1	52	2	1	1	0.498	
006_4PH	1	53	2	1	1	0.476	
006_4PH	1	54	2	1	1	0.390	
006_4PH	1	55	2	2	2	0.448	
006_4PH	2	0	1	1	1	0.439	
006_4PH	2	1	1	2	2	0.382	
006_4PH	2	2	1	1	1	0.344	
006_4PH	2	3	1	2	2	0.362	
006_4PH	2	4	2	2	2	0.421	
006_4PH	2	5	1	2	2	0.358	
006_4PH	2	6	1	1	1	0.348	
006_4PH	2	7	2	2	2	0.429	
006_4PH	2	8	2	2	2	0.496	
006_4PH	2	9	1	2	2	0.459	
006_4PH	2	10	1	2	2	0.408	
006_4PH	2	11	2	1	1	0.439	
006_4PH	2	12	1	1	1	0.343	
006_4PH	2	13	2	1	1	0.431	
006_4PH	2	14	1	1	1	0.351	
006_4PH	2	15	1	2	2	0.398	
006_4PH	2	16	2	2	2	0.512	
006_4PH	2	17	1	2	2	0.372	
006_4PH	2	18	2	1	1	0.421	
006_4PH	2	19	2	1	1	0.504	
006_4PH	2	20	2	2	2	0.430	
006_4PH	2	21	1	1	1	0.386	
006_4PH	2	22	1	2	2	0.342	
006_4PH	2	23	2	2	2	0.412	
006_4PH	2	24	2	1	1	0.560	
006_4PH	2	25	2	2	2	0.437	
006_4PH	2	26	2	2	2	0.500	
006_4PH	2	27	1	1	1	0.332	
006_4PH	2	28	2	2	2	0.399	
006_4PH	2	29	1	2	2	0.397	
006_4PH	2	30	2	2	2	0.633	
006_4PH	2	31	1	2	2	0.496	
006_4PH	2	32	2	1	1	0.401	
006_4PH	2	33	2	1	1	0.446	
006_4PH	2	34	1	1	1	0.428	
006_4PH	2	35	1	2	2	0.508	
006_4PH	2	36	1	1	1	0.422	
006_4PH	2	37	1	1	1	0.419	
006_4PH	2	38	2	1	1	0.652	
006_4PH	2	39	1	2	2	0.553	
006_4PH	2	40	2	1	1	0.566	
006_4PH	2	41	1	1	1	0.391	
006_4PH	2	42	2	2	2	0.486	
006_4PH	2	43	2	1	1	0.400	
006_4PH	2	44	2	2	2	0.441	
006_4PH	2	45	1	2	2	0.446	
006_4PH	2	46	1	1	1	0.392	
006_4PH	2	47	2	2	2	0.383	
006_4PH	2	48	2	1	1	0.423	
006_4PH	2	49	1	1	1	0.356	
006_4PH	2	50	1	1	1	0.369	
006_4PH	2	51	2	1	1	0.501	
006_4PH	2	52	2	1	1	0.464	
006_4PH	2	53	2	1	1	0.481	
006_4PH	2	54	2	2	2	0.461	
006_4PH	2	55	1	2	2	0.430	
006_4PH	3	0	1	1	1	0.427	
006_4PH	3	1	1	2	2	0.351	
006_4PH	3	2	2	2	2	0.543	
006_4PH	3	3	1	1	1	0.328	
006_4PH	3	4	1	2	2	0.391	
006_4PH	3	5	1	1	1	0.385	
006_4PH	3	6	2	1	1	0.447	
006_4PH	3	7	1	2	2	0.364	
006_4PH	3	8	1	2	2	0.348	
006_4PH	3	9	2	2	2	0.440	
006_4PH	3	10	1	1	1	0.355	
006_4PH	3	11	2	1	1	0.483	
006_4PH	3	12	1	2	2	0.362	
006_4PH	3	13	1	2	2	0.347	
006_4PH	3	14	1	1	1	0.377	
006_4PH	3	15	1	2	2	0.395	
006_4PH	3	16	2	2	2	0.467	
006_4PH	3	17	2	2	2	0.394	
006_4PH	3	18	1	1	1	0.369	
006_4PH	3	19	2	2	2	0.469	
006_4PH	3	20	2	1	1	0.387	
006_4PH	3	21	1	1	1	0.352	
006_4PH	3	22	2	2	2	0.432	
006_4PH	3	23	1	1	1	0.342	
006_4PH	3	24	2	1	1	0.413	
006_4PH	3	25	1	1	1	0.357	
006_4PH	3	26	2	1	1	0.446	
006_4PH	3	27	1	2	2	0.363	
006_4PH	3	28	1	1	1	0.343	
006_4PH	3	29	1	1	1	0.342	
006_4PH	3	30	2	2	2	0.431	
006_4PH	3	31	2	1	1	0.420	
006_4PH	3	32	1	2	2	0.381	
006_4PH	3	33	2	1	1	0.398	
006_4PH	3	34	1	2	2	0.374	
006_4PH	3	35	2	1	1	0.417	
006_4PH	3	36	2	2	2	0.415	
006_4PH	3	37	2	1	1	0.371	
006_4PH	3	38	2	2	2	0.392	
006_4PH	3	39	2	1	1	0.402	
006_4PH	3	40	1	2	2	0.335	
006_4PH	3	41	2	1	1	0.326	
006_4PH	3	42	2	1	1	0.428	
006_4PH	3	43	1	1	1	0.341	
006_4PH	3	44	1	1	1	0.362	
006_4PH	3	45	2	2	2	0.481	
006_4PH	3	46	2	1	1	0.438	
006_4PH	3	47	2	1	1	0.438	
006_4PH	3	48	1	2	2	0.353	
006_4PH	3	49	2	2	2	0.576	
006_4PH	3	50	1	2	2	0.385	
006_4PH	3	51	2	2	2	0.517	
006_4PH	3	52	1	2	2	0.448	
006_4PH	3	53	1	1	1	0.353	
006_4PH	3	54	2	2	2	0.443	
006_4PH	3	55	2	2	2	0.422	
