sub	block	trial	congr	stim	resp	RT	
007_1KM	0	0	1	2	2	0.649	
007_1KM	0	1	1	2	2	0.414	
007_1KM	0	2	1	1	1	0.467	
007_1KM	0	3	1	1	1	0.405	
007_1KM	0	4	1	1	1	0.480	
007_1KM	0	5	1	1	1	0.396	
007_1KM	0	6	1	2	2	0.490	
007_1KM	0	7	1	2	2	0.338	
007_1KM	0	8	2	2	2	0.513	
007_1KM	0	9	2	1	1	0.502	
007_1KM	0	10	1	2	2	0.407	
007_1KM	0	11	1	1	1	0.387	
007_1KM	0	12	1	2	2	0.374	
007_1KM	0	13	2	1	1	0.396	
007_1KM	0	14	2	2	2	0.568	
007_1KM	0	15	1	2	2	0.391	
007_1KM	0	16	2	1	1	0.455	
007_1KM	0	17	2	2	2	0.518	
007_1KM	0	18	1	2	2	0.418	
007_1KM	0	19	2	2	2	0.509	
007_1KM	0	20	2	1	1	0.557	
007_1KM	0	21	1	2	2	0.432	
007_1KM	0	22	2	1	1	0.446	
007_1KM	0	23	1	1	1	0.445	
007_1KM	0	24	1	1	1	0.427	
007_1KM	0	25	1	2	2	0.538	
007_1KM	0	26	1	2	2	0.901	
007_1KM	0	27	2	2	2	0.744	
007_1KM	0	28	2	1	1	0.483	
007_1KM	0	29	1	1	1	0.476	
007_1KM	0	30	2	1	1	0.464	
007_1KM	0	31	2	2	2	0.488	
007_1KM	0	32	1	1	1	0.379	
007_1KM	0	33	1	2	2	0.401	
007_1KM	0	34	2	2	2	0.561	
007_1KM	0	35	2	2	2	0.564	
007_1KM	0	36	2	2	2	0.560	
007_1KM	0	37	1	1	1	0.418	
007_1KM	0	38	2	2	2	0.638	
007_1KM	0	39	1	1	1	0.406	
007_1KM	0	40	2	1	1	0.507	
007_1KM	0	41	1	1	1	0.607	
007_1KM	0	42	1	2	2	0.615	
007_1KM	0	43	2	1	1	0.518	
007_1KM	0	44	2	1	1	0.513	
007_1KM	0	45	2	1	1	0.519	
007_1KM	0	46	2	2	2	0.563	
007_1KM	0	47	2	1	1	0.463	
007_1KM	0	48	2	1	1	0.494	
007_1KM	0	49	1	1	1	0.740	
007_1KM	0	50	1	2	2	0.459	
007_1KM	0	51	2	1	1	0.645	
007_1KM	0	52	1	1	1	0.423	
007_1KM	0	53	2	2	2	0.479	
007_1KM	0	54	2	2	2	0.602	
007_1KM	0	55	2	2	2	0.496	
007_1KM	1	0	1	2	2	0.363	
007_1KM	1	1	1	2	2	0.437	
007_1KM	1	2	2	1	1	0.450	
007_1KM	1	3	2	1	1	0.376	
007_1KM	1	4	1	2	2	0.515	
007_1KM	1	5	2	2	2	0.393	
007_1KM	1	6	2	1	1	0.426	
007_1KM	1	7	2	1	1	0.524	
007_1KM	1	8	2	2	2	0.491	
007_1KM	1	9	2	1	1	0.606	
007_1KM	1	10	1	1	1	0.382	
007_1KM	1	11	1	2	2	0.454	
007_1KM	1	12	2	1	1	0.384	
007_1KM	1	13	2	2	2	0.526	
007_1KM	1	14	1	1	1	0.399	
007_1KM	1	15	2	2	2	0.461	
007_1KM	1	16	2	2	2	0.616	
007_1KM	1	17	2	1	1	0.708	
007_1KM	1	18	1	1	1	0.675	
007_1KM	1	19	2	1	1	0.935	
007_1KM	1	20	2	2	2	0.466	
007_1KM	1	21	1	1	1	0.365	
007_1KM	1	22	2	1	1	0.488	
007_1KM	1	23	1	1	1	0.444	
007_1KM	1	24	1	2	2	0.531	
007_1KM	1	25	2	1	1	0.543	
007_1KM	1	26	1	2	2	0.519	
007_1KM	1	27	1	2	2	0.408	
007_1KM	1	28	1	1	1	0.455	
007_1KM	1	29	1	2	2	0.593	
007_1KM	1	30	1	1	1	0.481	
007_1KM	1	31	1	2	2	0.516	
007_1KM	1	32	2	2	2	0.591	
007_1KM	1	33	1	1	1	0.590	
007_1KM	1	34	1	2	2	0.425	
007_1KM	1	35	2	2	2	0.558	
007_1KM	1	36	2	2	2	0.456	
007_1KM	1	37	1	2	2	0.462	
007_1KM	1	38	2	1	1	0.470	
007_1KM	1	39	2	2	2	0.602	
007_1KM	1	40	1	2	2	0.486	
007_1KM	1	41	2	2	2	0.431	
007_1KM	1	42	1	2	2	0.498	
007_1KM	1	43	2	1	1	0.450	
007_1KM	1	44	2	1	1	0.423	
007_1KM	1	45	2	2	2	0.611	
007_1KM	1	46	2	2	2	0.568	
007_1KM	1	47	1	1	1	0.519	
007_1KM	1	48	1	1	1	0.591	
007_1KM	1	49	1	1	1	0.442	
007_1KM	1	50	2	1	1	0.484	
007_1KM	1	51	2	2	2	0.588	
007_1KM	1	52	1	1	1	0.504	
007_1KM	1	53	1	1	1	0.636	
007_1KM	1	54	1	2	2	0.612	
007_1KM	1	55	1	1	1	0.768	
007_1KM	2	0	1	2	2	0.409	
007_1KM	2	1	1	2	2	0.409	
007_1KM	2	2	2	2	2	0.524	
007_1KM	2	3	2	2	2	0.566	
007_1KM	2	4	2	1	1	0.547	
007_1KM	2	5	1	2	2	0.449	
007_1KM	2	6	2	2	2	0.539	
007_1KM	2	7	2	1	1	0.509	
007_1KM	2	8	1	2	2	0.578	
007_1KM	2	9	1	2	2	0.513	
007_1KM	2	10	1	1	1	0.480	
007_1KM	2	11	2	1	1	0.656	
007_1KM	2	12	1	1	1	0.804	
007_1KM	2	13	2	2	2	0.581	
007_1KM	2	14	1	1	1	0.406	
007_1KM	2	15	1	1	1	0.485	
007_1KM	2	16	1	1	1	0.498	
007_1KM	2	17	1	1	1	0.415	
007_1KM	2	18	2	1	1	0.396	
007_1KM	2	19	2	1	1	0.481	
007_1KM	2	20	2	2	2	0.662	
007_1KM	2	21	2	1	1	0.490	
007_1KM	2	22	1	2	2	0.542	
007_1KM	2	23	1	1	1	0.428	
007_1KM	2	24	2	2	2	0.681	
007_1KM	2	25	1	1	1	0.442	
007_1KM	2	26	1	2	2	0.413	
007_1KM	2	27	2	1	1	0.499	
007_1KM	2	28	2	1	1	0.469	
007_1KM	2	29	2	1	1	0.436	
007_1KM	2	30	1	2	2	0.523	
007_1KM	2	31	1	2	2	0.410	
007_1KM	2	32	2	1	1	0.499	
007_1KM	2	33	1	1	1	0.457	
007_1KM	2	34	2	1	1	0.581	
007_1KM	2	35	1	1	1	0.511	
007_1KM	2	36	1	1	1	0.582	
007_1KM	2	37	2	2	2	0.517	
007_1KM	2	38	2	2	2	0.607	
007_1KM	2	39	2	2	2	0.544	
007_1KM	2	40	1	2	2	0.607	
007_1KM	2	41	1	1	1	0.672	
007_1KM	2	42	2	2	2	0.512	
007_1KM	2	43	1	1	1	0.394	
007_1KM	2	44	2	1	1	0.461	
007_1KM	2	45	2	2	2	0.536	
007_1KM	2	46	1	2	2	0.697	
007_1KM	2	47	1	1	1	0.410	
007_1KM	2	48	1	2	2	0.443	
007_1KM	2	49	2	2	2	0.729	
007_1KM	2	50	2	1	1	0.424	
007_1KM	2	51	2	2	2	0.485	
007_1KM	2	52	2	1	1	0.471	
007_1KM	2	53	1	2	2	0.469	
007_1KM	2	54	2	2	2	0.454	
007_1KM	2	55	1	2	2	0.366	
007_1KM	3	0	2	2	2	0.441	
007_1KM	3	1	2	2	2	0.488	
007_1KM	3	2	1	1	1	0.440	
007_1KM	3	3	2	1	1	0.470	
007_1KM	3	4	2	1	1	0.479	
007_1KM	3	5	2	1	1	0.469	
007_1KM	3	6	1	1	1	0.430	
007_1KM	3	7	2	1	1	0.376	
007_1KM	3	8	2	1	1	0.359	
007_1KM	3	9	2	2	2	0.438	
007_1KM	3	10	1	1	1	0.364	
007_1KM	3	11	1	2	2	0.404	
007_1KM	3	12	1	1	1	0.351	
007_1KM	3	13	2	1	2	0.357	
007_1KM	3	14	2	2	2	0.672	
007_1KM	3	15	2	1	1	0.511	
007_1KM	3	16	2	2	2	0.685	
007_1KM	3	17	1	2	2	0.442	
007_1KM	3	18	2	2	2	0.639	
007_1KM	3	19	2	2	2	0.529	
007_1KM	3	20	1	2	2	0.467	
007_1KM	3	21	2	2	2	0.487	
007_1KM	3	22	1	2	2	0.474	
007_1KM	3	23	2	1	1	0.636	
007_1KM	3	24	1	1	1	0.423	
007_1KM	3	25	2	1	1	0.482	
007_1KM	3	26	1	1	1	0.387	
007_1KM	3	27	2	1	1	0.500	
007_1KM	3	28	1	2	2	0.561	
007_1KM	3	29	2	1	1	0.417	
007_1KM	3	30	1	2	2	0.424	
007_1KM	3	31	2	2	2	0.468	
007_1KM	3	32	1	1	1	0.363	
007_1KM	3	33	2	2	2	0.462	
007_1KM	3	34	2	1	1	0.458	
007_1KM	3	35	1	1	1	0.395	
007_1KM	3	36	2	2	2	0.525	
007_1KM	3	37	2	2	2	0.571	
007_1KM	3	38	1	1	1	0.549	
007_1KM	3	39	1	1	1	0.454	
007_1KM	3	40	1	2	2	0.460	
007_1KM	3	41	1	2	2	0.522	
007_1KM	3	42	1	2	2	0.541	
007_1KM	3	43	1	1	1	0.411	
007_1KM	3	44	1	2	2	0.407	
007_1KM	3	45	1	1	1	0.383	
007_1KM	3	46	1	1	1	0.426	
007_1KM	3	47	1	1	1	0.442	
007_1KM	3	48	1	2	2	0.461	
007_1KM	3	49	2	1	1	0.479	
007_1KM	3	50	1	2	2	0.473	
007_1KM	3	51	1	2	2	0.465	
007_1KM	3	52	2	1	1	0.491	
007_1KM	3	53	2	2	2	0.598	
007_1KM	3	54	2	2	2	0.481	
007_1KM	3	55	1	2	2	0.561	
