sub	block	trial	congr	stim	resp	RT	
012_1BL	0	0	2	1	1	0.437	
012_1BL	0	1	2	1	1	0.399	
012_1BL	0	2	2	2	2	0.436	
012_1BL	0	3	1	2	2	0.330	
012_1BL	0	4	2	1	1	0.390	
012_1BL	0	5	2	2	2	0.436	
012_1BL	0	6	1	2	2	0.386	
012_1BL	0	7	2	1	1	0.393	
012_1BL	0	8	2	1	1	0.358	
012_1BL	0	9	1	1	1	0.343	
012_1BL	0	10	2	2	2	0.417	
012_1BL	0	11	1	2	2	0.344	
012_1BL	0	12	2	2	2	0.381	
012_1BL	0	13	2	1	1	0.418	
012_1BL	0	14	1	1	1	0.379	
012_1BL	0	15	1	2	2	0.371	
012_1BL	0	16	1	2	2	0.290	
012_1BL	0	17	1	1	1	0.382	
012_1BL	0	18	1	1	1	0.336	
012_1BL	0	19	1	1	1	0.376	
012_1BL	0	20	2	1	1	0.347	
012_1BL	0	21	2	2	2	0.372	
012_1BL	0	22	2	2	2	0.344	
012_1BL	0	23	2	1	1	0.351	
012_1BL	0	24	1	1	1	0.332	
012_1BL	0	25	1	1	1	0.342	
012_1BL	0	26	1	1	1	0.351	
012_1BL	0	27	2	1	2	0.375	
012_1BL	0	28	1	2	2	0.372	
012_1BL	0	29	1	1	1	0.394	
012_1BL	0	30	2	1	1	0.430	
012_1BL	0	31	2	2	2	0.433	
012_1BL	0	32	2	2	2	0.348	
012_1BL	0	33	1	1	1	0.374	
012_1BL	0	34	1	2	2	0.412	
012_1BL	0	35	2	1	1	0.413	
012_1BL	0	36	1	2	2	0.380	
012_1BL	0	37	1	2	2	0.395	
012_1BL	0	38	1	2	2	0.363	
012_1BL	0	39	1	2	2	0.308	
012_1BL	0	40	2	1	1	0.420	
012_1BL	0	41	1	2	2	0.417	
012_1BL	0	42	2	2	2	0.434	
012_1BL	0	43	2	1	1	0.450	
012_1BL	0	44	1	1	1	0.391	
012_1BL	0	45	1	1	1	0.396	
012_1BL	0	46	1	2	2	0.388	
012_1BL	0	47	2	2	2	0.381	
012_1BL	0	48	2	2	2	0.397	
012_1BL	0	49	1	2	2	0.362	
012_1BL	0	50	2	1	1	0.404	
012_1BL	0	51	1	1	1	0.634	
012_1BL	0	52	2	2	2	0.399	
012_1BL	0	53	1	1	1	0.324	
012_1BL	0	54	2	2	2	0.545	
012_1BL	0	55	2	2	2	0.432	
012_1BL	1	0	1	1	1	0.407	
012_1BL	1	1	2	1	1	0.518	
012_1BL	1	2	2	2	2	0.391	
012_1BL	1	3	2	1	1	0.403	
012_1BL	1	4	2	2	2	0.551	
012_1BL	1	5	2	1	1	0.366	
012_1BL	1	6	1	1	1	0.369	
012_1BL	1	7	1	2	2	0.372	
012_1BL	1	8	1	1	1	0.355	
012_1BL	1	9	2	1	1	0.381	
012_1BL	1	10	2	2	2	0.388	
012_1BL	1	11	1	2	2	0.398	
012_1BL	1	12	2	2	1	0.332	
012_1BL	1	13	1	1	1	0.368	
012_1BL	1	14	1	1	1	0.599	
012_1BL	1	15	1	1	1	0.342	
012_1BL	1	16	1	2	2	0.373	
012_1BL	1	17	1	2	2	0.386	
012_1BL	1	18	2	2	2	0.337	
012_1BL	1	19	2	1	1	0.384	
012_1BL	1	20	2	2	2	0.385	
012_1BL	1	21	2	1	1	0.344	
012_1BL	1	22	2	2	1	0.269	
012_1BL	1	23	2	2	2	0.635	
012_1BL	1	24	2	2	2	0.416	
012_1BL	1	25	1	1	1	0.418	
012_1BL	1	26	1	2	2	0.393	
012_1BL	1	27	1	1	1	0.394	
012_1BL	1	28	2	2	2	0.377	
012_1BL	1	29	1	2	2	0.316	
012_1BL	1	30	1	2	2	0.359	
012_1BL	1	31	1	2	2	0.346	
012_1BL	1	32	1	1	1	0.362	
012_1BL	1	33	2	1	1	0.491	
012_1BL	1	34	1	2	2	0.431	
012_1BL	1	35	1	2	2	0.327	
012_1BL	1	36	1	1	1	0.395	
012_1BL	1	37	1	1	1	0.366	
012_1BL	1	38	1	2	2	0.376	
012_1BL	1	39	2	1	1	0.519	
012_1BL	1	40	2	2	2	0.418	
012_1BL	1	41	2	1	1	0.476	
012_1BL	1	42	2	1	1	0.412	
012_1BL	1	43	1	2	2	0.355	
012_1BL	1	44	2	2	1	0.398	
012_1BL	1	45	2	2	2	0.447	
012_1BL	1	46	2	1	1	0.418	
012_1BL	1	47	2	1	1	0.434	
012_1BL	1	48	1	1	1	0.385	
012_1BL	1	49	2	1	1	0.389	
012_1BL	1	50	2	2	2	0.442	
012_1BL	1	51	1	1	1	0.381	
012_1BL	1	52	1	1	1	0.308	
012_1BL	1	53	1	2	2	0.600	
012_1BL	1	54	1	2	2	0.349	
012_1BL	1	55	2	1	1	0.427	
012_1BL	2	0	1	1	1	0.377	
012_1BL	2	1	2	1	1	0.724	
012_1BL	2	2	1	2	2	0.364	
012_1BL	2	3	2	2	1	0.384	
012_1BL	2	4	1	2	2	0.363	
012_1BL	2	5	2	1	1	0.406	
012_1BL	2	6	1	1	1	0.365	
012_1BL	2	7	2	2	2	0.430	
012_1BL	2	8	1	1	1	0.442	
012_1BL	2	9	2	1	2	0.376	
012_1BL	2	10	1	1	1	0.374	
012_1BL	2	11	2	2	2	0.461	
012_1BL	2	12	1	1	1	0.460	
012_1BL	2	13	2	2	2	0.458	
012_1BL	2	14	1	1	1	0.398	
012_1BL	2	15	2	2	2	0.441	
012_1BL	2	16	2	2	2	0.426	
012_1BL	2	17	1	1	1	0.473	
012_1BL	2	18	2	2	2	0.466	
012_1BL	2	19	1	2	2	0.375	
012_1BL	2	20	1	2	2	0.329	
012_1BL	2	21	1	2	2	0.340	
012_1BL	2	22	2	2	1	0.438	
012_1BL	2	23	1	2	2	0.421	
012_1BL	2	24	2	1	1	0.599	
012_1BL	2	25	2	2	2	0.479	
012_1BL	2	26	1	2	2	0.360	
012_1BL	2	27	1	1	1	0.456	
012_1BL	2	28	1	1	1	0.429	
012_1BL	2	29	2	2	2	0.378	
012_1BL	2	30	2	1	1	0.423	
012_1BL	2	31	2	1	1	0.374	
012_1BL	2	32	1	2	2	0.386	
012_1BL	2	33	1	1	1	0.372	
012_1BL	2	34	2	1	1	0.412	
012_1BL	2	35	2	1	1	0.359	
012_1BL	2	36	2	2	2	0.464	
012_1BL	2	37	1	1	1	0.413	
012_1BL	2	38	2	1	1	0.703	
012_1BL	2	39	1	1	1	0.333	
012_1BL	2	40	2	2	2	0.435	
012_1BL	2	41	1	2	2	0.333	
012_1BL	2	42	2	2	2	0.381	
012_1BL	2	43	2	1	1	0.438	
012_1BL	2	44	2	1	1	0.419	
012_1BL	2	45	2	1	1	0.397	
012_1BL	2	46	1	2	2	0.396	
012_1BL	2	47	1	2	2	0.328	
012_1BL	2	48	2	2	2	0.370	
012_1BL	2	49	2	1	1	0.521	
012_1BL	2	50	1	2	2	0.400	
012_1BL	2	51	2	1	1	0.428	
012_1BL	2	52	1	1	1	0.398	
012_1BL	2	53	1	2	2	0.408	
012_1BL	2	54	1	1	1	0.384	
012_1BL	2	55	1	2	2	0.401	
012_1BL	3	0	1	2	2	0.369	
012_1BL	3	1	1	2	2	0.377	
012_1BL	3	2	1	1	1	0.376	
012_1BL	3	3	1	2	2	0.354	
012_1BL	3	4	2	1	1	0.428	
012_1BL	3	5	2	2	2	0.382	
012_1BL	3	6	2	2	2	0.349	
012_1BL	3	7	2	2	2	0.325	
012_1BL	3	8	2	1	1	0.427	
012_1BL	3	9	2	1	1	0.418	
012_1BL	3	10	2	2	2	0.429	
012_1BL	3	11	2	2	2	0.477	
012_1BL	3	12	1	1	1	0.409	
012_1BL	3	13	2	2	2	0.392	
012_1BL	3	14	2	2	2	0.472	
012_1BL	3	15	1	1	1	0.352	
012_1BL	3	16	1	1	1	0.389	
012_1BL	3	17	1	1	1	0.815	
012_1BL	3	18	2	1	1	0.450	
012_1BL	3	19	2	1	1	0.386	
012_1BL	3	20	1	2	2	0.355	
012_1BL	3	21	1	2	2	0.411	
012_1BL	3	22	1	2	2	0.394	
012_1BL	3	23	1	1	1	0.466	
012_1BL	3	24	1	1	1	0.488	
012_1BL	3	25	1	2	2	0.393	
012_1BL	3	26	2	1	1	0.443	
012_1BL	3	27	1	1	1	0.444	
012_1BL	3	28	2	2	2	0.351	
012_1BL	3	29	1	1	1	0.408	
012_1BL	3	30	1	2	2	0.462	
012_1BL	3	31	1	1	1	0.417	
012_1BL	3	32	2	1	1	0.555	
012_1BL	3	33	2	1	1	0.371	
012_1BL	3	34	2	2	2	0.405	
012_1BL	3	35	2	1	1	0.459	
012_1BL	3	36	2	1	1	0.430	
012_1BL	3	37	1	2	2	0.381	
012_1BL	3	38	1	1	1	0.393	
012_1BL	3	39	2	2	2	0.462	
012_1BL	3	40	1	1	1	0.353	
012_1BL	3	41	1	2	2	0.591	
012_1BL	3	42	2	1	1	0.566	
012_1BL	3	43	2	1	1	0.388	
012_1BL	3	44	1	2	2	0.414	
012_1BL	3	45	1	2	2	0.372	
012_1BL	3	46	2	2	2	0.462	
012_1BL	3	47	1	2	2	0.398	
012_1BL	3	48	2	1	1	0.469	
012_1BL	3	49	2	2	2	0.470	
012_1BL	3	50	1	2	2	0.478	
012_1BL	3	51	2	2	2	0.510	
012_1BL	3	52	1	1	1	0.467	
012_1BL	3	53	2	1	1	0.482	
012_1BL	3	54	2	2	2	0.456	
012_1BL	3	55	1	1	1	0.403	
