sub	block	trial	congr	stim	resp	RT	
007_4PH	0	0	1	1	1	0.503	
007_4PH	0	1	2	1	2	0.456	
007_4PH	0	2	2	1	1	0.445	
007_4PH	0	3	2	1	1	0.447	
007_4PH	0	4	2	2	2	0.470	
007_4PH	0	5	2	1	1	0.433	
007_4PH	0	6	2	2	2	0.416	
007_4PH	0	7	1	2	2	0.461	
007_4PH	0	8	1	1	1	0.380	
007_4PH	0	9	1	1	1	0.378	
007_4PH	0	10	2	1	1	0.438	
007_4PH	0	11	1	2	2	0.602	
007_4PH	0	12	2	1	1	0.425	
007_4PH	0	13	2	2	2	0.409	
007_4PH	0	14	1	1	1	0.347	
007_4PH	0	15	2	2	2	0.461	
007_4PH	0	16	2	1	1	0.427	
007_4PH	0	17	1	1	1	0.461	
007_4PH	0	18	2	2	2	0.487	
007_4PH	0	19	2	2	2	0.582	
007_4PH	0	20	1	2	2	0.483	
007_4PH	0	21	1	2	2	0.424	
007_4PH	0	22	2	2	2	0.526	
007_4PH	0	23	2	2	2	0.453	
007_4PH	0	24	1	1	1	0.613	
007_4PH	0	25	1	1	1	0.440	
007_4PH	0	26	1	2	2	0.422	
007_4PH	0	27	2	1	1	0.478	
007_4PH	0	28	1	1	1	0.421	
007_4PH	0	29	2	2	2	0.458	
007_4PH	0	30	2	2	2	0.479	
007_4PH	0	31	2	2	2	0.483	
007_4PH	0	32	2	1	1	0.426	
007_4PH	0	33	1	2	2	0.454	
007_4PH	0	34	1	1	1	0.374	
007_4PH	0	35	2	1	1	1.087	
007_4PH	0	36	1	1	1	1.279	
007_4PH	0	37	2	1	1	1.171	
007_4PH	0	38	1	1	1	1.428	
007_4PH	0	39	1	1	1	0.407	
007_4PH	0	40	1	1	1	0.466	
007_4PH	0	41	2	1	999	999.000	
007_4PH	0	42	2	2	2	0.752	
007_4PH	0	43	2	1	1	0.598	
007_4PH	0	44	2	2	2	0.446	
007_4PH	0	45	2	2	2	1.055	
007_4PH	0	46	1	2	2	0.547	
007_4PH	0	47	1	2	2	0.458	
007_4PH	0	48	1	2	2	0.372	
007_4PH	0	49	1	2	2	0.386	
007_4PH	0	50	2	1	1	0.497	
007_4PH	0	51	1	2	2	0.481	
007_4PH	0	52	1	2	2	0.392	
007_4PH	0	53	1	2	2	0.443	
007_4PH	0	54	1	2	2	0.435	
007_4PH	0	55	1	1	1	0.388	
007_4PH	1	0	1	1	1	0.452	
007_4PH	1	1	2	1	1	0.608	
007_4PH	1	2	1	2	2	0.677	
007_4PH	1	3	1	1	1	0.584	
007_4PH	1	4	1	2	2	0.425	
007_4PH	1	5	1	2	2	0.444	
007_4PH	1	6	2	1	1	0.563	
007_4PH	1	7	1	1	1	0.579	
007_4PH	1	8	2	2	2	0.520	
007_4PH	1	9	1	1	1	0.510	
007_4PH	1	10	2	2	2	0.628	
007_4PH	1	11	1	1	1	0.426	
007_4PH	1	12	1	1	1	0.352	
007_4PH	1	13	1	2	2	0.442	
007_4PH	1	14	1	2	2	0.384	
007_4PH	1	15	1	2	2	0.372	
007_4PH	1	16	2	1	1	0.408	
007_4PH	1	17	2	1	1	0.401	
007_4PH	1	18	2	1	1	0.443	
007_4PH	1	19	2	1	1	0.466	
007_4PH	1	20	2	2	2	0.533	
007_4PH	1	21	2	2	2	0.429	
007_4PH	1	22	1	2	2	0.479	
007_4PH	1	23	2	2	2	0.380	
007_4PH	1	24	2	2	2	0.421	
007_4PH	1	25	1	2	2	0.374	
007_4PH	1	26	2	2	2	0.431	
007_4PH	1	27	2	1	1	0.447	
007_4PH	1	28	2	2	2	0.442	
007_4PH	1	29	1	2	2	0.426	
007_4PH	1	30	1	1	1	0.398	
007_4PH	1	31	2	1	1	0.448	
007_4PH	1	32	1	2	2	0.493	
007_4PH	1	33	1	2	2	0.428	
007_4PH	1	34	1	2	2	0.341	
007_4PH	1	35	1	1	1	0.375	
007_4PH	1	36	1	1	1	0.387	
007_4PH	1	37	2	2	2	0.403	
007_4PH	1	38	1	1	1	0.406	
007_4PH	1	39	2	1	1	0.432	
007_4PH	1	40	2	1	1	0.527	
007_4PH	1	41	1	1	1	0.463	
007_4PH	1	42	2	2	2	0.486	
007_4PH	1	43	2	2	2	0.512	
007_4PH	1	44	2	2	2	0.451	
007_4PH	1	45	1	2	2	0.665	
007_4PH	1	46	1	1	1	0.449	
007_4PH	1	47	2	1	1	0.547	
007_4PH	1	48	2	1	1	0.451	
007_4PH	1	49	1	2	2	0.481	
007_4PH	1	50	2	1	1	0.411	
007_4PH	1	51	2	2	2	0.489	
007_4PH	1	52	1	1	1	0.418	
007_4PH	1	53	2	2	2	0.494	
007_4PH	1	54	2	1	1	0.531	
007_4PH	1	55	1	1	1	0.425	
007_4PH	2	0	2	1	1	0.507	
007_4PH	2	1	2	1	1	0.409	
007_4PH	2	2	1	2	2	0.400	
007_4PH	2	3	2	1	1	0.434	
007_4PH	2	4	1	1	1	0.378	
007_4PH	2	5	2	2	2	0.428	
007_4PH	2	6	1	1	1	0.444	
007_4PH	2	7	1	2	2	0.406	
007_4PH	2	8	2	1	1	0.421	
007_4PH	2	9	2	2	2	0.391	
007_4PH	2	10	2	2	2	0.448	
007_4PH	2	11	2	1	1	0.455	
007_4PH	2	12	2	2	2	0.477	
007_4PH	2	13	1	1	1	0.390	
007_4PH	2	14	2	2	2	0.426	
007_4PH	2	15	1	2	2	0.375	
007_4PH	2	16	1	1	1	0.363	
007_4PH	2	17	1	2	2	0.426	
007_4PH	2	18	1	2	2	0.386	
007_4PH	2	19	2	1	1	0.474	
007_4PH	2	20	2	2	2	0.414	
007_4PH	2	21	2	1	1	0.478	
007_4PH	2	22	2	1	1	0.503	
007_4PH	2	23	1	2	2	0.432	
007_4PH	2	24	1	1	1	0.478	
007_4PH	2	25	1	1	1	0.377	
007_4PH	2	26	1	2	2	0.410	
007_4PH	2	27	2	2	2	0.414	
007_4PH	2	28	2	2	2	1.234	
007_4PH	2	29	1	2	2	0.814	
007_4PH	2	30	1	1	1	0.480	
007_4PH	2	31	2	1	1	0.605	
007_4PH	2	32	1	1	1	0.524	
007_4PH	2	33	2	1	1	0.469	
007_4PH	2	34	2	2	2	0.376	
007_4PH	2	35	2	1	1	0.431	
007_4PH	2	36	1	2	2	0.383	
007_4PH	2	37	2	2	2	0.420	
007_4PH	2	38	1	2	2	0.431	
007_4PH	2	39	1	1	1	0.396	
007_4PH	2	40	1	2	2	0.344	
007_4PH	2	41	2	1	1	0.355	
007_4PH	2	42	2	2	2	0.473	
007_4PH	2	43	1	1	1	0.461	
007_4PH	2	44	1	2	2	0.487	
007_4PH	2	45	2	2	2	0.534	
007_4PH	2	46	1	1	1	0.505	
007_4PH	2	47	1	2	2	0.433	
007_4PH	2	48	2	1	1	0.437	
007_4PH	2	49	1	1	1	0.355	
007_4PH	2	50	2	2	2	0.457	
007_4PH	2	51	2	1	1	0.404	
007_4PH	2	52	1	1	1	0.340	
007_4PH	2	53	2	2	2	0.374	
007_4PH	2	54	1	1	1	0.356	
007_4PH	2	55	1	2	2	0.414	
007_4PH	3	0	2	2	2	0.519	
007_4PH	3	1	1	2	2	0.375	
007_4PH	3	2	2	2	2	0.391	
007_4PH	3	3	2	1	1	0.479	
007_4PH	3	4	1	1	1	0.394	
007_4PH	3	5	1	2	2	0.353	
007_4PH	3	6	1	1	1	0.329	
007_4PH	3	7	2	2	2	0.454	
007_4PH	3	8	1	2	2	0.379	
007_4PH	3	9	2	2	2	0.498	
007_4PH	3	10	1	1	1	0.441	
007_4PH	3	11	1	2	2	0.367	
007_4PH	3	12	1	1	1	0.400	
007_4PH	3	13	1	2	2	0.349	
007_4PH	3	14	2	2	2	0.597	
007_4PH	3	15	2	2	2	0.456	
007_4PH	3	16	2	1	1	0.431	
007_4PH	3	17	2	2	2	0.586	
007_4PH	3	18	2	1	1	0.396	
007_4PH	3	19	2	2	2	0.368	
007_4PH	3	20	2	1	1	0.446	
007_4PH	3	21	2	1	1	0.468	
007_4PH	3	22	2	1	1	0.418	
007_4PH	3	23	2	2	2	0.507	
007_4PH	3	24	1	2	2	0.399	
007_4PH	3	25	1	1	1	0.367	
007_4PH	3	26	2	1	1	0.468	
007_4PH	3	27	2	1	1	0.447	
007_4PH	3	28	1	2	2	0.528	
007_4PH	3	29	2	1	1	0.428	
007_4PH	3	30	1	2	2	0.442	
007_4PH	3	31	1	2	2	0.411	
007_4PH	3	32	1	1	1	0.385	
007_4PH	3	33	2	2	2	0.363	
007_4PH	3	34	1	2	2	0.371	
007_4PH	3	35	2	2	2	0.447	
007_4PH	3	36	2	1	1	0.487	
007_4PH	3	37	1	2	2	0.396	
007_4PH	3	38	1	1	1	0.380	
007_4PH	3	39	1	1	1	0.403	
007_4PH	3	40	2	2	2	0.410	
007_4PH	3	41	2	1	1	0.612	
007_4PH	3	42	1	1	1	0.432	
007_4PH	3	43	1	1	1	0.400	
007_4PH	3	44	1	2	2	0.391	
007_4PH	3	45	1	1	1	0.346	
007_4PH	3	46	1	1	1	0.430	
007_4PH	3	47	2	2	2	0.674	
007_4PH	3	48	2	1	1	0.690	
007_4PH	3	49	2	1	1	0.749	
007_4PH	3	50	2	2	2	0.552	
007_4PH	3	51	1	1	1	0.666	
007_4PH	3	52	1	1	1	0.497	
007_4PH	3	53	1	2	2	0.353	
007_4PH	3	54	2	1	1	0.469	
007_4PH	3	55	1	2	2	0.418	
