sub	block	trial	congr	stim	resp	RT	
010_5LB	0	0	1	1	1	0.713	
010_5LB	0	1	1	2	2	0.373	
010_5LB	0	2	2	2	2	0.457	
010_5LB	0	3	1	2	2	0.362	
010_5LB	0	4	2	1	1	0.421	
010_5LB	0	5	2	1	1	0.394	
010_5LB	0	6	1	2	2	0.346	
010_5LB	0	7	2	2	2	0.440	
010_5LB	0	8	2	1	1	0.337	
010_5LB	0	9	2	1	1	0.391	
010_5LB	0	10	1	1	1	0.392	
010_5LB	0	11	2	1	2	0.424	
010_5LB	0	12	1	1	1	0.402	
010_5LB	0	13	1	1	1	0.402	
010_5LB	0	14	2	1	1	0.456	
010_5LB	0	15	1	2	2	0.397	
010_5LB	0	16	1	1	1	0.409	
010_5LB	0	17	1	2	2	0.373	
010_5LB	0	18	2	1	1	0.350	
010_5LB	0	19	1	2	2	0.374	
010_5LB	0	20	1	1	1	0.368	
010_5LB	0	21	1	1	1	0.403	
010_5LB	0	22	2	1	1	0.423	
010_5LB	0	23	2	1	1	0.435	
010_5LB	0	24	2	2	2	0.529	
010_5LB	0	25	1	2	2	0.424	
010_5LB	0	26	1	1	1	0.365	
010_5LB	0	27	2	1	1	0.432	
010_5LB	0	28	1	2	2	0.408	
010_5LB	0	29	2	2	2	0.434	
010_5LB	0	30	1	2	2	0.366	
010_5LB	0	31	2	1	1	0.429	
010_5LB	0	32	1	2	2	0.420	
010_5LB	0	33	2	2	2	0.454	
010_5LB	0	34	2	2	2	0.458	
010_5LB	0	35	1	1	1	0.424	
010_5LB	0	36	2	2	2	0.412	
010_5LB	0	37	1	2	2	0.396	
010_5LB	0	38	2	2	2	0.433	
010_5LB	0	39	1	1	1	0.387	
010_5LB	0	40	1	1	1	0.351	
010_5LB	0	41	1	1	1	0.373	
010_5LB	0	42	2	1	1	0.439	
010_5LB	0	43	1	2	2	0.418	
010_5LB	0	44	1	1	1	0.372	
010_5LB	0	45	2	2	2	0.399	
010_5LB	0	46	2	2	2	0.374	
010_5LB	0	47	2	2	2	0.369	
010_5LB	0	48	2	1	1	0.448	
010_5LB	0	49	1	2	2	0.357	
010_5LB	0	50	2	2	2	0.416	
010_5LB	0	51	1	2	2	0.362	
010_5LB	0	52	2	2	2	0.408	
010_5LB	0	53	2	1	1	0.428	
010_5LB	0	54	1	1	1	0.402	
010_5LB	0	55	2	2	2	0.462	
010_5LB	1	0	2	1	1	0.456	
010_5LB	1	1	1	1	1	0.392	
010_5LB	1	2	2	1	1	0.444	
010_5LB	1	3	1	2	2	0.426	
010_5LB	1	4	1	2	2	0.374	
010_5LB	1	5	1	2	2	0.423	
010_5LB	1	6	1	1	1	0.347	
010_5LB	1	7	2	1	1	0.409	
010_5LB	1	8	2	2	2	0.426	
010_5LB	1	9	1	1	1	0.392	
010_5LB	1	10	2	1	1	0.426	
010_5LB	1	11	1	1	1	0.367	
010_5LB	1	12	2	1	1	0.447	
010_5LB	1	13	2	1	1	0.418	
010_5LB	1	14	2	1	1	0.423	
010_5LB	1	15	1	2	2	0.414	
010_5LB	1	16	1	1	1	0.395	
010_5LB	1	17	2	2	2	0.442	
010_5LB	1	18	1	1	1	0.367	
010_5LB	1	19	2	1	1	0.438	
010_5LB	1	20	2	2	2	0.604	
010_5LB	1	21	1	1	1	0.362	
010_5LB	1	22	1	1	1	0.398	
010_5LB	1	23	2	1	1	0.442	
010_5LB	1	24	1	2	2	0.414	
010_5LB	1	25	2	1	1	0.433	
010_5LB	1	26	2	1	1	0.444	
010_5LB	1	27	1	1	1	0.377	
010_5LB	1	28	2	1	1	0.461	
010_5LB	1	29	1	1	1	0.366	
010_5LB	1	30	1	1	1	0.341	
010_5LB	1	31	2	1	1	0.480	
010_5LB	1	32	1	2	2	0.392	
010_5LB	1	33	1	2	2	0.393	
010_5LB	1	34	1	2	2	0.361	
010_5LB	1	35	2	2	2	0.432	
010_5LB	1	36	2	2	2	0.438	
010_5LB	1	37	2	2	2	0.436	
010_5LB	1	38	1	1	1	0.455	
010_5LB	1	39	2	1	1	0.449	
010_5LB	1	40	2	2	2	0.494	
010_5LB	1	41	2	2	2	0.381	
010_5LB	1	42	1	2	2	0.371	
010_5LB	1	43	1	2	2	0.342	
010_5LB	1	44	1	1	1	0.420	
010_5LB	1	45	1	2	2	0.416	
010_5LB	1	46	1	2	2	0.338	
010_5LB	1	47	2	2	2	0.424	
010_5LB	1	48	2	2	2	0.420	
010_5LB	1	49	1	2	2	0.361	
010_5LB	1	50	1	1	1	0.473	
010_5LB	1	51	2	2	2	0.499	
010_5LB	1	52	2	2	2	0.436	
010_5LB	1	53	1	2	2	0.372	
010_5LB	1	54	2	2	2	0.392	
010_5LB	1	55	2	2	2	0.358	
010_5LB	2	0	2	1	1	0.548	
010_5LB	2	1	2	2	2	0.480	
010_5LB	2	2	1	2	2	0.351	
010_5LB	2	3	2	1	1	0.436	
010_5LB	2	4	1	1	1	0.363	
010_5LB	2	5	2	1	1	0.439	
010_5LB	2	6	2	2	2	0.462	
010_5LB	2	7	2	2	2	0.462	
010_5LB	2	8	1	1	1	0.380	
010_5LB	2	9	1	1	1	0.378	
010_5LB	2	10	2	2	2	0.437	
010_5LB	2	11	1	2	2	0.379	
010_5LB	2	12	1	1	1	0.395	
010_5LB	2	13	1	1	1	0.369	
010_5LB	2	14	2	2	2	0.439	
010_5LB	2	15	1	2	2	0.408	
010_5LB	2	16	2	1	1	0.452	
010_5LB	2	17	1	1	1	0.415	
010_5LB	2	18	2	1	1	0.447	
010_5LB	2	19	2	2	2	0.426	
010_5LB	2	20	1	2	2	0.387	
010_5LB	2	21	1	2	2	0.388	
010_5LB	2	22	2	2	2	0.462	
010_5LB	2	23	2	1	1	0.496	
010_5LB	2	24	1	2	2	0.402	
010_5LB	2	25	1	1	1	0.360	
010_5LB	2	26	2	2	2	0.451	
010_5LB	2	27	2	1	1	0.457	
010_5LB	2	28	1	1	1	0.391	
010_5LB	2	29	1	1	1	0.401	
010_5LB	2	30	2	1	1	0.462	
010_5LB	2	31	2	1	1	0.359	
010_5LB	2	32	1	1	1	0.427	
010_5LB	2	33	2	1	1	0.398	
010_5LB	2	34	2	2	2	0.434	
010_5LB	2	35	1	2	2	0.402	
010_5LB	2	36	1	2	2	0.401	
010_5LB	2	37	1	2	2	0.357	
010_5LB	2	38	1	1	1	0.401	
010_5LB	2	39	2	2	2	0.501	
010_5LB	2	40	1	2	2	0.359	
010_5LB	2	41	1	1	1	0.323	
010_5LB	2	42	1	2	2	0.318	
010_5LB	2	43	2	1	1	0.376	
010_5LB	2	44	1	1	1	0.420	
010_5LB	2	45	2	2	2	0.418	
010_5LB	2	46	1	2	2	0.423	
010_5LB	2	47	2	2	2	0.445	
010_5LB	2	48	2	1	1	0.507	
010_5LB	2	49	1	2	2	0.373	
010_5LB	2	50	2	1	1	0.353	
010_5LB	2	51	1	1	1	0.362	
010_5LB	2	52	2	2	2	0.444	
010_5LB	2	53	2	2	2	0.449	
010_5LB	2	54	2	1	1	0.458	
010_5LB	2	55	1	2	2	0.434	
010_5LB	3	0	1	1	1	0.530	
010_5LB	3	1	1	1	1	0.427	
010_5LB	3	2	2	2	2	0.485	
010_5LB	3	3	1	2	2	0.381	
010_5LB	3	4	1	1	1	0.422	
010_5LB	3	5	2	2	2	0.464	
010_5LB	3	6	1	1	1	0.397	
010_5LB	3	7	2	1	1	0.522	
010_5LB	3	8	2	1	1	0.396	
010_5LB	3	9	2	1	1	0.441	
010_5LB	3	10	1	2	2	0.379	
010_5LB	3	11	2	2	2	0.438	
010_5LB	3	12	2	2	2	0.436	
010_5LB	3	13	2	1	1	0.430	
010_5LB	3	14	2	1	1	0.427	
010_5LB	3	15	2	1	1	0.373	
010_5LB	3	16	2	1	1	0.361	
010_5LB	3	17	1	2	2	0.406	
010_5LB	3	18	1	2	2	0.422	
010_5LB	3	19	1	1	1	0.350	
010_5LB	3	20	2	2	2	0.446	
010_5LB	3	21	1	1	1	0.402	
010_5LB	3	22	2	2	2	0.544	
010_5LB	3	23	2	1	1	0.471	
010_5LB	3	24	2	2	2	0.478	
010_5LB	3	25	2	2	2	0.423	
010_5LB	3	26	2	2	2	0.375	
010_5LB	3	27	2	1	1	0.432	
010_5LB	3	28	1	2	2	0.352	
010_5LB	3	29	1	1	1	0.355	
010_5LB	3	30	1	2	2	0.343	
010_5LB	3	31	1	2	2	0.379	
010_5LB	3	32	1	1	1	0.340	
010_5LB	3	33	1	1	1	0.378	
010_5LB	3	34	2	1	1	0.444	
010_5LB	3	35	1	2	2	0.399	
010_5LB	3	36	2	1	1	0.392	
010_5LB	3	37	2	1	1	0.489	
010_5LB	3	38	1	1	1	0.371	
010_5LB	3	39	2	2	2	0.440	
010_5LB	3	40	1	2	2	0.332	
010_5LB	3	41	2	2	2	0.444	
010_5LB	3	42	2	2	2	0.418	
010_5LB	3	43	2	1	1	0.427	
010_5LB	3	44	1	2	2	0.432	
010_5LB	3	45	1	1	1	0.384	
010_5LB	3	46	1	2	2	0.377	
010_5LB	3	47	1	1	1	0.332	
010_5LB	3	48	1	2	2	0.316	
010_5LB	3	49	1	1	1	0.392	
010_5LB	3	50	2	2	2	0.462	
010_5LB	3	51	1	1	1	0.367	
010_5LB	3	52	2	2	2	0.438	
010_5LB	3	53	1	2	2	0.372	
010_5LB	3	54	1	2	2	0.409	
010_5LB	3	55	2	1	1	0.544	
