sub	block	trial	congr	stim	resp	RT	
016_1BL	0	0	2	1	2	0.610	
016_1BL	0	1	1	1	1	0.417	
016_1BL	0	2	2	2	1	0.326	
016_1BL	0	3	2	1	2	0.465	
016_1BL	0	4	2	2	2	0.427	
016_1BL	0	5	2	1	1	0.569	
016_1BL	0	6	1	2	2	0.392	
016_1BL	0	7	2	2	2	0.580	
016_1BL	0	8	1	1	1	0.332	
016_1BL	0	9	1	2	2	0.375	
016_1BL	0	10	1	1	1	0.411	
016_1BL	0	11	2	2	2	0.471	
016_1BL	0	12	1	2	2	0.394	
016_1BL	0	13	2	2	1	0.417	
016_1BL	0	14	2	1	1	0.513	
016_1BL	0	15	1	1	1	0.420	
016_1BL	0	16	1	1	1	0.358	
016_1BL	0	17	2	2	2	0.428	
016_1BL	0	18	1	2	2	0.378	
016_1BL	0	19	2	1	1	0.466	
016_1BL	0	20	1	1	1	0.415	
016_1BL	0	21	2	1	2	0.388	
016_1BL	0	22	1	1	1	0.418	
016_1BL	0	23	1	2	2	0.388	
016_1BL	0	24	1	1	1	0.340	
016_1BL	0	25	1	2	2	0.406	
016_1BL	0	26	2	1	2	0.402	
016_1BL	0	27	2	1	2	0.345	
016_1BL	0	28	1	2	2	0.377	
016_1BL	0	29	1	1	1	0.416	
016_1BL	0	30	1	1	1	0.388	
016_1BL	0	31	1	1	1	0.574	
016_1BL	0	32	1	2	2	0.436	
016_1BL	0	33	2	2	2	0.468	
016_1BL	0	34	2	2	1	0.368	
016_1BL	0	35	2	2	1	0.454	
016_1BL	0	36	1	2	2	0.495	
016_1BL	0	37	2	2	2	0.635	
016_1BL	0	38	2	1	2	0.489	
016_1BL	0	39	2	2	2	0.568	
016_1BL	0	40	2	1	1	0.447	
016_1BL	0	41	2	1	1	0.488	
016_1BL	0	42	1	1	1	0.393	
016_1BL	0	43	1	2	2	0.553	
016_1BL	0	44	1	1	1	0.386	
016_1BL	0	45	1	2	2	0.385	
016_1BL	0	46	2	1	1	0.471	
016_1BL	0	47	1	2	2	0.361	
016_1BL	0	48	1	2	2	0.368	
016_1BL	0	49	2	2	1	0.401	
016_1BL	0	50	2	1	1	0.471	
016_1BL	0	51	2	1	2	0.357	
016_1BL	0	52	1	1	1	0.385	
016_1BL	0	53	2	2	2	0.418	
016_1BL	0	54	2	2	2	0.517	
016_1BL	0	55	1	2	2	0.360	
016_1BL	1	0	2	1	1	0.637	
016_1BL	1	1	1	2	2	0.416	
016_1BL	1	2	2	2	1	0.430	
016_1BL	1	3	1	2	2	0.406	
016_1BL	1	4	2	2	1	0.324	
016_1BL	1	5	1	1	1	0.380	
016_1BL	1	6	1	2	2	0.312	
016_1BL	1	7	1	1	1	0.391	
016_1BL	1	8	2	2	2	0.432	
016_1BL	1	9	1	1	1	0.381	
016_1BL	1	10	1	2	2	0.366	
016_1BL	1	11	2	1	1	0.426	
016_1BL	1	12	2	1	1	0.521	
016_1BL	1	13	1	2	2	0.397	
016_1BL	1	14	2	1	1	0.439	
016_1BL	1	15	1	2	2	0.424	
016_1BL	1	16	1	2	2	0.374	
016_1BL	1	17	1	1	1	0.396	
016_1BL	1	18	2	1	2	0.371	
016_1BL	1	19	1	1	1	0.434	
016_1BL	1	20	2	1	2	0.410	
016_1BL	1	21	1	1	1	0.361	
016_1BL	1	22	1	1	1	0.338	
016_1BL	1	23	1	2	2	0.455	
016_1BL	1	24	2	1	1	0.440	
016_1BL	1	25	2	2	2	0.437	
016_1BL	1	26	2	2	1	0.372	
016_1BL	1	27	1	2	2	0.342	
016_1BL	1	28	2	2	2	0.482	
016_1BL	1	29	1	1	1	0.366	
016_1BL	1	30	1	2	2	0.407	
016_1BL	1	31	2	1	2	0.334	
016_1BL	1	32	2	2	2	0.473	
016_1BL	1	33	2	2	2	0.411	
016_1BL	1	34	1	2	2	0.355	
016_1BL	1	35	1	1	1	0.390	
016_1BL	1	36	2	1	1	0.393	
016_1BL	1	37	1	1	1	0.336	
016_1BL	1	38	2	2	2	0.471	
016_1BL	1	39	2	2	2	0.395	
016_1BL	1	40	1	2	2	0.340	
016_1BL	1	41	2	1	1	0.434	
016_1BL	1	42	1	2	2	0.366	
016_1BL	1	43	2	1	2	0.405	
016_1BL	1	44	1	1	1	0.438	
016_1BL	1	45	1	1	1	0.319	
016_1BL	1	46	2	2	2	0.482	
016_1BL	1	47	1	1	1	0.377	
016_1BL	1	48	2	2	2	0.407	
016_1BL	1	49	1	2	2	0.349	
016_1BL	1	50	2	1	2	0.496	
016_1BL	1	51	2	2	2	0.494	
016_1BL	1	52	2	2	2	0.501	
016_1BL	1	53	1	1	2	0.544	
016_1BL	1	54	2	1	1	0.543	
016_1BL	1	55	2	1	2	0.426	
016_1BL	2	0	1	2	2	0.441	
016_1BL	2	1	1	1	1	0.523	
016_1BL	2	2	1	2	2	0.389	
016_1BL	2	3	1	1	1	0.403	
016_1BL	2	4	1	2	2	0.406	
016_1BL	2	5	1	1	1	0.388	
016_1BL	2	6	2	2	2	0.432	
016_1BL	2	7	2	2	1	0.333	
016_1BL	2	8	1	2	2	0.397	
016_1BL	2	9	1	2	2	0.382	
016_1BL	2	10	1	2	2	0.366	
016_1BL	2	11	1	2	2	0.354	
016_1BL	2	12	2	2	2	0.524	
016_1BL	2	13	2	1	2	0.408	
016_1BL	2	14	1	1	1	0.643	
016_1BL	2	15	2	1	1	0.140	
016_1BL	2	16	1	1	1	0.404	
016_1BL	2	17	2	2	2	0.563	
016_1BL	2	18	2	1	1	0.417	
016_1BL	2	19	2	2	2	0.434	
016_1BL	2	20	1	1	1	0.409	
016_1BL	2	21	2	2	2	0.440	
016_1BL	2	22	1	1	1	0.478	
016_1BL	2	23	1	1	1	0.414	
016_1BL	2	24	1	2	2	0.406	
016_1BL	2	25	2	1	1	0.463	
016_1BL	2	26	2	1	1	0.572	
016_1BL	2	27	1	1	1	0.381	
016_1BL	2	28	1	2	2	0.411	
016_1BL	2	29	2	1	1	0.469	
016_1BL	2	30	2	1	1	0.462	
016_1BL	2	31	2	2	2	0.647	
016_1BL	2	32	1	2	2	0.404	
016_1BL	2	33	2	2	2	0.534	
016_1BL	2	34	2	1	1	0.427	
016_1BL	2	35	2	1	1	0.423	
016_1BL	2	36	1	1	1	0.336	
016_1BL	2	37	2	1	1	0.440	
016_1BL	2	38	1	1	1	0.388	
016_1BL	2	39	1	2	2	0.397	
016_1BL	2	40	1	2	2	0.357	
016_1BL	2	41	2	1	1	0.536	
016_1BL	2	42	2	1	1	0.380	
016_1BL	2	43	2	1	1	0.446	
016_1BL	2	44	2	2	2	0.556	
016_1BL	2	45	2	2	2	0.444	
016_1BL	2	46	2	2	1	0.368	
016_1BL	2	47	1	1	1	0.412	
016_1BL	2	48	1	2	2	0.406	
016_1BL	2	49	1	1	2	0.449	
016_1BL	2	50	1	2	2	0.399	
016_1BL	2	51	2	2	2	0.429	
016_1BL	2	52	1	1	1	0.455	
016_1BL	2	53	2	1	2	0.403	
016_1BL	2	54	2	2	2	0.468	
016_1BL	2	55	2	2	2	0.493	
016_1BL	3	0	2	2	2	0.537	
016_1BL	3	1	1	1	1	0.400	
016_1BL	3	2	2	1	2	0.452	
016_1BL	3	3	1	1	1	0.425	
016_1BL	3	4	1	2	2	0.363	
016_1BL	3	5	2	1	1	0.392	
016_1BL	3	6	1	1	1	0.403	
016_1BL	3	7	1	1	1	0.661	
016_1BL	3	8	2	2	2	0.427	
016_1BL	3	9	1	1	1	0.370	
016_1BL	3	10	2	1	1	0.611	
016_1BL	3	11	1	1	1	0.369	
016_1BL	3	12	2	1	1	0.591	
016_1BL	3	13	1	2	2	0.473	
016_1BL	3	14	2	2	2	0.525	
016_1BL	3	15	1	1	1	0.428	
016_1BL	3	16	2	1	2	0.395	
016_1BL	3	17	2	1	1	0.627	
016_1BL	3	18	2	1	2	0.409	
016_1BL	3	19	2	1	1	0.507	
016_1BL	3	20	1	2	2	0.406	
016_1BL	3	21	2	2	2	0.534	
016_1BL	3	22	2	2	2	0.505	
016_1BL	3	23	1	1	1	0.472	
016_1BL	3	24	2	2	1	0.535	
016_1BL	3	25	1	2	2	0.500	
016_1BL	3	26	1	2	2	0.392	
016_1BL	3	27	1	1	1	0.333	
016_1BL	3	28	2	2	1	0.332	
016_1BL	3	29	1	2	2	0.465	
016_1BL	3	30	1	1	1	0.403	
016_1BL	3	31	1	2	2	0.391	
016_1BL	3	32	1	2	2	0.342	
016_1BL	3	33	1	2	2	0.328	
016_1BL	3	34	2	2	2	0.504	
016_1BL	3	35	2	1	1	0.380	
016_1BL	3	36	2	1	1	0.470	
016_1BL	3	37	2	1	1	0.367	
016_1BL	3	38	1	2	2	0.427	
016_1BL	3	39	1	2	2	0.350	
016_1BL	3	40	2	2	2	0.457	
016_1BL	3	41	2	2	2	0.450	
016_1BL	3	42	1	1	1	0.401	
016_1BL	3	43	1	2	1	0.550	
016_1BL	3	44	2	2	2	0.493	
016_1BL	3	45	1	2	2	0.322	
016_1BL	3	46	1	1	1	0.418	
016_1BL	3	47	1	2	2	0.520	
016_1BL	3	48	1	1	1	0.398	
016_1BL	3	49	2	1	1	0.483	
016_1BL	3	50	1	1	1	0.336	
016_1BL	3	51	2	1	2	0.462	
016_1BL	3	52	2	2	1	0.431	
016_1BL	3	53	2	1	1	0.507	
016_1BL	3	54	2	2	2	0.626	
016_1BL	3	55	2	2	1	0.372	
