sub	block	trial	congr	stim	resp	RT	
016_NM	0	0	1	1	1	1.362	
016_NM	0	1	1	2	2	0.442	
016_NM	0	2	1	1	1	0.410	
016_NM	0	3	2	1	1	0.512	
016_NM	0	4	2	1	1	0.473	
016_NM	0	5	2	2	1	0.304	
016_NM	0	6	1	2	2	0.409	
016_NM	0	7	2	2	2	0.449	
016_NM	0	8	2	1	2	0.435	
016_NM	0	9	2	2	2	0.591	
016_NM	0	10	2	2	2	0.389	
016_NM	0	11	1	2	2	0.358	
016_NM	0	12	1	1	1	0.413	
016_NM	0	13	2	1	1	0.575	
016_NM	0	14	2	1	1	0.521	
016_NM	0	15	1	2	2	0.408	
016_NM	0	16	2	1	2	0.301	
016_NM	0	17	2	1	1	0.552	
016_NM	0	18	2	1	1	0.583	
016_NM	0	19	1	2	2	0.489	
016_NM	0	20	2	2	2	0.510	
016_NM	0	21	2	2	2	0.353	
016_NM	0	22	1	1	1	0.463	
016_NM	0	23	2	2	2	0.479	
016_NM	0	24	1	1	1	0.386	
016_NM	0	25	1	2	2	0.426	
016_NM	0	26	2	2	1	0.375	
016_NM	0	27	1	2	2	0.403	
016_NM	0	28	1	2	2	0.393	
016_NM	0	29	1	1	1	0.429	
016_NM	0	30	2	2	2	0.498	
016_NM	0	31	2	1	1	0.459	
016_NM	0	32	1	1	1	0.387	
016_NM	0	33	1	2	2	0.425	
016_NM	0	34	1	2	2	0.401	
016_NM	0	35	2	1	1	0.453	
016_NM	0	36	1	1	1	0.540	
016_NM	0	37	1	1	1	0.351	
016_NM	0	38	2	1	1	0.482	
016_NM	0	39	2	1	1	0.453	
016_NM	0	40	1	2	2	0.408	
016_NM	0	41	1	1	1	0.378	
016_NM	0	42	1	2	2	0.421	
016_NM	0	43	1	1	1	0.418	
016_NM	0	44	1	2	2	0.417	
016_NM	0	45	2	2	1	0.366	
016_NM	0	46	1	2	2	0.357	
016_NM	0	47	2	1	1	0.404	
016_NM	0	48	2	1	1	0.416	
016_NM	0	49	2	2	2	0.502	
016_NM	0	50	2	2	2	0.483	
016_NM	0	51	1	1	1	0.407	
016_NM	0	52	2	2	2	0.429	
016_NM	0	53	2	2	2	0.448	
016_NM	0	54	1	1	2	0.579	
016_NM	0	55	1	1	1	0.367	
016_NM	1	0	1	1	1	0.444	
016_NM	1	1	1	2	2	0.486	
016_NM	1	2	1	2	2	0.326	
016_NM	1	3	2	2	2	0.472	
016_NM	1	4	1	2	2	0.345	
016_NM	1	5	2	1	1	0.423	
016_NM	1	6	1	1	1	0.299	
016_NM	1	7	2	2	2	0.474	
016_NM	1	8	1	2	2	0.306	
016_NM	1	9	2	1	1	0.478	
016_NM	1	10	2	1	1	0.460	
016_NM	1	11	1	2	2	0.396	
016_NM	1	12	1	2	2	0.337	
016_NM	1	13	1	2	2	0.350	
016_NM	1	14	1	2	2	0.251	
016_NM	1	15	1	1	1	0.395	
016_NM	1	16	2	2	2	0.441	
016_NM	1	17	2	1	1	0.472	
016_NM	1	18	1	2	2	0.420	
016_NM	1	19	2	1	2	0.356	
016_NM	1	20	2	2	2	0.436	
016_NM	1	21	2	2	2	0.432	
016_NM	1	22	1	1	1	0.541	
016_NM	1	23	1	2	2	0.422	
016_NM	1	24	2	1	1	0.456	
016_NM	1	25	2	2	2	0.436	
016_NM	1	26	2	1	1	0.414	
016_NM	1	27	1	1	1	0.371	
016_NM	1	28	2	1	1	0.379	
016_NM	1	29	1	2	2	0.422	
016_NM	1	30	2	2	2	0.430	
016_NM	1	31	2	1	2	0.296	
016_NM	1	32	1	1	1	0.386	
016_NM	1	33	2	1	1	0.486	
016_NM	1	34	2	2	1	0.285	
016_NM	1	35	2	2	2	0.642	
016_NM	1	36	1	2	2	0.372	
016_NM	1	37	2	1	1	0.374	
016_NM	1	38	1	1	1	0.338	
016_NM	1	39	2	2	2	0.503	
016_NM	1	40	1	1	1	0.412	
016_NM	1	41	1	1	1	0.333	
016_NM	1	42	1	2	2	0.458	
016_NM	1	43	2	1	1	0.465	
016_NM	1	44	1	1	1	0.376	
016_NM	1	45	2	2	2	0.458	
016_NM	1	46	1	1	1	0.447	
016_NM	1	47	2	1	1	0.482	
016_NM	1	48	2	2	1	0.522	
016_NM	1	49	1	1	1	0.350	
016_NM	1	50	2	2	2	0.460	
016_NM	1	51	2	2	2	0.441	
016_NM	1	52	2	1	1	0.447	
016_NM	1	53	1	1	1	0.409	
016_NM	1	54	1	1	1	0.270	
016_NM	1	55	1	2	2	0.483	
016_NM	2	0	2	2	1	0.662	
016_NM	2	1	1	2	2	0.354	
016_NM	2	2	2	2	2	0.434	
016_NM	2	3	1	2	2	0.332	
016_NM	2	4	1	2	2	0.401	
016_NM	2	5	2	1	2	0.507	
016_NM	2	6	1	2	2	0.427	
016_NM	2	7	1	1	1	0.469	
016_NM	2	8	1	1	1	0.399	
016_NM	2	9	2	1	1	0.511	
016_NM	2	10	1	2	2	0.430	
016_NM	2	11	1	1	1	0.347	
016_NM	2	12	2	1	1	0.519	
016_NM	2	13	2	2	2	0.560	
016_NM	2	14	2	1	1	0.462	
016_NM	2	15	1	1	1	0.362	
016_NM	2	16	2	1	1	0.497	
016_NM	2	17	2	1	1	0.390	
016_NM	2	18	1	1	1	0.323	
016_NM	2	19	1	1	1	0.275	
016_NM	2	20	2	1	1	0.424	
016_NM	2	21	2	1	1	0.339	
016_NM	2	22	1	2	2	0.463	
016_NM	2	23	1	2	2	0.459	
016_NM	2	24	1	2	2	0.314	
016_NM	2	25	2	2	2	0.501	
016_NM	2	26	2	2	2	0.515	
016_NM	2	27	1	1	1	0.453	
016_NM	2	28	1	2	2	0.460	
016_NM	2	29	2	1	1	0.454	
016_NM	2	30	1	1	1	0.332	
016_NM	2	31	1	1	1	0.367	
016_NM	2	32	2	2	2	0.440	
016_NM	2	33	2	2	2	0.471	
016_NM	2	34	2	1	1	0.580	
016_NM	2	35	2	2	2	0.502	
016_NM	2	36	2	2	2	0.448	
016_NM	2	37	2	1	1	0.507	
016_NM	2	38	2	2	2	0.448	
016_NM	2	39	2	1	1	0.480	
016_NM	2	40	1	2	2	0.454	
016_NM	2	41	1	1	1	0.359	
016_NM	2	42	2	2	2	0.465	
016_NM	2	43	2	2	1	0.372	
016_NM	2	44	1	1	1	0.426	
016_NM	2	45	1	1	1	0.355	
016_NM	2	46	2	2	2	0.603	
016_NM	2	47	1	2	2	0.400	
016_NM	2	48	2	2	2	0.451	
016_NM	2	49	2	1	2	0.328	
016_NM	2	50	1	2	2	0.342	
016_NM	2	51	1	2	2	0.322	
016_NM	2	52	1	1	1	0.437	
016_NM	2	53	1	2	2	0.406	
016_NM	2	54	2	1	1	0.496	
016_NM	2	55	1	1	1	0.447	
016_NM	3	0	1	2	2	0.440	
016_NM	3	1	1	1	1	0.444	
016_NM	3	2	1	1	1	0.342	
016_NM	3	3	2	2	1	0.328	
016_NM	3	4	1	2	2	0.401	
016_NM	3	5	1	1	1	0.373	
016_NM	3	6	2	2	1	0.387	
016_NM	3	7	2	2	2	0.547	
016_NM	3	8	1	2	2	0.365	
016_NM	3	9	2	1	1	0.412	
016_NM	3	10	2	1	1	0.510	
016_NM	3	11	2	1	1	0.429	
016_NM	3	12	1	2	2	0.408	
016_NM	3	13	1	1	1	0.446	
016_NM	3	14	2	2	2	0.494	
016_NM	3	15	2	2	2	0.476	
016_NM	3	16	2	1	1	0.562	
016_NM	3	17	1	1	1	0.477	
016_NM	3	18	1	2	2	0.413	
016_NM	3	19	2	1	1	0.500	
016_NM	3	20	1	1	1	0.585	
016_NM	3	21	1	2	2	0.404	
016_NM	3	22	1	1	1	0.467	
016_NM	3	23	2	1	2	0.371	
016_NM	3	24	2	2	2	0.494	
016_NM	3	25	1	1	1	0.396	
016_NM	3	26	1	2	2	0.427	
016_NM	3	27	1	2	2	0.378	
016_NM	3	28	1	2	2	0.337	
016_NM	3	29	1	2	2	0.326	
016_NM	3	30	2	1	1	0.501	
016_NM	3	31	2	1	1	0.452	
016_NM	3	32	1	1	1	0.327	
016_NM	3	33	2	2	1	0.371	
016_NM	3	34	2	1	1	0.320	
016_NM	3	35	1	1	1	0.302	
016_NM	3	36	2	2	2	0.449	
016_NM	3	37	1	2	2	0.378	
016_NM	3	38	2	1	1	0.408	
016_NM	3	39	1	1	1	0.415	
016_NM	3	40	2	2	2	0.435	
016_NM	3	41	1	2	2	0.502	
016_NM	3	42	2	1	1	0.685	
016_NM	3	43	1	1	1	0.440	
016_NM	3	44	2	2	1	0.309	
016_NM	3	45	1	2	2	0.475	
016_NM	3	46	2	2	2	0.451	
016_NM	3	47	1	2	2	0.384	
016_NM	3	48	2	1	1	0.409	
016_NM	3	49	2	2	2	0.577	
016_NM	3	50	2	2	2	0.519	
016_NM	3	51	2	1	1	0.551	
016_NM	3	52	2	1	1	0.564	
016_NM	3	53	1	1	1	0.356	
016_NM	3	54	1	1	1	0.333	
016_NM	3	55	2	2	1	0.362	
