sub	block	trial	congr	stim	resp	RT	
003_1BL	0	0	2	2	2	0.507	
003_1BL	0	1	2	2	2	0.495	
003_1BL	0	2	1	2	2	0.455	
003_1BL	0	3	2	2	2	0.572	
003_1BL	0	4	1	2	2	0.371	
003_1BL	0	5	1	1	1	0.445	
003_1BL	0	6	2	2	2	0.514	
003_1BL	0	7	1	1	1	0.414	
003_1BL	0	8	2	1	1	0.539	
003_1BL	0	9	2	1	1	0.538	
003_1BL	0	10	2	1	1	0.503	
003_1BL	0	11	1	2	2	0.424	
003_1BL	0	12	2	1	1	0.474	
003_1BL	0	13	1	1	1	0.431	
003_1BL	0	14	1	1	1	0.454	
003_1BL	0	15	2	2	2	0.410	
003_1BL	0	16	1	2	2	0.375	
003_1BL	0	17	2	2	2	0.462	
003_1BL	0	18	2	2	2	0.475	
003_1BL	0	19	2	1	1	0.505	
003_1BL	0	20	2	2	2	0.444	
003_1BL	0	21	1	2	2	0.335	
003_1BL	0	22	2	1	1	0.489	
003_1BL	0	23	2	1	1	0.407	
003_1BL	0	24	1	1	1	0.345	
003_1BL	0	25	2	1	1	0.498	
003_1BL	0	26	2	2	2	0.463	
003_1BL	0	27	1	2	2	0.330	
003_1BL	0	28	2	2	2	0.379	
003_1BL	0	29	1	1	1	0.392	
003_1BL	0	30	1	1	1	0.382	
003_1BL	0	31	2	1	1	0.483	
003_1BL	0	32	2	1	1	0.388	
003_1BL	0	33	1	1	1	0.352	
003_1BL	0	34	2	1	1	0.400	
003_1BL	0	35	2	1	1	0.308	
003_1BL	0	36	1	1	1	0.380	
003_1BL	0	37	2	2	2	0.446	
003_1BL	0	38	1	2	2	0.340	
003_1BL	0	39	1	1	1	0.387	
003_1BL	0	40	2	2	2	0.441	
003_1BL	0	41	2	2	2	0.401	
003_1BL	0	42	2	1	1	0.400	
003_1BL	0	43	1	2	2	0.381	
003_1BL	0	44	1	1	1	0.401	
003_1BL	0	45	2	1	1	0.408	
003_1BL	0	46	1	2	2	0.387	
003_1BL	0	47	1	1	1	0.396	
003_1BL	0	48	2	2	2	0.457	
003_1BL	0	49	1	2	2	0.351	
003_1BL	0	50	1	2	2	0.354	
003_1BL	0	51	1	2	2	0.362	
003_1BL	0	52	1	1	1	0.385	
003_1BL	0	53	1	1	1	0.348	
003_1BL	0	54	1	2	2	0.390	
003_1BL	0	55	1	2	2	0.375	
003_1BL	1	0	1	2	2	0.489	
003_1BL	1	1	2	1	1	0.542	
003_1BL	1	2	2	2	1	0.475	
003_1BL	1	3	1	1	1	0.422	
003_1BL	1	4	2	1	1	0.452	
003_1BL	1	5	2	2	2	0.467	
003_1BL	1	6	1	2	2	0.449	
003_1BL	1	7	1	2	2	0.427	
003_1BL	1	8	2	1	1	0.605	
003_1BL	1	9	1	1	1	0.414	
003_1BL	1	10	1	1	1	0.386	
003_1BL	1	11	2	1	1	0.461	
003_1BL	1	12	2	1	1	0.432	
003_1BL	1	13	1	2	2	0.407	
003_1BL	1	14	2	2	2	0.446	
003_1BL	1	15	2	1	1	0.446	
003_1BL	1	16	1	1	1	0.420	
003_1BL	1	17	2	1	1	0.454	
003_1BL	1	18	2	2	2	0.451	
003_1BL	1	19	1	2	2	0.425	
003_1BL	1	20	1	1	1	0.415	
003_1BL	1	21	1	2	2	0.438	
003_1BL	1	22	2	2	2	0.475	
003_1BL	1	23	2	2	2	0.451	
003_1BL	1	24	1	2	2	0.431	
003_1BL	1	25	2	1	1	0.449	
003_1BL	1	26	1	1	1	0.418	
003_1BL	1	27	1	2	2	0.443	
003_1BL	1	28	2	2	2	0.504	
003_1BL	1	29	2	1	1	0.651	
003_1BL	1	30	2	2	2	0.548	
003_1BL	1	31	2	1	1	0.479	
003_1BL	1	32	2	1	1	0.477	
003_1BL	1	33	2	2	2	0.438	
003_1BL	1	34	1	2	2	0.376	
003_1BL	1	35	2	2	2	0.478	
003_1BL	1	36	2	2	2	0.441	
003_1BL	1	37	1	1	1	0.395	
003_1BL	1	38	1	1	1	0.441	
003_1BL	1	39	2	1	1	0.436	
003_1BL	1	40	2	2	2	0.423	
003_1BL	1	41	2	2	2	0.368	
003_1BL	1	42	1	1	1	0.433	
003_1BL	1	43	2	1	1	0.438	
003_1BL	1	44	1	1	1	0.356	
003_1BL	1	45	1	1	1	0.324	
003_1BL	1	46	1	2	2	0.399	
003_1BL	1	47	1	2	2	0.369	
003_1BL	1	48	2	2	2	0.497	
003_1BL	1	49	1	1	1	0.577	
003_1BL	1	50	1	2	2	0.478	
003_1BL	1	51	2	1	1	0.470	
003_1BL	1	52	1	1	1	0.465	
003_1BL	1	53	1	2	2	0.427	
003_1BL	1	54	1	1	1	0.363	
003_1BL	1	55	1	2	2	0.372	
003_1BL	2	0	1	2	2	0.494	
003_1BL	2	1	2	2	2	0.456	
003_1BL	2	2	2	2	2	0.433	
003_1BL	2	3	2	1	1	0.575	
003_1BL	2	4	1	1	1	0.392	
003_1BL	2	5	2	2	2	0.425	
003_1BL	2	6	1	1	1	0.402	
003_1BL	2	7	1	1	1	0.374	
003_1BL	2	8	1	2	2	0.409	
003_1BL	2	9	2	2	2	0.464	
003_1BL	2	10	2	2	2	0.476	
003_1BL	2	11	1	1	1	0.398	
003_1BL	2	12	1	1	1	0.379	
003_1BL	2	13	2	1	1	0.482	
003_1BL	2	14	1	2	2	0.408	
003_1BL	2	15	2	2	2	0.478	
003_1BL	2	16	1	2	2	0.370	
003_1BL	2	17	2	2	2	0.446	
003_1BL	2	18	1	1	1	0.415	
003_1BL	2	19	1	1	1	0.397	
003_1BL	2	20	2	1	1	0.427	
003_1BL	2	21	1	1	1	0.334	
003_1BL	2	22	1	1	1	0.341	
003_1BL	2	23	2	1	1	0.455	
003_1BL	2	24	1	2	2	0.419	
003_1BL	2	25	2	1	1	0.525	
003_1BL	2	26	2	2	2	0.454	
003_1BL	2	27	1	2	2	0.434	
003_1BL	2	28	2	1	1	0.453	
003_1BL	2	29	2	1	1	0.419	
003_1BL	2	30	2	1	1	0.392	
003_1BL	2	31	1	1	1	0.354	
003_1BL	2	32	2	2	2	0.466	
003_1BL	2	33	2	2	2	0.469	
003_1BL	2	34	2	2	2	0.505	
003_1BL	2	35	1	2	2	0.439	
003_1BL	2	36	2	2	2	0.477	
003_1BL	2	37	2	1	1	0.475	
003_1BL	2	38	1	2	2	0.413	
003_1BL	2	39	1	2	2	0.370	
003_1BL	2	40	1	1	1	0.404	
003_1BL	2	41	1	1	1	0.327	
003_1BL	2	42	2	1	1	0.373	
003_1BL	2	43	2	2	2	0.450	
003_1BL	2	44	1	2	2	0.389	
003_1BL	2	45	2	1	1	0.610	
003_1BL	2	46	1	2	2	0.412	
003_1BL	2	47	1	1	1	0.351	
003_1BL	2	48	1	2	2	0.364	
003_1BL	2	49	2	1	1	0.415	
003_1BL	2	50	2	1	1	0.355	
003_1BL	2	51	1	2	2	0.452	
003_1BL	2	52	2	1	1	0.414	
003_1BL	2	53	1	1	1	0.371	
003_1BL	2	54	2	2	2	0.434	
003_1BL	2	55	1	2	2	0.354	
003_1BL	3	0	1	1	1	0.527	
003_1BL	3	1	1	2	2	0.401	
003_1BL	3	2	2	1	1	0.456	
003_1BL	3	3	2	2	2	0.444	
003_1BL	3	4	2	1	1	0.528	
003_1BL	3	5	1	1	1	0.375	
003_1BL	3	6	2	2	2	0.433	
003_1BL	3	7	2	1	1	0.403	
003_1BL	3	8	1	1	1	0.352	
003_1BL	3	9	1	2	2	0.399	
003_1BL	3	10	2	1	1	0.363	
003_1BL	3	11	2	2	2	0.493	
003_1BL	3	12	1	2	2	0.330	
003_1BL	3	13	1	2	2	0.307	
003_1BL	3	14	2	2	2	0.458	
003_1BL	3	15	1	1	1	0.391	
003_1BL	3	16	2	1	1	0.599	
003_1BL	3	17	2	2	2	0.513	
003_1BL	3	18	1	1	1	0.370	
003_1BL	3	19	1	1	1	0.332	
003_1BL	3	20	1	2	2	0.388	
003_1BL	3	21	2	1	2	0.375	
003_1BL	3	22	1	1	1	0.433	
003_1BL	3	23	1	1	1	0.395	
003_1BL	3	24	1	1	1	0.380	
003_1BL	3	25	1	1	1	0.368	
003_1BL	3	26	2	1	1	0.518	
003_1BL	3	27	1	1	1	0.379	
003_1BL	3	28	2	2	2	0.461	
003_1BL	3	29	2	2	2	0.453	
003_1BL	3	30	2	1	1	0.415	
003_1BL	3	31	2	2	2	0.435	
003_1BL	3	32	1	2	2	0.417	
003_1BL	3	33	2	2	2	0.413	
003_1BL	3	34	1	2	2	0.394	
003_1BL	3	35	1	2	2	0.348	
003_1BL	3	36	2	1	1	0.438	
003_1BL	3	37	1	2	2	0.469	
003_1BL	3	38	1	2	2	0.374	
003_1BL	3	39	1	1	1	0.457	
003_1BL	3	40	2	1	1	0.487	
003_1BL	3	41	2	1	1	0.579	
003_1BL	3	42	2	2	2	0.758	
003_1BL	3	43	2	1	1	0.598	
003_1BL	3	44	1	2	2	0.442	
003_1BL	3	45	2	2	2	0.498	
003_1BL	3	46	2	2	2	0.438	
003_1BL	3	47	1	1	1	0.473	
003_1BL	3	48	1	2	2	0.448	
003_1BL	3	49	2	2	2	0.475	
003_1BL	3	50	2	1	1	0.495	
003_1BL	3	51	2	2	2	0.491	
003_1BL	3	52	1	2	2	0.434	
003_1BL	3	53	2	1	1	0.592	
003_1BL	3	54	1	1	1	0.465	
003_1BL	3	55	1	2	2	0.451	
