sub	block	trial	congr	stim	resp	RT	
005_6GS	0	0	1	1	1	0.495	
005_6GS	0	1	1	1	1	0.506	
005_6GS	0	2	2	1	1	0.588	
005_6GS	0	3	2	1	1	0.491	
005_6GS	0	4	1	2	2	0.456	
005_6GS	0	5	1	1	1	0.436	
005_6GS	0	6	1	2	2	0.451	
005_6GS	0	7	1	2	2	0.517	
005_6GS	0	8	2	2	2	0.389	
005_6GS	0	9	1	1	1	0.412	
005_6GS	0	10	2	2	2	0.389	
005_6GS	0	11	2	2	2	0.467	
005_6GS	0	12	2	2	2	0.444	
005_6GS	0	13	2	2	2	0.435	
005_6GS	0	14	2	1	1	0.463	
005_6GS	0	15	2	1	1	0.458	
005_6GS	0	16	1	1	1	0.403	
005_6GS	0	17	1	2	2	0.378	
005_6GS	0	18	1	1	1	0.475	
005_6GS	0	19	2	2	2	0.489	
005_6GS	0	20	1	2	2	0.434	
005_6GS	0	21	1	1	1	0.437	
005_6GS	0	22	2	2	2	0.560	
005_6GS	0	23	1	2	2	0.663	
005_6GS	0	24	1	2	2	0.519	
005_6GS	0	25	1	1	1	0.517	
005_6GS	0	26	1	2	2	0.442	
005_6GS	0	27	2	1	1	0.537	
005_6GS	0	28	2	2	2	0.475	
005_6GS	0	29	2	1	1	0.492	
005_6GS	0	30	1	1	1	0.516	
005_6GS	0	31	2	1	1	0.535	
005_6GS	0	32	1	2	2	0.455	
005_6GS	0	33	2	2	2	0.472	
005_6GS	0	34	2	2	2	0.500	
005_6GS	0	35	2	1	1	0.662	
005_6GS	0	36	1	2	2	0.486	
005_6GS	0	37	1	2	2	0.468	
005_6GS	0	38	2	1	1	0.485	
005_6GS	0	39	2	1	1	0.536	
005_6GS	0	40	1	1	1	0.520	
005_6GS	0	41	1	1	1	0.497	
005_6GS	0	42	2	2	2	0.724	
005_6GS	0	43	1	2	2	0.452	
005_6GS	0	44	2	1	1	0.540	
005_6GS	0	45	2	2	2	0.656	
005_6GS	0	46	1	2	2	0.449	
005_6GS	0	47	2	1	1	0.457	
005_6GS	0	48	1	1	1	0.422	
005_6GS	0	49	1	1	1	0.446	
005_6GS	0	50	2	2	2	0.424	
005_6GS	0	51	2	1	1	0.776	
005_6GS	0	52	1	1	1	0.671	
005_6GS	0	53	2	1	1	0.549	
005_6GS	0	54	1	2	2	0.442	
005_6GS	0	55	2	2	2	0.499	
005_6GS	1	0	2	1	1	0.501	
005_6GS	1	1	1	2	2	0.637	
005_6GS	1	2	2	1	1	0.577	
005_6GS	1	3	2	2	2	0.429	
005_6GS	1	4	1	2	2	0.414	
005_6GS	1	5	2	2	2	0.489	
005_6GS	1	6	1	2	2	0.468	
005_6GS	1	7	1	1	1	0.693	
005_6GS	1	8	2	1	1	0.671	
005_6GS	1	9	1	1	1	0.443	
005_6GS	1	10	2	1	1	0.525	
005_6GS	1	11	1	2	2	0.447	
005_6GS	1	12	2	2	2	0.718	
005_6GS	1	13	1	2	2	0.400	
005_6GS	1	14	2	1	1	0.421	
005_6GS	1	15	2	1	1	0.475	
005_6GS	1	16	2	2	2	0.498	
005_6GS	1	17	1	2	2	0.458	
005_6GS	1	18	2	1	1	0.486	
005_6GS	1	19	2	2	2	0.610	
005_6GS	1	20	1	1	1	0.497	
005_6GS	1	21	2	2	2	0.424	
005_6GS	1	22	2	1	1	0.712	
005_6GS	1	23	2	2	2	0.805	
005_6GS	1	24	1	1	1	0.441	
005_6GS	1	25	2	2	2	0.483	
005_6GS	1	26	1	1	1	0.478	
005_6GS	1	27	2	1	1	0.538	
005_6GS	1	28	2	2	2	0.482	
005_6GS	1	29	1	1	1	0.457	
005_6GS	1	30	1	1	1	0.410	
005_6GS	1	31	1	1	1	0.509	
005_6GS	1	32	2	1	1	0.547	
005_6GS	1	33	2	1	1	0.451	
005_6GS	1	34	1	1	1	0.438	
005_6GS	1	35	1	1	1	0.444	
005_6GS	1	36	2	1	1	0.492	
005_6GS	1	37	2	2	2	0.534	
005_6GS	1	38	1	2	2	0.495	
005_6GS	1	39	1	2	2	0.571	
005_6GS	1	40	2	2	2	0.534	
005_6GS	1	41	1	1	1	0.702	
005_6GS	1	42	2	2	2	0.758	
005_6GS	1	43	2	2	2	0.489	
005_6GS	1	44	2	2	2	0.513	
005_6GS	1	45	1	1	1	0.472	
005_6GS	1	46	1	2	2	0.465	
005_6GS	1	47	1	1	1	0.449	
005_6GS	1	48	1	2	2	0.416	
005_6GS	1	49	1	2	2	0.489	
005_6GS	1	50	1	2	2	0.497	
005_6GS	1	51	1	2	2	0.441	
005_6GS	1	52	2	1	1	0.511	
005_6GS	1	53	2	1	1	0.585	
005_6GS	1	54	1	2	2	0.652	
005_6GS	1	55	1	1	1	0.596	
005_6GS	2	0	1	2	2	0.569	
005_6GS	2	1	2	1	1	0.507	
005_6GS	2	2	2	2	2	0.522	
005_6GS	2	3	1	1	1	0.466	
005_6GS	2	4	1	2	2	0.492	
005_6GS	2	5	2	2	2	0.637	
005_6GS	2	6	2	1	1	0.616	
005_6GS	2	7	1	1	1	0.498	
005_6GS	2	8	1	2	2	0.444	
005_6GS	2	9	1	1	1	0.530	
005_6GS	2	10	1	2	2	0.489	
005_6GS	2	11	2	2	2	0.558	
005_6GS	2	12	1	1	1	0.747	
005_6GS	2	13	2	1	1	0.492	
005_6GS	2	14	1	2	2	0.445	
005_6GS	2	15	1	1	1	0.543	
005_6GS	2	16	1	2	2	0.490	
005_6GS	2	17	1	1	1	0.659	
005_6GS	2	18	1	2	2	0.483	
005_6GS	2	19	2	2	2	0.636	
005_6GS	2	20	2	2	2	0.490	
005_6GS	2	21	2	2	2	0.701	
005_6GS	2	22	2	1	1	0.575	
005_6GS	2	23	2	2	2	0.501	
005_6GS	2	24	2	1	1	0.707	
005_6GS	2	25	1	2	2	0.498	
005_6GS	2	26	1	1	1	0.499	
005_6GS	2	27	2	1	1	0.609	
005_6GS	2	28	2	2	2	0.690	
005_6GS	2	29	2	2	2	0.501	
005_6GS	2	30	1	2	2	0.426	
005_6GS	2	31	1	1	1	0.574	
005_6GS	2	32	1	1	1	0.541	
005_6GS	2	33	1	2	2	0.486	
005_6GS	2	34	1	2	2	0.732	
005_6GS	2	35	2	1	1	0.511	
005_6GS	2	36	2	1	1	0.558	
005_6GS	2	37	2	1	1	0.553	
005_6GS	2	38	1	1	1	0.548	
005_6GS	2	39	1	2	2	0.722	
005_6GS	2	40	1	1	1	0.669	
005_6GS	2	41	2	1	1	0.515	
005_6GS	2	42	1	2	2	0.428	
005_6GS	2	43	2	2	2	0.633	
005_6GS	2	44	2	1	1	0.545	
005_6GS	2	45	2	1	1	0.530	
005_6GS	2	46	2	1	1	0.474	
005_6GS	2	47	2	2	2	0.499	
005_6GS	2	48	1	1	1	0.447	
005_6GS	2	49	2	2	2	0.563	
005_6GS	2	50	1	1	1	0.450	
005_6GS	2	51	2	2	2	0.802	
005_6GS	2	52	2	1	1	0.601	
005_6GS	2	53	2	2	2	0.417	
005_6GS	2	54	1	1	1	0.385	
005_6GS	2	55	1	2	2	0.521	
005_6GS	3	0	2	2	2	0.756	
005_6GS	3	1	2	2	2	0.605	
005_6GS	3	2	2	2	2	0.473	
005_6GS	3	3	2	1	1	0.545	
005_6GS	3	4	2	2	2	0.428	
005_6GS	3	5	2	1	1	0.485	
005_6GS	3	6	1	2	2	0.400	
005_6GS	3	7	1	1	1	0.465	
005_6GS	3	8	2	2	2	0.460	
005_6GS	3	9	1	1	1	0.558	
005_6GS	3	10	1	2	2	0.476	
005_6GS	3	11	1	2	2	0.411	
005_6GS	3	12	2	2	2	0.518	
005_6GS	3	13	2	2	2	0.464	
005_6GS	3	14	2	1	1	0.602	
005_6GS	3	15	1	2	2	0.504	
005_6GS	3	16	1	1	1	0.601	
005_6GS	3	17	1	1	1	0.557	
005_6GS	3	18	2	1	0	0.000	
005_6GS	3	19	2	1	1	0.505	
005_6GS	3	20	2	2	2	0.579	
005_6GS	3	21	1	1	1	0.777	
005_6GS	3	22	2	1	1	0.529	
005_6GS	3	23	1	1	1	0.590	
005_6GS	3	24	2	1	1	0.533	
005_6GS	3	25	2	2	2	0.596	
005_6GS	3	26	2	1	1	1.193	
005_6GS	3	27	2	2	2	0.517	
005_6GS	3	28	2	1	1	0.505	
005_6GS	3	29	2	1	1	0.484	
005_6GS	3	30	1	2	2	0.468	
005_6GS	3	31	1	2	2	0.507	
005_6GS	3	32	1	1	1	0.722	
005_6GS	3	33	2	2	2	0.488	
005_6GS	3	34	1	1	1	0.534	
005_6GS	3	35	1	2	2	0.679	
005_6GS	3	36	1	2	2	0.416	
005_6GS	3	37	2	1	1	0.555	
005_6GS	3	38	2	2	2	0.551	
005_6GS	3	39	2	2	2	0.477	
005_6GS	3	40	1	2	2	0.491	
005_6GS	3	41	2	2	2	0.538	
005_6GS	3	42	1	2	2	0.502	
005_6GS	3	43	1	1	1	0.668	
005_6GS	3	44	1	1	1	0.676	
005_6GS	3	45	1	2	2	0.470	
005_6GS	3	46	2	1	1	0.530	
005_6GS	3	47	1	1	1	0.563	
005_6GS	3	48	2	1	1	0.519	
005_6GS	3	49	1	1	1	0.425	
005_6GS	3	50	1	1	1	0.499	
005_6GS	3	51	2	1	1	0.531	
005_6GS	3	52	1	2	2	0.505	
005_6GS	3	53	1	1	1	0.589	
005_6GS	3	54	1	2	2	0.438	
005_6GS	3	55	1	2	2	0.513	
