sub	block	trial	congr	stim	resp	RT	
004_1BL	0	0	2	2	2	0.533	
004_1BL	0	1	1	1	1	0.486	
004_1BL	0	2	1	1	1	0.469	
004_1BL	0	3	2	1	1	0.509	
004_1BL	0	4	1	1	1	0.556	
004_1BL	0	5	1	1	1	0.486	
004_1BL	0	6	2	2	2	0.535	
004_1BL	0	7	1	2	2	0.428	
004_1BL	0	8	1	1	1	0.444	
004_1BL	0	9	2	2	2	0.437	
004_1BL	0	10	2	1	1	0.487	
004_1BL	0	11	2	1	1	0.484	
004_1BL	0	12	1	2	2	0.417	
004_1BL	0	13	1	1	1	0.454	
004_1BL	0	14	2	1	1	0.449	
004_1BL	0	15	1	2	2	0.390	
004_1BL	0	16	2	2	2	0.482	
004_1BL	0	17	2	1	1	0.438	
004_1BL	0	18	2	2	2	0.411	
004_1BL	0	19	2	2	2	0.458	
004_1BL	0	20	2	1	1	0.481	
004_1BL	0	21	1	1	1	0.421	
004_1BL	0	22	2	2	2	0.431	
004_1BL	0	23	2	2	2	0.446	
004_1BL	0	24	1	1	1	0.416	
004_1BL	0	25	2	1	1	0.468	
004_1BL	0	26	1	2	2	0.410	
004_1BL	0	27	2	1	1	0.474	
004_1BL	0	28	2	1	1	0.482	
004_1BL	0	29	2	2	2	0.500	
004_1BL	0	30	1	2	2	0.452	
004_1BL	0	31	1	2	2	0.394	
004_1BL	0	32	1	2	2	0.389	
004_1BL	0	33	1	2	2	0.384	
004_1BL	0	34	2	2	2	0.367	
004_1BL	0	35	1	1	1	0.414	
004_1BL	0	36	1	2	2	0.394	
004_1BL	0	37	2	2	2	0.477	
004_1BL	0	38	2	1	1	0.475	
004_1BL	0	39	2	1	1	0.404	
004_1BL	0	40	1	1	1	0.378	
004_1BL	0	41	2	2	2	0.357	
004_1BL	0	42	1	2	2	0.365	
004_1BL	0	43	2	1	1	0.422	
004_1BL	0	44	1	1	1	0.404	
004_1BL	0	45	1	1	1	0.397	
004_1BL	0	46	1	1	1	0.300	
004_1BL	0	47	2	2	2	0.364	
004_1BL	0	48	2	1	1	0.394	
004_1BL	0	49	2	1	1	0.451	
004_1BL	0	50	1	2	2	0.330	
004_1BL	0	51	1	2	2	0.441	
004_1BL	0	52	1	2	2	0.356	
004_1BL	0	53	2	2	2	0.433	
004_1BL	0	54	1	1	1	0.349	
004_1BL	0	55	1	2	2	0.388	
004_1BL	1	0	1	1	1	0.553	
004_1BL	1	1	2	1	1	0.440	
004_1BL	1	2	1	1	1	0.544	
004_1BL	1	3	2	1	1	0.712	
004_1BL	1	4	2	1	1	0.474	
004_1BL	1	5	1	1	1	0.419	
004_1BL	1	6	2	2	2	0.391	
004_1BL	1	7	2	1	1	0.441	
004_1BL	1	8	2	2	1	0.463	
004_1BL	1	9	1	2	2	0.447	
004_1BL	1	10	1	2	2	0.402	
004_1BL	1	11	2	2	2	0.468	
004_1BL	1	12	1	2	2	0.385	
004_1BL	1	13	1	1	1	0.399	
004_1BL	1	14	1	2	2	0.429	
004_1BL	1	15	2	1	1	0.397	
004_1BL	1	16	2	1	1	0.477	
004_1BL	1	17	2	1	1	0.462	
004_1BL	1	18	1	2	2	0.395	
004_1BL	1	19	2	2	1	0.405	
004_1BL	1	20	2	2	2	0.526	
004_1BL	1	21	1	1	1	0.422	
004_1BL	1	22	1	2	2	0.394	
004_1BL	1	23	1	1	1	0.388	
004_1BL	1	24	2	1	1	0.386	
004_1BL	1	25	2	1	1	0.450	
004_1BL	1	26	2	2	1	0.469	
004_1BL	1	27	2	2	2	0.511	
004_1BL	1	28	1	2	2	0.387	
004_1BL	1	29	1	1	1	0.373	
004_1BL	1	30	2	1	2	0.326	
004_1BL	1	31	1	1	1	0.390	
004_1BL	1	32	1	2	2	0.417	
004_1BL	1	33	2	1	1	0.470	
004_1BL	1	34	1	2	2	0.412	
004_1BL	1	35	2	1	1	0.473	
004_1BL	1	36	1	2	2	0.545	
004_1BL	1	37	2	1	1	0.468	
004_1BL	1	38	2	2	2	0.497	
004_1BL	1	39	2	2	2	0.503	
004_1BL	1	40	1	1	1	0.392	
004_1BL	1	41	2	2	2	0.460	
004_1BL	1	42	1	1	1	0.394	
004_1BL	1	43	1	2	2	0.410	
004_1BL	1	44	2	2	2	0.445	
004_1BL	1	45	2	2	2	0.410	
004_1BL	1	46	1	1	1	0.412	
004_1BL	1	47	1	1	1	0.395	
004_1BL	1	48	1	2	2	0.420	
004_1BL	1	49	1	1	1	0.410	
004_1BL	1	50	1	1	1	0.415	
004_1BL	1	51	2	2	2	0.455	
004_1BL	1	52	1	2	2	0.408	
004_1BL	1	53	2	2	2	0.429	
004_1BL	1	54	1	2	2	0.327	
004_1BL	1	55	2	1	1	0.427	
004_1BL	2	0	2	1	1	0.537	
004_1BL	2	1	2	1	1	0.468	
004_1BL	2	2	1	1	1	0.433	
004_1BL	2	3	1	2	2	0.394	
004_1BL	2	4	2	1	1	0.440	
004_1BL	2	5	2	2	2	0.421	
004_1BL	2	6	1	1	1	0.412	
004_1BL	2	7	1	2	2	0.387	
004_1BL	2	8	1	1	1	0.387	
004_1BL	2	9	1	1	1	0.398	
004_1BL	2	10	1	1	1	0.416	
004_1BL	2	11	2	2	2	0.438	
004_1BL	2	12	2	2	2	0.487	
004_1BL	2	13	2	2	2	0.411	
004_1BL	2	14	1	2	2	0.389	
004_1BL	2	15	2	1	1	0.509	
004_1BL	2	16	1	1	1	0.462	
004_1BL	2	17	1	2	2	0.397	
004_1BL	2	18	2	2	2	0.395	
004_1BL	2	19	1	2	2	0.402	
004_1BL	2	20	1	1	1	0.369	
004_1BL	2	21	1	2	2	0.424	
004_1BL	2	22	2	2	2	0.415	
004_1BL	2	23	2	1	1	0.446	
004_1BL	2	24	1	2	2	0.388	
004_1BL	2	25	2	1	1	0.441	
004_1BL	2	26	2	2	2	0.529	
004_1BL	2	27	2	2	2	0.461	
004_1BL	2	28	1	2	2	0.764	
004_1BL	2	29	2	1	1	0.546	
004_1BL	2	30	2	1	1	0.513	
004_1BL	2	31	2	2	2	0.368	
004_1BL	2	32	2	2	2	0.385	
004_1BL	2	33	1	1	1	0.408	
004_1BL	2	34	2	1	1	0.548	
004_1BL	2	35	2	1	1	0.466	
004_1BL	2	36	1	2	2	0.436	
004_1BL	2	37	1	1	1	0.405	
004_1BL	2	38	2	2	2	0.383	
004_1BL	2	39	1	1	1	0.379	
004_1BL	2	40	1	2	2	0.351	
004_1BL	2	41	1	2	2	0.401	
004_1BL	2	42	2	1	1	0.524	
004_1BL	2	43	2	1	1	0.468	
004_1BL	2	44	1	2	2	0.396	
004_1BL	2	45	1	1	1	0.388	
004_1BL	2	46	2	1	1	0.429	
004_1BL	2	47	1	1	1	0.392	
004_1BL	2	48	2	2	2	0.426	
004_1BL	2	49	2	2	2	0.422	
004_1BL	2	50	1	1	1	0.381	
004_1BL	2	51	1	1	1	0.376	
004_1BL	2	52	1	2	2	0.403	
004_1BL	2	53	1	2	2	0.366	
004_1BL	2	54	2	2	2	0.479	
004_1BL	2	55	2	1	1	0.464	
004_1BL	3	0	2	1	1	0.511	
004_1BL	3	1	2	2	2	0.446	
004_1BL	3	2	1	1	1	0.407	
004_1BL	3	3	1	1	1	0.390	
004_1BL	3	4	2	1	1	0.470	
004_1BL	3	5	1	2	2	0.411	
004_1BL	3	6	2	2	2	0.470	
004_1BL	3	7	2	1	1	0.428	
004_1BL	3	8	2	2	2	0.423	
004_1BL	3	9	2	1	1	0.425	
004_1BL	3	10	1	2	2	0.352	
004_1BL	3	11	1	1	1	0.320	
004_1BL	3	12	1	1	1	0.360	
004_1BL	3	13	1	2	2	0.380	
004_1BL	3	14	2	2	2	0.404	
004_1BL	3	15	1	2	2	0.399	
004_1BL	3	16	2	2	2	0.507	
004_1BL	3	17	2	1	1	0.438	
004_1BL	3	18	1	1	1	0.402	
004_1BL	3	19	1	1	1	0.370	
004_1BL	3	20	2	2	2	0.413	
004_1BL	3	21	1	1	1	0.380	
004_1BL	3	22	2	1	1	0.466	
004_1BL	3	23	2	2	2	0.454	
004_1BL	3	24	2	1	1	0.418	
004_1BL	3	25	2	1	1	0.511	
004_1BL	3	26	1	2	2	0.403	
004_1BL	3	27	1	2	2	0.403	
004_1BL	3	28	1	2	2	0.423	
004_1BL	3	29	1	2	2	0.442	
004_1BL	3	30	1	2	2	0.401	
004_1BL	3	31	2	2	2	0.471	
004_1BL	3	32	1	1	1	0.448	
004_1BL	3	33	2	2	2	0.485	
004_1BL	3	34	2	2	2	0.427	
004_1BL	3	35	1	1	1	0.428	
004_1BL	3	36	2	2	2	0.437	
004_1BL	3	37	2	1	1	0.477	
004_1BL	3	38	1	1	1	0.443	
004_1BL	3	39	1	1	1	0.403	
004_1BL	3	40	2	1	1	0.493	
004_1BL	3	41	1	2	2	0.421	
004_1BL	3	42	1	2	2	0.411	
004_1BL	3	43	1	2	2	0.392	
004_1BL	3	44	2	2	2	0.591	
004_1BL	3	45	1	2	2	0.399	
004_1BL	3	46	2	1	1	0.429	
004_1BL	3	47	2	1	1	0.419	
004_1BL	3	48	1	2	2	0.402	
004_1BL	3	49	2	1	1	0.453	
004_1BL	3	50	2	2	2	0.378	
004_1BL	3	51	2	2	2	0.423	
004_1BL	3	52	2	1	1	0.436	
004_1BL	3	53	1	1	1	0.429	
004_1BL	3	54	1	1	1	0.417	
004_1BL	3	55	1	1	1	0.386	
