sub	block	trial	congr	stim	resp	RT	
016_5LB	0	0	2	1	1	0.355	
016_5LB	0	1	1	1	1	0.428	
016_5LB	0	2	2	1	1	0.433	
016_5LB	0	3	2	1	1	0.462	
016_5LB	0	4	1	2	2	0.400	
016_5LB	0	5	1	1	1	0.402	
016_5LB	0	6	2	2	2	0.549	
016_5LB	0	7	2	2	2	0.460	
016_5LB	0	8	2	2	2	0.515	
016_5LB	0	9	1	2	2	0.352	
016_5LB	0	10	1	2	2	0.395	
016_5LB	0	11	2	1	1	0.927	
016_5LB	0	12	2	1	1	0.499	
016_5LB	0	13	2	2	1	0.428	
016_5LB	0	14	1	1	1	0.428	
016_5LB	0	15	1	2	2	0.439	
016_5LB	0	16	2	1	2	0.518	
016_5LB	0	17	1	1	1	0.390	
016_5LB	0	18	1	1	1	0.425	
016_5LB	0	19	2	1	1	0.441	
016_5LB	0	20	2	2	2	0.454	
016_5LB	0	21	1	1	1	0.428	
016_5LB	0	22	1	2	2	0.441	
016_5LB	0	23	2	1	1	0.460	
016_5LB	0	24	1	1	1	0.344	
016_5LB	0	25	1	2	2	0.418	
016_5LB	0	26	1	1	1	0.402	
016_5LB	0	27	1	2	2	0.349	
016_5LB	0	28	2	2	2	0.419	
016_5LB	0	29	2	2	2	0.405	
016_5LB	0	30	1	2	2	0.328	
016_5LB	0	31	1	1	1	0.363	
016_5LB	0	32	2	1	1	0.402	
016_5LB	0	33	2	1	1	0.393	
016_5LB	0	34	2	1	1	0.411	
016_5LB	0	35	2	2	2	0.402	
016_5LB	0	36	1	2	2	0.358	
016_5LB	0	37	2	2	2	0.443	
016_5LB	0	38	1	2	2	0.370	
016_5LB	0	39	1	2	2	0.310	
016_5LB	0	40	1	2	2	0.352	
016_5LB	0	41	2	2	2	0.464	
016_5LB	0	42	1	2	2	0.373	
016_5LB	0	43	1	1	1	0.386	
016_5LB	0	44	1	1	1	0.351	
016_5LB	0	45	1	1	1	0.283	
016_5LB	0	46	1	1	1	0.290	
016_5LB	0	47	2	1	1	0.468	
016_5LB	0	48	2	2	1	0.274	
016_5LB	0	49	2	2	2	0.448	
016_5LB	0	50	2	1	1	0.398	
016_5LB	0	51	2	2	1	0.295	
016_5LB	0	52	2	2	2	0.433	
016_5LB	0	53	1	2	2	0.390	
016_5LB	0	54	2	1	1	0.439	
016_5LB	0	55	1	1	1	0.344	
016_5LB	1	0	1	2	2	0.399	
016_5LB	1	1	2	1	1	0.425	
016_5LB	1	2	1	1	1	0.346	
016_5LB	1	3	1	2	2	0.439	
016_5LB	1	4	2	1	1	0.410	
016_5LB	1	5	1	2	2	0.412	
016_5LB	1	6	2	1	2	0.378	
016_5LB	1	7	2	2	2	0.542	
016_5LB	1	8	1	1	1	0.411	
016_5LB	1	9	1	1	1	0.355	
016_5LB	1	10	1	2	2	0.384	
016_5LB	1	11	1	2	2	0.311	
016_5LB	1	12	2	2	2	0.439	
016_5LB	1	13	1	1	2	0.000	
016_5LB	1	14	2	2	2	0.394	
016_5LB	1	15	2	2	2	0.404	
016_5LB	1	16	2	1	1	0.479	
016_5LB	1	17	2	1	1	0.344	
016_5LB	1	18	1	1	1	0.301	
016_5LB	1	19	1	1	1	0.292	
016_5LB	1	20	1	1	1	0.275	
016_5LB	1	21	2	1	1	0.294	
016_5LB	1	22	2	2	2	0.434	
016_5LB	1	23	2	1	1	0.468	
016_5LB	1	24	1	2	2	0.408	
016_5LB	1	25	1	1	1	0.411	
016_5LB	1	26	2	1	1	0.399	
016_5LB	1	27	2	2	2	0.460	
016_5LB	1	28	1	2	1	0.333	
016_5LB	1	29	2	1	1	0.325	
016_5LB	1	30	2	2	2	0.497	
016_5LB	1	31	2	2	2	0.476	
016_5LB	1	32	1	1	2	0.000	
016_5LB	1	33	1	1	1	0.273	
016_5LB	1	34	1	2	2	0.406	
016_5LB	1	35	1	2	2	0.361	
016_5LB	1	36	1	1	1	0.468	
016_5LB	1	37	2	1	1	0.414	
016_5LB	1	38	1	1	1	0.311	
016_5LB	1	39	1	2	2	0.376	
016_5LB	1	40	2	1	1	0.560	
016_5LB	1	41	1	1	1	0.347	
016_5LB	1	42	1	2	2	0.397	
016_5LB	1	43	1	2	2	0.360	
016_5LB	1	44	2	2	1	0.410	
016_5LB	1	45	2	1	1	0.414	
016_5LB	1	46	1	1	1	0.365	
016_5LB	1	47	2	2	2	0.437	
016_5LB	1	48	2	1	1	0.480	
016_5LB	1	49	2	1	1	0.340	
016_5LB	1	50	2	2	2	0.437	
016_5LB	1	51	2	2	2	0.427	
016_5LB	1	52	2	2	2	0.341	
016_5LB	1	53	1	2	2	0.336	
016_5LB	1	54	2	2	1	0.376	
016_5LB	1	55	1	2	2	0.310	
016_5LB	2	0	1	2	2	0.473	
016_5LB	2	1	2	2	2	0.471	
016_5LB	2	2	2	2	2	0.439	
016_5LB	2	3	1	1	1	0.406	
016_5LB	2	4	1	1	1	0.337	
016_5LB	2	5	1	1	1	0.336	
016_5LB	2	6	1	1	1	0.284	
016_5LB	2	7	2	2	1	0.000	
016_5LB	2	8	1	2	2	0.400	
016_5LB	2	9	2	2	2	0.441	
016_5LB	2	10	1	1	1	0.406	
016_5LB	2	11	1	2	2	0.395	
016_5LB	2	12	2	2	2	0.333	
016_5LB	2	13	1	2	2	0.301	
016_5LB	2	14	1	2	2	0.284	
016_5LB	2	15	1	2	2	0.301	
016_5LB	2	16	2	1	2	0.274	
016_5LB	2	17	1	2	2	0.389	
016_5LB	2	18	1	1	1	0.425	
016_5LB	2	19	2	1	1	0.433	
016_5LB	2	20	1	2	2	0.401	
016_5LB	2	21	2	1	1	0.453	
016_5LB	2	22	1	1	1	0.335	
016_5LB	2	23	2	2	1	0.261	
016_5LB	2	24	2	2	2	0.378	
016_5LB	2	25	2	1	2	0.129	
016_5LB	2	26	1	2	1	0.472	
016_5LB	2	27	1	2	2	0.436	
016_5LB	2	28	2	1	1	0.463	
016_5LB	2	29	2	1	1	0.504	
016_5LB	2	30	1	1	1	0.325	
016_5LB	2	31	2	1	1	0.379	
016_5LB	2	32	1	2	2	0.421	
016_5LB	2	33	2	2	2	0.445	
016_5LB	2	34	1	1	1	0.409	
016_5LB	2	35	1	2	2	0.431	
016_5LB	2	36	2	2	2	0.400	
016_5LB	2	37	2	2	2	0.418	
016_5LB	2	38	2	1	1	0.421	
016_5LB	2	39	1	1	1	0.363	
016_5LB	2	40	2	2	2	0.458	
016_5LB	2	41	2	2	2	0.485	
016_5LB	2	42	1	1	1	0.392	
016_5LB	2	43	2	1	1	0.334	
016_5LB	2	44	1	2	2	0.397	
016_5LB	2	45	2	2	1	0.411	
016_5LB	2	46	2	1	2	0.329	
016_5LB	2	47	2	2	2	0.494	
016_5LB	2	48	1	1	1	0.363	
016_5LB	2	49	2	1	1	0.521	
016_5LB	2	50	1	1	1	0.342	
016_5LB	2	51	2	1	1	0.413	
016_5LB	2	52	1	2	2	0.395	
016_5LB	2	53	2	1	1	0.654	
016_5LB	2	54	2	1	1	0.453	
016_5LB	2	55	1	1	1	0.326	
016_5LB	3	0	1	2	2	0.434	
016_5LB	3	1	2	1	1	0.509	
016_5LB	3	2	2	1	1	0.408	
016_5LB	3	3	2	2	2	0.391	
016_5LB	3	4	1	1	1	0.378	
016_5LB	3	5	2	1	1	0.381	
016_5LB	3	6	2	2	1	0.319	
016_5LB	3	7	2	1	1	0.356	
016_5LB	3	8	2	2	2	0.425	
016_5LB	3	9	2	1	1	0.421	
016_5LB	3	10	1	2	2	0.401	
016_5LB	3	11	2	2	1	0.368	
016_5LB	3	12	1	1	1	0.328	
016_5LB	3	13	1	2	2	0.441	
016_5LB	3	14	1	2	2	0.331	
016_5LB	3	15	1	2	2	0.318	
016_5LB	3	16	2	1	2	0.296	
016_5LB	3	17	1	2	2	0.309	
016_5LB	3	18	1	1	1	0.396	
016_5LB	3	19	1	1	1	0.291	
016_5LB	3	20	2	1	1	0.315	
016_5LB	3	21	1	1	1	0.278	
016_5LB	3	22	1	1	1	0.261	
016_5LB	3	23	2	2	2	0.398	
016_5LB	3	24	1	2	2	0.337	
016_5LB	3	25	1	2	2	0.339	
016_5LB	3	26	2	2	2	0.272	
016_5LB	3	27	2	2	2	0.335	
016_5LB	3	28	2	2	2	0.451	
016_5LB	3	29	2	2	2	0.430	
016_5LB	3	30	2	2	2	0.416	
016_5LB	3	31	1	1	1	0.490	
016_5LB	3	32	2	1	1	0.272	
016_5LB	3	33	1	2	2	0.387	
016_5LB	3	34	1	1	1	0.427	
016_5LB	3	35	2	1	1	0.449	
016_5LB	3	36	1	2	2	0.463	
016_5LB	3	37	2	1	1	0.344	
016_5LB	3	38	2	1	1	0.464	
016_5LB	3	39	2	2	2	0.433	
016_5LB	3	40	1	2	2	0.364	
016_5LB	3	41	2	2	2	0.470	
016_5LB	3	42	1	1	1	0.369	
016_5LB	3	43	1	1	1	0.294	
016_5LB	3	44	1	1	1	0.293	
016_5LB	3	45	2	2	2	0.465	
016_5LB	3	46	1	2	2	0.429	
016_5LB	3	47	2	1	1	0.475	
016_5LB	3	48	2	1	1	0.464	
016_5LB	3	49	1	1	1	0.413	
016_5LB	3	50	1	2	2	0.428	
016_5LB	3	51	1	2	2	0.448	
016_5LB	3	52	1	1	1	0.425	
016_5LB	3	53	2	2	1	0.409	
016_5LB	3	54	1	1	1	0.391	
016_5LB	3	55	2	1	2	0.410	
