sub	block	trial	congr	stim	resp	RT	
006_3DB	0	0	2	1	1	0.652	
006_3DB	0	1	1	2	2	0.413	
006_3DB	0	2	2	1	1	0.510	
006_3DB	0	3	2	2	2	0.454	
006_3DB	0	4	1	2	2	0.432	
006_3DB	0	5	1	2	2	0.402	
006_3DB	0	6	1	2	2	0.453	
006_3DB	0	7	1	1	1	0.379	
006_3DB	0	8	2	1	1	0.397	
006_3DB	0	9	2	2	2	0.504	
006_3DB	0	10	1	2	2	0.405	
006_3DB	0	11	1	1	1	0.364	
006_3DB	0	12	2	2	2	0.493	
006_3DB	0	13	2	2	2	0.452	
006_3DB	0	14	1	2	2	0.437	
006_3DB	0	15	2	2	2	0.545	
006_3DB	0	16	1	2	2	0.392	
006_3DB	0	17	2	1	1	0.369	
006_3DB	0	18	1	2	2	0.455	
006_3DB	0	19	2	1	1	0.463	
006_3DB	0	20	2	2	2	0.470	
006_3DB	0	21	2	1	1	0.448	
006_3DB	0	22	2	2	2	0.474	
006_3DB	0	23	1	2	2	0.515	
006_3DB	0	24	2	1	1	0.421	
006_3DB	0	25	1	1	1	0.383	
006_3DB	0	26	1	1	1	0.342	
006_3DB	0	27	2	1	1	0.463	
006_3DB	0	28	2	1	1	0.475	
006_3DB	0	29	1	1	1	0.350	
006_3DB	0	30	2	2	2	0.443	
006_3DB	0	31	2	2	2	0.475	
006_3DB	0	32	1	2	2	0.398	
006_3DB	0	33	2	2	2	0.495	
006_3DB	0	34	1	1	1	0.410	
006_3DB	0	35	1	1	1	0.342	
006_3DB	0	36	1	1	1	0.392	
006_3DB	0	37	2	2	2	0.490	
006_3DB	0	38	2	1	1	0.480	
006_3DB	0	39	2	1	1	0.439	
006_3DB	0	40	1	1	1	0.398	
006_3DB	0	41	2	1	1	0.421	
006_3DB	0	42	1	1	1	0.336	
006_3DB	0	43	1	1	1	0.342	
006_3DB	0	44	1	2	2	0.434	
006_3DB	0	45	2	1	1	0.420	
006_3DB	0	46	1	2	2	0.392	
006_3DB	0	47	2	1	1	0.416	
006_3DB	0	48	1	1	1	0.374	
006_3DB	0	49	1	1	1	0.338	
006_3DB	0	50	2	2	2	0.379	
006_3DB	0	51	1	1	1	0.401	
006_3DB	0	52	1	2	2	0.458	
006_3DB	0	53	2	2	2	0.587	
006_3DB	0	54	2	2	2	0.526	
006_3DB	0	55	1	2	2	0.490	
006_3DB	1	0	1	1	1	0.500	
006_3DB	1	1	2	2	2	0.506	
006_3DB	1	2	1	1	1	0.357	
006_3DB	1	3	2	2	2	0.472	
006_3DB	1	4	1	2	2	0.438	
006_3DB	1	5	2	2	2	0.435	
006_3DB	1	6	2	1	1	0.488	
006_3DB	1	7	2	1	1	0.483	
006_3DB	1	8	2	1	1	0.462	
006_3DB	1	9	2	2	2	0.493	
006_3DB	1	10	1	2	2	0.390	
006_3DB	1	11	1	1	1	0.382	
006_3DB	1	12	2	1	1	0.456	
006_3DB	1	13	2	2	2	0.490	
006_3DB	1	14	2	1	1	0.477	
006_3DB	1	15	1	2	2	0.539	
006_3DB	1	16	2	1	1	0.415	
006_3DB	1	17	2	2	2	0.470	
006_3DB	1	18	2	2	2	0.475	
006_3DB	1	19	1	2	2	0.417	
006_3DB	1	20	1	1	1	0.404	
006_3DB	1	21	2	1	1	0.406	
006_3DB	1	22	2	1	1	0.476	
006_3DB	1	23	2	2	2	0.472	
006_3DB	1	24	1	1	1	0.384	
006_3DB	1	25	1	1	1	0.381	
006_3DB	1	26	2	1	1	0.414	
006_3DB	1	27	1	2	2	0.437	
006_3DB	1	28	2	1	1	0.398	
006_3DB	1	29	2	2	2	0.495	
006_3DB	1	30	2	2	2	0.492	
006_3DB	1	31	2	2	2	0.458	
006_3DB	1	32	2	1	1	0.421	
006_3DB	1	33	2	2	2	0.530	
006_3DB	1	34	2	2	2	0.497	
006_3DB	1	35	1	1	1	0.389	
006_3DB	1	36	1	2	2	0.431	
006_3DB	1	37	1	2	2	0.417	
006_3DB	1	38	1	1	1	0.393	
006_3DB	1	39	1	2	1	0.483	
006_3DB	1	40	1	1	1	0.407	
006_3DB	1	41	2	1	1	0.605	
006_3DB	1	42	1	1	1	0.383	
006_3DB	1	43	1	1	1	0.363	
006_3DB	1	44	2	1	1	0.615	
006_3DB	1	45	1	2	2	0.426	
006_3DB	1	46	2	1	1	0.467	
006_3DB	1	47	1	1	1	0.398	
006_3DB	1	48	1	1	1	0.418	
006_3DB	1	49	1	2	2	0.559	
006_3DB	1	50	1	2	2	0.752	
006_3DB	1	51	1	2	2	0.435	
006_3DB	1	52	2	2	2	0.555	
006_3DB	1	53	1	2	2	0.347	
006_3DB	1	54	1	1	1	0.411	
006_3DB	1	55	1	2	2	0.398	
006_3DB	2	0	2	2	2	0.562	
006_3DB	2	1	1	1	1	0.380	
006_3DB	2	2	1	2	2	0.391	
006_3DB	2	3	2	1	1	0.341	
006_3DB	2	4	1	2	2	0.421	
006_3DB	2	5	1	2	2	0.392	
006_3DB	2	6	2	1	1	0.466	
006_3DB	2	7	1	2	2	0.361	
006_3DB	2	8	1	1	1	0.423	
006_3DB	2	9	2	2	2	0.539	
006_3DB	2	10	2	2	2	0.451	
006_3DB	2	11	2	1	1	0.454	
006_3DB	2	12	1	1	1	0.466	
006_3DB	2	13	2	1	1	0.491	
006_3DB	2	14	2	2	2	0.480	
006_3DB	2	15	1	2	2	0.494	
006_3DB	2	16	2	2	2	0.650	
006_3DB	2	17	2	2	2	0.510	
006_3DB	2	18	1	1	1	0.422	
006_3DB	2	19	2	2	2	0.481	
006_3DB	2	20	1	2	2	0.401	
006_3DB	2	21	1	1	1	0.382	
006_3DB	2	22	2	1	1	0.507	
006_3DB	2	23	2	1	1	0.450	
006_3DB	2	24	1	1	1	0.496	
006_3DB	2	25	1	2	2	0.405	
006_3DB	2	26	1	1	1	0.421	
006_3DB	2	27	1	2	2	0.617	
006_3DB	2	28	2	1	1	0.443	
006_3DB	2	29	1	1	1	0.422	
006_3DB	2	30	2	2	2	0.534	
006_3DB	2	31	1	2	2	0.472	
006_3DB	2	32	2	1	1	0.457	
006_3DB	2	33	2	1	1	0.481	
006_3DB	2	34	1	1	1	0.402	
006_3DB	2	35	1	2	2	0.397	
006_3DB	2	36	1	1	1	0.420	
006_3DB	2	37	2	2	2	0.445	
006_3DB	2	38	2	2	2	0.503	
006_3DB	2	39	2	1	1	0.403	
006_3DB	2	40	2	1	1	0.429	
006_3DB	2	41	2	2	2	0.455	
006_3DB	2	42	1	1	1	0.403	
006_3DB	2	43	2	1	1	0.460	
006_3DB	2	44	2	2	2	0.447	
006_3DB	2	45	2	1	1	0.417	
006_3DB	2	46	2	2	2	0.548	
006_3DB	2	47	1	2	2	0.440	
006_3DB	2	48	2	2	2	0.533	
006_3DB	2	49	1	1	1	0.381	
006_3DB	2	50	1	1	1	0.384	
006_3DB	2	51	1	2	2	0.436	
006_3DB	2	52	1	2	2	0.440	
006_3DB	2	53	2	1	1	0.454	
006_3DB	2	54	1	2	2	0.431	
006_3DB	2	55	1	1	1	0.391	
006_3DB	3	0	2	1	1	0.562	
006_3DB	3	1	2	1	1	0.503	
006_3DB	3	2	2	2	2	0.611	
006_3DB	3	3	2	2	2	0.480	
006_3DB	3	4	1	2	2	0.394	
006_3DB	3	5	2	2	2	0.542	
006_3DB	3	6	2	2	2	0.430	
006_3DB	3	7	2	1	1	0.478	
006_3DB	3	8	1	1	1	0.404	
006_3DB	3	9	1	2	2	0.398	
006_3DB	3	10	2	1	1	0.427	
006_3DB	3	11	2	2	2	0.485	
006_3DB	3	12	1	1	1	0.361	
006_3DB	3	13	1	2	2	0.419	
006_3DB	3	14	1	2	2	0.351	
006_3DB	3	15	2	1	1	0.458	
006_3DB	3	16	1	1	1	0.378	
006_3DB	3	17	2	2	2	0.662	
006_3DB	3	18	1	2	2	0.425	
006_3DB	3	19	2	2	2	0.508	
006_3DB	3	20	1	1	1	0.386	
006_3DB	3	21	1	1	1	0.408	
006_3DB	3	22	1	1	1	0.384	
006_3DB	3	23	1	2	2	0.420	
006_3DB	3	24	1	2	2	0.398	
006_3DB	3	25	1	1	1	0.376	
006_3DB	3	26	1	1	1	0.399	
006_3DB	3	27	2	1	1	0.534	
006_3DB	3	28	1	1	1	0.358	
006_3DB	3	29	2	2	2	0.505	
006_3DB	3	30	2	2	2	0.570	
006_3DB	3	31	2	1	1	0.438	
006_3DB	3	32	2	2	2	0.473	
006_3DB	3	33	2	1	1	0.502	
006_3DB	3	34	1	2	2	0.511	
006_3DB	3	35	2	1	1	0.474	
006_3DB	3	36	1	2	2	0.451	
006_3DB	3	37	2	1	1	0.422	
006_3DB	3	38	1	2	2	0.420	
006_3DB	3	39	2	1	1	0.421	
006_3DB	3	40	2	2	2	0.481	
006_3DB	3	41	1	2	2	0.507	
006_3DB	3	42	1	1	1	0.398	
006_3DB	3	43	2	1	1	0.572	
006_3DB	3	44	1	1	1	0.441	
006_3DB	3	45	2	2	2	0.478	
006_3DB	3	46	1	1	1	0.354	
006_3DB	3	47	1	1	1	0.392	
006_3DB	3	48	2	1	1	0.478	
006_3DB	3	49	2	2	2	0.511	
006_3DB	3	50	1	1	1	0.346	
006_3DB	3	51	2	1	1	0.523	
006_3DB	3	52	1	2	2	0.428	
006_3DB	3	53	2	2	2	0.503	
006_3DB	3	54	1	2	2	0.484	
006_3DB	3	55	1	2	2	0.393	
