sub	block	trial	congr	stim	resp	RT	
017_6GS	0	0	2	1	1	0.872	
017_6GS	0	1	2	1	1	0.448	
017_6GS	0	2	2	1	1	0.435	
017_6GS	0	3	1	1	1	0.345	
017_6GS	0	4	2	2	2	0.442	
017_6GS	0	5	1	2	2	0.459	
017_6GS	0	6	1	2	2	0.409	
017_6GS	0	7	2	1	1	0.503	
017_6GS	0	8	2	2	2	0.521	
017_6GS	0	9	1	2	2	0.429	
017_6GS	0	10	2	1	1	0.385	
017_6GS	0	11	1	2	2	0.404	
017_6GS	0	12	1	1	1	0.392	
017_6GS	0	13	1	1	1	0.372	
017_6GS	0	14	1	2	2	0.441	
017_6GS	0	15	1	1	1	0.412	
017_6GS	0	16	1	1	1	0.498	
017_6GS	0	17	2	2	2	0.453	
017_6GS	0	18	2	1	1	0.452	
017_6GS	0	19	1	1	1	0.600	
017_6GS	0	20	2	2	2	0.516	
017_6GS	0	21	2	2	2	0.462	
017_6GS	0	22	2	1	1	0.559	
017_6GS	0	23	2	2	2	0.596	
017_6GS	0	24	1	2	2	0.459	
017_6GS	0	25	2	1	1	0.441	
017_6GS	0	26	2	1	1	0.455	
017_6GS	0	27	1	1	1	0.363	
017_6GS	0	28	1	2	2	0.442	
017_6GS	0	29	1	1	1	0.486	
017_6GS	0	30	1	2	2	0.384	
017_6GS	0	31	1	1	1	0.568	
017_6GS	0	32	2	2	2	0.487	
017_6GS	0	33	1	2	2	0.383	
017_6GS	0	34	2	2	2	0.517	
017_6GS	0	35	2	2	2	0.441	
017_6GS	0	36	1	1	1	0.421	
017_6GS	0	37	1	2	2	0.390	
017_6GS	0	38	1	1	1	0.485	
017_6GS	0	39	1	1	1	0.444	
017_6GS	0	40	1	2	2	0.454	
017_6GS	0	41	2	1	1	0.431	
017_6GS	0	42	1	2	2	0.421	
017_6GS	0	43	2	1	1	0.423	
017_6GS	0	44	1	2	2	0.371	
017_6GS	0	45	2	1	1	0.414	
017_6GS	0	46	1	2	2	0.438	
017_6GS	0	47	2	2	2	0.474	
017_6GS	0	48	2	2	2	0.483	
017_6GS	0	49	1	1	1	0.497	
017_6GS	0	50	2	1	1	0.472	
017_6GS	0	51	2	2	2	0.570	
017_6GS	0	52	1	1	1	0.774	
017_6GS	0	53	2	2	2	0.524	
017_6GS	0	54	2	2	2	0.421	
017_6GS	0	55	2	1	1	0.493	
017_6GS	1	0	1	1	1	0.480	
017_6GS	1	1	1	1	1	0.383	
017_6GS	1	2	2	2	2	0.510	
017_6GS	1	3	2	1	1	0.414	
017_6GS	1	4	2	1	1	0.454	
017_6GS	1	5	2	2	2	0.465	
017_6GS	1	6	1	1	1	0.383	
017_6GS	1	7	1	2	2	0.425	
017_6GS	1	8	2	1	1	0.469	
017_6GS	1	9	2	2	2	0.474	
017_6GS	1	10	2	1	1	0.463	
017_6GS	1	11	1	1	1	0.439	
017_6GS	1	12	2	1	1	0.459	
017_6GS	1	13	1	1	1	0.476	
017_6GS	1	14	2	2	2	0.607	
017_6GS	1	15	2	1	1	0.451	
017_6GS	1	16	2	1	1	0.455	
017_6GS	1	17	2	1	1	0.461	
017_6GS	1	18	1	2	2	0.523	
017_6GS	1	19	1	1	1	0.450	
017_6GS	1	20	1	1	1	0.461	
017_6GS	1	21	1	1	1	0.477	
017_6GS	1	22	2	2	2	0.530	
017_6GS	1	23	1	2	2	0.676	
017_6GS	1	24	2	2	2	0.492	
017_6GS	1	25	2	2	2	0.445	
017_6GS	1	26	1	1	1	0.548	
017_6GS	1	27	2	2	2	0.471	
017_6GS	1	28	1	2	2	0.625	
017_6GS	1	29	2	1	1	0.515	
017_6GS	1	30	2	1	1	0.418	
017_6GS	1	31	2	2	2	0.483	
017_6GS	1	32	1	2	2	0.444	
017_6GS	1	33	1	1	1	0.451	
017_6GS	1	34	1	2	2	0.440	
017_6GS	1	35	2	1	1	0.472	
017_6GS	1	36	2	1	1	0.419	
017_6GS	1	37	2	2	2	0.600	
017_6GS	1	38	2	2	2	0.439	
017_6GS	1	39	1	1	1	0.454	
017_6GS	1	40	1	2	2	0.660	
017_6GS	1	41	2	1	1	0.457	
017_6GS	1	42	1	2	2	0.693	
017_6GS	1	43	1	1	1	0.470	
017_6GS	1	44	1	1	1	0.481	
017_6GS	1	45	2	2	2	0.479	
017_6GS	1	46	1	2	2	0.408	
017_6GS	1	47	2	1	1	0.569	
017_6GS	1	48	1	2	2	0.682	
017_6GS	1	49	1	2	2	0.474	
017_6GS	1	50	1	1	1	0.476	
017_6GS	1	51	1	2	2	0.684	
017_6GS	1	52	2	2	2	0.499	
017_6GS	1	53	2	2	2	0.461	
017_6GS	1	54	1	2	2	0.429	
017_6GS	1	55	1	2	2	0.476	
017_6GS	2	0	1	1	1	0.529	
017_6GS	2	1	2	1	1	0.582	
017_6GS	2	2	2	1	1	0.448	
017_6GS	2	3	2	1	1	0.438	
017_6GS	2	4	1	1	1	0.426	
017_6GS	2	5	1	2	2	0.714	
017_6GS	2	6	1	1	1	0.528	
017_6GS	2	7	2	1	1	0.472	
017_6GS	2	8	2	2	2	0.457	
017_6GS	2	9	1	2	2	0.382	
017_6GS	2	10	1	1	1	0.433	
017_6GS	2	11	1	2	2	0.482	
017_6GS	2	12	2	2	2	0.471	
017_6GS	2	13	2	1	1	0.459	
017_6GS	2	14	1	1	1	0.506	
017_6GS	2	15	1	1	1	0.629	
017_6GS	2	16	1	1	1	0.452	
017_6GS	2	17	1	1	1	0.364	
017_6GS	2	18	2	1	1	0.464	
017_6GS	2	19	2	2	2	0.484	
017_6GS	2	20	2	2	2	0.464	
017_6GS	2	21	1	1	1	0.414	
017_6GS	2	22	2	2	2	0.493	
017_6GS	2	23	1	1	1	0.435	
017_6GS	2	24	1	1	1	0.396	
017_6GS	2	25	2	2	2	0.517	
017_6GS	2	26	2	2	2	0.507	
017_6GS	2	27	2	1	1	0.458	
017_6GS	2	28	1	2	2	0.490	
017_6GS	2	29	1	2	2	0.504	
017_6GS	2	30	1	1	1	0.504	
017_6GS	2	31	2	1	1	0.471	
017_6GS	2	32	2	2	2	0.496	
017_6GS	2	33	1	2	2	0.480	
017_6GS	2	34	1	2	2	0.407	
017_6GS	2	35	2	1	1	0.500	
017_6GS	2	36	2	2	2	0.439	
017_6GS	2	37	1	2	2	0.462	
017_6GS	2	38	2	2	2	0.382	
017_6GS	2	39	1	2	2	0.586	
017_6GS	2	40	2	1	1	0.532	
017_6GS	2	41	1	1	1	0.388	
017_6GS	2	42	2	2	2	0.433	
017_6GS	2	43	1	1	1	0.371	
017_6GS	2	44	1	2	2	0.452	
017_6GS	2	45	2	1	1	0.495	
017_6GS	2	46	2	1	1	0.494	
017_6GS	2	47	1	2	2	0.431	
017_6GS	2	48	2	1	1	0.479	
017_6GS	2	49	1	2	2	0.406	
017_6GS	2	50	2	2	2	0.577	
017_6GS	2	51	1	2	2	0.404	
017_6GS	2	52	2	2	2	0.482	
017_6GS	2	53	2	1	1	0.435	
017_6GS	2	54	1	2	2	0.363	
017_6GS	2	55	2	2	2	0.460	
017_6GS	3	0	2	2	2	0.705	
017_6GS	3	1	1	1	1	0.392	
017_6GS	3	2	1	1	1	0.394	
017_6GS	3	3	2	1	1	0.492	
017_6GS	3	4	2	2	2	0.461	
017_6GS	3	5	1	2	2	0.477	
017_6GS	3	6	2	1	1	0.544	
017_6GS	3	7	2	1	1	0.487	
017_6GS	3	8	1	1	1	0.388	
017_6GS	3	9	1	1	1	0.344	
017_6GS	3	10	2	1	1	0.440	
017_6GS	3	11	2	2	2	0.465	
017_6GS	3	12	2	1	1	0.503	
017_6GS	3	13	1	2	2	0.428	
017_6GS	3	14	2	2	2	0.457	
017_6GS	3	15	2	1	1	0.448	
017_6GS	3	16	2	1	1	0.443	
017_6GS	3	17	2	2	2	0.512	
017_6GS	3	18	1	2	2	0.444	
017_6GS	3	19	1	2	2	0.427	
017_6GS	3	20	1	1	1	0.407	
017_6GS	3	21	2	2	2	0.510	
017_6GS	3	22	1	2	2	0.394	
017_6GS	3	23	1	1	1	0.429	
017_6GS	3	24	2	2	2	0.553	
017_6GS	3	25	1	1	1	0.501	
017_6GS	3	26	1	1	1	0.555	
017_6GS	3	27	2	2	2	0.433	
017_6GS	3	28	1	2	2	0.422	
017_6GS	3	29	1	2	2	0.389	
017_6GS	3	30	1	1	1	0.462	
017_6GS	3	31	1	1	1	0.395	
017_6GS	3	32	2	1	1	0.581	
017_6GS	3	33	1	2	2	0.400	
017_6GS	3	34	2	2	2	0.663	
017_6GS	3	35	1	1	1	0.560	
017_6GS	3	36	1	2	2	0.632	
017_6GS	3	37	1	1	1	0.446	
017_6GS	3	38	2	2	2	0.520	
017_6GS	3	39	2	1	1	0.455	
017_6GS	3	40	2	1	1	0.489	
017_6GS	3	41	1	1	1	0.368	
017_6GS	3	42	2	1	1	0.455	
017_6GS	3	43	2	2	2	0.478	
017_6GS	3	44	2	1	1	0.424	
017_6GS	3	45	2	2	2	0.409	
017_6GS	3	46	2	1	1	0.461	
017_6GS	3	47	1	1	1	0.353	
017_6GS	3	48	1	2	2	0.459	
017_6GS	3	49	1	2	2	0.413	
017_6GS	3	50	1	2	2	0.448	
017_6GS	3	51	2	2	2	0.553	
017_6GS	3	52	1	2	2	0.447	
017_6GS	3	53	1	2	2	0.420	
017_6GS	3	54	2	2	2	0.456	
017_6GS	3	55	2	1	1	0.578	
