sub	block	trial	congr	stim	resp	RT	
003_3DB	0	0	2	1	1	0.488	
003_3DB	0	1	1	1	1	0.377	
003_3DB	0	2	1	2	2	0.433	
003_3DB	0	3	1	2	2	0.400	
003_3DB	0	4	2	1	1	0.561	
003_3DB	0	5	1	1	1	0.319	
003_3DB	0	6	1	2	2	0.382	
003_3DB	0	7	2	2	2	0.415	
003_3DB	0	8	1	1	1	0.362	
003_3DB	0	9	1	2	2	0.327	
003_3DB	0	10	1	2	2	0.346	
003_3DB	0	11	2	2	1	0.369	
003_3DB	0	12	1	1	1	0.395	
003_3DB	0	13	2	1	1	0.409	
003_3DB	0	14	1	2	2	0.409	
003_3DB	0	15	1	1	1	0.366	
003_3DB	0	16	1	1	1	0.307	
003_3DB	0	17	1	2	2	0.382	
003_3DB	0	18	2	1	1	0.413	
003_3DB	0	19	1	2	2	0.369	
003_3DB	0	20	1	2	2	0.350	
003_3DB	0	21	1	1	1	0.357	
003_3DB	0	22	2	1	1	0.435	
003_3DB	0	23	1	1	1	0.293	
003_3DB	0	24	2	2	1	0.301	
003_3DB	0	25	2	2	2	0.517	
003_3DB	0	26	2	1	1	0.445	
003_3DB	0	27	1	2	2	0.398	
003_3DB	0	28	2	1	1	0.406	
003_3DB	0	29	2	2	2	0.411	
003_3DB	0	30	2	1	1	0.377	
003_3DB	0	31	2	2	2	0.435	
003_3DB	0	32	2	1	1	0.396	
003_3DB	0	33	2	2	2	0.364	
003_3DB	0	34	1	1	1	0.370	
003_3DB	0	35	2	1	1	0.402	
003_3DB	0	36	1	2	2	0.379	
003_3DB	0	37	1	1	1	0.382	
003_3DB	0	38	1	2	2	0.403	
003_3DB	0	39	1	2	2	0.349	
003_3DB	0	40	2	1	1	0.381	
003_3DB	0	41	2	2	2	0.466	
003_3DB	0	42	2	2	2	0.457	
003_3DB	0	43	2	1	1	0.543	
003_3DB	0	44	2	2	2	0.431	
003_3DB	0	45	2	2	2	0.423	
003_3DB	0	46	1	1	1	0.387	
003_3DB	0	47	1	1	1	0.344	
003_3DB	0	48	1	1	1	0.302	
003_3DB	0	49	1	2	2	0.406	
003_3DB	0	50	1	1	1	0.378	
003_3DB	0	51	2	2	2	0.401	
003_3DB	0	52	2	1	1	0.455	
003_3DB	0	53	2	2	2	0.380	
003_3DB	0	54	2	1	1	0.412	
003_3DB	0	55	2	2	2	0.433	
003_3DB	1	0	2	1	1	0.703	
003_3DB	1	1	2	2	2	0.464	
003_3DB	1	2	1	1	1	0.382	
003_3DB	1	3	1	2	2	0.375	
003_3DB	1	4	2	1	1	0.391	
003_3DB	1	5	2	1	1	0.399	
003_3DB	1	6	1	1	1	0.350	
003_3DB	1	7	2	1	1	0.322	
003_3DB	1	8	1	1	1	0.482	
003_3DB	1	9	1	1	1	0.332	
003_3DB	1	10	1	2	2	0.474	
003_3DB	1	11	2	1	1	0.435	
003_3DB	1	12	1	2	2	0.396	
003_3DB	1	13	2	2	2	0.596	
003_3DB	1	14	2	2	2	0.439	
003_3DB	1	15	2	2	2	0.448	
003_3DB	1	16	1	2	2	0.421	
003_3DB	1	17	1	2	2	0.342	
003_3DB	1	18	2	2	2	0.491	
003_3DB	1	19	1	2	2	0.383	
003_3DB	1	20	1	1	1	0.392	
003_3DB	1	21	1	2	2	0.375	
003_3DB	1	22	1	2	2	0.359	
003_3DB	1	23	1	1	1	0.411	
003_3DB	1	24	2	1	1	0.465	
003_3DB	1	25	2	1	1	0.412	
003_3DB	1	26	2	1	1	0.363	
003_3DB	1	27	2	1	1	0.438	
003_3DB	1	28	1	1	1	0.414	
003_3DB	1	29	2	1	1	0.371	
003_3DB	1	30	2	2	2	0.499	
003_3DB	1	31	1	2	2	0.384	
003_3DB	1	32	2	2	2	0.465	
003_3DB	1	33	1	2	2	0.344	
003_3DB	1	34	1	2	2	0.316	
003_3DB	1	35	1	2	2	0.301	
003_3DB	1	36	1	1	1	0.456	
003_3DB	1	37	1	1	1	0.409	
003_3DB	1	38	2	1	1	0.441	
003_3DB	1	39	1	1	1	0.404	
003_3DB	1	40	2	2	2	0.415	
003_3DB	1	41	1	1	1	0.373	
003_3DB	1	42	2	2	2	0.451	
003_3DB	1	43	1	1	1	0.367	
003_3DB	1	44	2	2	2	0.367	
003_3DB	1	45	1	1	1	0.394	
003_3DB	1	46	2	2	2	0.425	
003_3DB	1	47	1	2	2	0.360	
003_3DB	1	48	2	2	2	0.416	
003_3DB	1	49	1	1	1	0.400	
003_3DB	1	50	2	2	2	0.480	
003_3DB	1	51	2	1	1	0.458	
003_3DB	1	52	2	2	2	0.412	
003_3DB	1	53	2	1	1	0.463	
003_3DB	1	54	1	2	2	0.458	
003_3DB	1	55	2	1	1	0.455	
003_3DB	2	0	2	2	2	0.593	
003_3DB	2	1	1	2	2	0.374	
003_3DB	2	2	2	2	2	0.459	
003_3DB	2	3	1	2	2	0.333	
003_3DB	2	4	2	1	1	0.562	
003_3DB	2	5	2	1	1	0.466	
003_3DB	2	6	2	2	2	0.409	
003_3DB	2	7	1	1	1	0.436	
003_3DB	2	8	1	1	1	0.363	
003_3DB	2	9	2	1	1	0.458	
003_3DB	2	10	1	1	1	0.430	
003_3DB	2	11	1	2	2	0.441	
003_3DB	2	12	1	1	1	0.435	
003_3DB	2	13	1	2	2	0.402	
003_3DB	2	14	1	1	1	0.377	
003_3DB	2	15	2	1	1	0.426	
003_3DB	2	16	2	1	1	0.408	
003_3DB	2	17	2	2	2	0.682	
003_3DB	2	18	2	2	2	0.425	
003_3DB	2	19	1	2	2	0.342	
003_3DB	2	20	1	2	2	0.382	
003_3DB	2	21	1	2	2	0.473	
003_3DB	2	22	2	2	2	0.432	
003_3DB	2	23	1	2	2	0.396	
003_3DB	2	24	2	1	1	0.432	
003_3DB	2	25	1	1	1	0.530	
003_3DB	2	26	2	1	1	0.457	
003_3DB	2	27	1	1	1	0.393	
003_3DB	2	28	1	2	2	0.405	
003_3DB	2	29	2	2	2	0.443	
003_3DB	2	30	1	2	2	0.367	
003_3DB	2	31	1	2	2	0.338	
003_3DB	2	32	1	1	1	0.437	
003_3DB	2	33	2	1	1	0.465	
003_3DB	2	34	1	1	1	0.396	
003_3DB	2	35	1	1	1	0.395	
003_3DB	2	36	2	2	2	0.505	
003_3DB	2	37	2	1	1	0.441	
003_3DB	2	38	1	1	1	0.367	
003_3DB	2	39	2	2	2	0.441	
003_3DB	2	40	2	1	1	0.472	
003_3DB	2	41	2	1	1	0.442	
003_3DB	2	42	2	1	1	0.409	
003_3DB	2	43	2	2	2	0.431	
003_3DB	2	44	2	1	1	0.529	
003_3DB	2	45	1	1	1	0.421	
003_3DB	2	46	1	2	2	0.383	
003_3DB	2	47	1	1	1	0.398	
003_3DB	2	48	1	2	2	0.369	
003_3DB	2	49	2	2	2	0.409	
003_3DB	2	50	1	1	1	0.497	
003_3DB	2	51	2	2	2	0.458	
003_3DB	2	52	2	2	2	0.454	
003_3DB	2	53	1	2	2	0.328	
003_3DB	2	54	2	1	1	0.444	
003_3DB	2	55	2	2	2	0.461	
003_3DB	3	0	1	2	2	0.473	
003_3DB	3	1	1	1	1	0.431	
003_3DB	3	2	1	2	2	0.418	
003_3DB	3	3	2	1	1	0.486	
003_3DB	3	4	2	1	1	0.447	
003_3DB	3	5	2	2	2	0.478	
003_3DB	3	6	1	2	2	0.366	
003_3DB	3	7	2	1	1	0.479	
003_3DB	3	8	2	2	1	0.434	
003_3DB	3	9	2	2	2	0.541	
003_3DB	3	10	1	1	1	0.462	
003_3DB	3	11	2	2	2	0.397	
003_3DB	3	12	2	1	1	0.459	
003_3DB	3	13	2	2	2	0.537	
003_3DB	3	14	2	2	2	0.362	
003_3DB	3	15	1	2	2	0.301	
003_3DB	3	16	1	1	1	0.478	
003_3DB	3	17	2	2	2	0.469	
003_3DB	3	18	2	1	1	0.485	
003_3DB	3	19	2	1	1	0.378	
003_3DB	3	20	2	1	1	0.462	
003_3DB	3	21	1	1	1	0.357	
003_3DB	3	22	1	2	2	0.420	
003_3DB	3	23	2	1	1	0.438	
003_3DB	3	24	1	2	2	0.383	
003_3DB	3	25	1	1	1	0.340	
003_3DB	3	26	1	1	1	0.410	
003_3DB	3	27	2	2	2	0.450	
003_3DB	3	28	1	2	2	0.414	
003_3DB	3	29	2	2	2	0.387	
003_3DB	3	30	1	2	2	0.321	
003_3DB	3	31	2	2	2	0.413	
003_3DB	3	32	2	2	2	0.440	
003_3DB	3	33	2	2	2	0.375	
003_3DB	3	34	2	1	1	0.512	
003_3DB	3	35	2	1	1	0.430	
003_3DB	3	36	1	2	2	0.435	
003_3DB	3	37	2	1	2	0.320	
003_3DB	3	38	2	2	2	0.425	
003_3DB	3	39	2	2	2	0.375	
003_3DB	3	40	1	1	1	0.422	
003_3DB	3	41	1	2	2	0.418	
003_3DB	3	42	1	1	1	0.435	
003_3DB	3	43	1	1	1	0.375	
003_3DB	3	44	1	1	1	0.378	
003_3DB	3	45	1	1	1	0.392	
003_3DB	3	46	1	2	2	0.524	
003_3DB	3	47	1	2	2	0.439	
003_3DB	3	48	1	1	1	0.406	
003_3DB	3	49	2	1	1	0.410	
003_3DB	3	50	2	1	1	0.372	
003_3DB	3	51	1	2	2	0.429	
003_3DB	3	52	1	2	2	0.349	
003_3DB	3	53	2	1	2	0.308	
003_3DB	3	54	1	1	1	0.413	
003_3DB	3	55	1	1	1	0.379	
