sub	block	trial	congr	stim	resp	RT	
006_1BL	0	0	1	2	2	0.524	
006_1BL	0	1	1	2	2	0.368	
006_1BL	0	2	2	2	2	0.541	
006_1BL	0	3	2	1	1	0.432	
006_1BL	0	4	2	1	1	0.431	
006_1BL	0	5	1	2	2	0.391	
006_1BL	0	6	2	2	2	0.540	
006_1BL	0	7	1	2	2	0.404	
006_1BL	0	8	2	1	1	0.392	
006_1BL	0	9	2	2	2	0.497	
006_1BL	0	10	1	1	1	0.356	
006_1BL	0	11	2	1	1	0.439	
006_1BL	0	12	1	1	1	0.388	
006_1BL	0	13	2	1	2	0.373	
006_1BL	0	14	2	2	2	0.560	
006_1BL	0	15	2	1	1	0.521	
006_1BL	0	16	1	1	1	0.416	
006_1BL	0	17	2	2	2	0.626	
006_1BL	0	18	1	2	2	0.417	
006_1BL	0	19	1	2	2	0.378	
006_1BL	0	20	2	1	1	0.466	
006_1BL	0	21	2	1	1	0.432	
006_1BL	0	22	1	1	1	0.412	
006_1BL	0	23	1	1	1	0.401	
006_1BL	0	24	2	1	1	0.502	
006_1BL	0	25	2	2	2	0.558	
006_1BL	0	26	1	2	2	0.397	
006_1BL	0	27	1	2	2	0.401	
006_1BL	0	28	2	1	1	0.446	
006_1BL	0	29	1	1	1	0.377	
006_1BL	0	30	1	2	2	0.360	
006_1BL	0	31	1	1	1	0.412	
006_1BL	0	32	2	2	2	0.517	
006_1BL	0	33	1	1	1	0.370	
006_1BL	0	34	2	1	1	0.483	
006_1BL	0	35	1	1	1	0.454	
006_1BL	0	36	1	1	1	0.375	
006_1BL	0	37	1	1	1	0.433	
006_1BL	0	38	2	2	2	0.499	
006_1BL	0	39	1	2	2	0.376	
006_1BL	0	40	2	2	2	0.510	
006_1BL	0	41	2	1	1	0.431	
006_1BL	0	42	2	1	1	0.448	
006_1BL	0	43	2	1	1	0.430	
006_1BL	0	44	2	2	2	0.524	
006_1BL	0	45	1	1	1	0.400	
006_1BL	0	46	1	2	2	0.571	
006_1BL	0	47	1	2	2	0.595	
006_1BL	0	48	2	2	2	0.611	
006_1BL	0	49	2	2	2	0.544	
006_1BL	0	50	1	2	2	0.483	
006_1BL	0	51	2	2	2	0.509	
006_1BL	0	52	2	2	2	0.493	
006_1BL	0	53	1	2	2	0.431	
006_1BL	0	54	1	1	1	0.434	
006_1BL	0	55	1	1	1	0.397	
006_1BL	1	0	1	1	1	0.635	
006_1BL	1	1	2	2	2	0.493	
006_1BL	1	2	1	1	1	0.395	
006_1BL	1	3	1	1	1	0.424	
006_1BL	1	4	2	1	1	0.540	
006_1BL	1	5	1	2	2	0.413	
006_1BL	1	6	2	2	2	0.513	
006_1BL	1	7	1	1	1	0.418	
006_1BL	1	8	1	2	2	0.385	
006_1BL	1	9	1	2	2	0.429	
006_1BL	1	10	1	1	1	0.370	
006_1BL	1	11	1	2	2	0.443	
006_1BL	1	12	2	2	2	0.534	
006_1BL	1	13	1	1	1	0.369	
006_1BL	1	14	1	2	2	0.516	
006_1BL	1	15	1	2	2	0.515	
006_1BL	1	16	1	2	2	0.418	
006_1BL	1	17	2	2	2	0.623	
006_1BL	1	18	1	2	2	0.419	
006_1BL	1	19	2	1	1	0.482	
006_1BL	1	20	1	1	1	0.395	
006_1BL	1	21	2	1	1	0.486	
006_1BL	1	22	2	1	1	0.450	
006_1BL	1	23	2	1	1	0.412	
006_1BL	1	24	2	1	1	0.430	
006_1BL	1	25	1	2	2	0.462	
006_1BL	1	26	2	1	1	0.446	
006_1BL	1	27	1	1	1	0.390	
006_1BL	1	28	2	1	1	0.435	
006_1BL	1	29	1	1	1	0.421	
006_1BL	1	30	2	1	1	0.448	
006_1BL	1	31	2	1	1	0.453	
006_1BL	1	32	2	2	2	0.479	
006_1BL	1	33	2	2	2	0.531	
006_1BL	1	34	1	2	2	0.427	
006_1BL	1	35	1	1	1	0.413	
006_1BL	1	36	2	1	1	0.480	
006_1BL	1	37	2	2	2	0.502	
006_1BL	1	38	1	2	2	0.377	
006_1BL	1	39	2	1	1	0.474	
006_1BL	1	40	1	1	1	0.389	
006_1BL	1	41	2	2	2	0.638	
006_1BL	1	42	2	2	2	0.445	
006_1BL	1	43	1	1	1	0.498	
006_1BL	1	44	1	2	2	0.420	
006_1BL	1	45	2	2	2	0.481	
006_1BL	1	46	2	2	2	0.551	
006_1BL	1	47	2	1	1	0.463	
006_1BL	1	48	1	1	1	0.402	
006_1BL	1	49	1	2	2	0.488	
006_1BL	1	50	2	1	1	0.535	
006_1BL	1	51	2	2	2	0.517	
006_1BL	1	52	1	2	2	0.424	
006_1BL	1	53	1	1	1	0.405	
006_1BL	1	54	2	2	2	0.484	
006_1BL	1	55	2	2	2	0.495	
006_1BL	2	0	1	2	2	0.484	
006_1BL	2	1	2	2	2	0.539	
006_1BL	2	2	2	2	2	0.481	
006_1BL	2	3	1	1	1	0.492	
006_1BL	2	4	1	2	2	0.521	
006_1BL	2	5	2	1	1	0.528	
006_1BL	2	6	2	2	2	0.463	
006_1BL	2	7	1	2	2	0.443	
006_1BL	2	8	2	1	1	0.472	
006_1BL	2	9	2	1	1	0.465	
006_1BL	2	10	2	1	1	0.495	
006_1BL	2	11	2	2	2	0.462	
006_1BL	2	12	1	1	1	0.397	
006_1BL	2	13	2	1	1	0.495	
006_1BL	2	14	2	2	2	0.491	
006_1BL	2	15	1	1	1	0.389	
006_1BL	2	16	1	2	2	0.377	
006_1BL	2	17	1	2	2	0.352	
006_1BL	2	18	1	2	2	0.373	
006_1BL	2	19	1	1	1	0.353	
006_1BL	2	20	1	2	2	0.424	
006_1BL	2	21	2	1	1	0.441	
006_1BL	2	22	2	2	2	0.473	
006_1BL	2	23	1	1	1	0.362	
006_1BL	2	24	1	1	1	0.371	
006_1BL	2	25	2	2	2	0.465	
006_1BL	2	26	1	1	1	0.359	
006_1BL	2	27	1	1	1	0.370	
006_1BL	2	28	1	1	1	0.387	
006_1BL	2	29	1	2	2	0.393	
006_1BL	2	30	1	2	2	0.396	
006_1BL	2	31	1	2	2	0.394	
006_1BL	2	32	1	2	2	0.406	
006_1BL	2	33	2	2	2	0.475	
006_1BL	2	34	1	2	2	0.558	
006_1BL	2	35	2	2	2	0.606	
006_1BL	2	36	2	2	2	0.518	
006_1BL	2	37	1	1	1	0.421	
006_1BL	2	38	2	1	1	0.575	
006_1BL	2	39	2	1	1	0.439	
006_1BL	2	40	2	2	2	0.522	
006_1BL	2	41	1	1	1	0.368	
006_1BL	2	42	2	2	2	0.451	
006_1BL	2	43	2	1	1	0.537	
006_1BL	2	44	1	1	1	0.439	
006_1BL	2	45	1	1	1	0.574	
006_1BL	2	46	2	1	1	0.526	
006_1BL	2	47	2	1	1	0.469	
006_1BL	2	48	1	2	2	0.376	
006_1BL	2	49	2	1	1	0.598	
006_1BL	2	50	2	1	1	0.474	
006_1BL	2	51	1	1	1	0.458	
006_1BL	2	52	1	2	2	0.602	
006_1BL	2	53	2	1	1	0.504	
006_1BL	2	54	2	2	2	0.493	
006_1BL	2	55	2	2	2	0.681	
006_1BL	3	0	2	1	1	0.584	
006_1BL	3	1	2	2	2	0.700	
006_1BL	3	2	1	1	1	0.411	
006_1BL	3	3	1	2	2	0.383	
006_1BL	3	4	1	2	2	0.435	
006_1BL	3	5	2	2	2	0.482	
006_1BL	3	6	2	1	1	0.446	
006_1BL	3	7	2	2	2	0.488	
006_1BL	3	8	1	2	2	0.413	
006_1BL	3	9	1	2	2	0.410	
006_1BL	3	10	2	2	2	0.569	
006_1BL	3	11	2	2	2	0.512	
006_1BL	3	12	2	2	2	0.477	
006_1BL	3	13	1	2	2	0.411	
006_1BL	3	14	1	1	1	0.384	
006_1BL	3	15	1	1	1	0.376	
006_1BL	3	16	2	1	1	0.480	
006_1BL	3	17	1	1	1	0.387	
006_1BL	3	18	2	2	2	0.474	
006_1BL	3	19	2	1	1	0.448	
006_1BL	3	20	2	1	1	0.502	
006_1BL	3	21	2	1	1	0.406	
006_1BL	3	22	1	1	1	0.391	
006_1BL	3	23	1	2	2	0.431	
006_1BL	3	24	1	2	2	0.418	
006_1BL	3	25	1	2	2	0.420	
006_1BL	3	26	2	1	1	0.459	
006_1BL	3	27	1	1	1	0.394	
006_1BL	3	28	2	1	1	0.471	
006_1BL	3	29	2	2	2	0.494	
006_1BL	3	30	2	2	2	0.469	
006_1BL	3	31	1	2	2	0.388	
006_1BL	3	32	2	2	2	0.516	
006_1BL	3	33	2	1	1	0.518	
006_1BL	3	34	1	1	1	0.474	
006_1BL	3	35	1	1	1	0.378	
006_1BL	3	36	1	1	1	0.438	
006_1BL	3	37	2	2	2	0.457	
006_1BL	3	38	1	1	1	0.372	
006_1BL	3	39	2	1	1	0.420	
006_1BL	3	40	2	2	2	0.447	
006_1BL	3	41	2	1	1	0.468	
006_1BL	3	42	1	1	1	0.356	
006_1BL	3	43	2	1	1	0.457	
006_1BL	3	44	1	1	1	0.378	
006_1BL	3	45	2	2	2	0.690	
006_1BL	3	46	2	2	2	0.459	
006_1BL	3	47	1	2	2	0.408	
006_1BL	3	48	1	2	2	0.437	
006_1BL	3	49	1	1	1	0.481	
006_1BL	3	50	1	2	2	0.594	
006_1BL	3	51	1	1	1	0.437	
006_1BL	3	52	1	2	2	0.489	
006_1BL	3	53	2	1	1	0.557	
006_1BL	3	54	2	1	1	0.658	
006_1BL	3	55	1	2	2	0.456	
