sub	block	trial	congr	stim	resp	RT	
006_2NM	0	0	1	2	2	0.485	
006_2NM	0	1	1	2	2	0.393	
006_2NM	0	2	1	1	1	0.360	
006_2NM	0	3	2	2	2	0.433	
006_2NM	0	4	2	2	2	0.462	
006_2NM	0	5	1	2	2	0.389	
006_2NM	0	6	1	2	2	0.528	
006_2NM	0	7	2	2	2	0.445	
006_2NM	0	8	2	1	1	0.462	
006_2NM	0	9	1	2	2	0.420	
006_2NM	0	10	1	2	2	0.382	
006_2NM	0	11	1	2	2	0.429	
006_2NM	0	12	1	2	2	0.387	
006_2NM	0	13	2	1	1	0.427	
006_2NM	0	14	1	1	1	0.370	
006_2NM	0	15	2	1	1	0.533	
006_2NM	0	16	2	1	1	0.457	
006_2NM	0	17	1	1	1	0.353	
006_2NM	0	18	2	2	2	0.485	
006_2NM	0	19	2	2	2	0.581	
006_2NM	0	20	2	2	2	0.431	
006_2NM	0	21	2	2	2	0.430	
006_2NM	0	22	1	2	2	0.404	
006_2NM	0	23	2	1	1	0.397	
006_2NM	0	24	2	1	1	0.399	
006_2NM	0	25	1	1	1	0.375	
006_2NM	0	26	2	1	1	0.480	
006_2NM	0	27	1	1	1	0.305	
006_2NM	0	28	2	1	1	0.436	
006_2NM	0	29	2	2	2	0.478	
006_2NM	0	30	1	1	1	0.385	
006_2NM	0	31	2	1	1	0.397	
006_2NM	0	32	1	1	1	0.369	
006_2NM	0	33	2	2	2	0.436	
006_2NM	0	34	1	2	2	0.360	
006_2NM	0	35	1	1	1	0.389	
006_2NM	0	36	1	1	1	0.389	
006_2NM	0	37	2	2	2	0.404	
006_2NM	0	38	2	1	1	0.397	
006_2NM	0	39	1	2	2	0.441	
006_2NM	0	40	2	2	2	0.487	
006_2NM	0	41	1	1	1	0.357	
006_2NM	0	42	2	1	1	0.464	
006_2NM	0	43	1	1	1	0.364	
006_2NM	0	44	1	1	1	0.377	
006_2NM	0	45	2	2	2	0.440	
006_2NM	0	46	1	1	1	0.342	
006_2NM	0	47	1	2	2	0.344	
006_2NM	0	48	1	1	1	0.356	
006_2NM	0	49	2	1	2	0.307	
006_2NM	0	50	1	2	2	0.388	
006_2NM	0	51	1	2	2	0.468	
006_2NM	0	52	2	2	2	0.550	
006_2NM	0	53	2	2	2	0.686	
006_2NM	0	54	2	1	1	0.467	
006_2NM	0	55	2	1	1	0.443	
006_2NM	1	0	1	2	2	0.449	
006_2NM	1	1	1	2	2	0.374	
006_2NM	1	2	2	2	2	0.398	
006_2NM	1	3	2	1	1	0.452	
006_2NM	1	4	2	1	1	0.427	
006_2NM	1	5	1	1	1	0.377	
006_2NM	1	6	1	1	1	0.343	
006_2NM	1	7	2	1	1	0.517	
006_2NM	1	8	1	2	2	0.390	
006_2NM	1	9	1	1	1	0.406	
006_2NM	1	10	2	2	2	0.459	
006_2NM	1	11	1	2	2	0.378	
006_2NM	1	12	1	2	2	0.357	
006_2NM	1	13	1	1	1	0.414	
006_2NM	1	14	1	1	1	0.424	
006_2NM	1	15	1	2	2	0.425	
006_2NM	1	16	1	2	2	0.479	
006_2NM	1	17	2	1	1	0.464	
006_2NM	1	18	1	2	2	0.379	
006_2NM	1	19	2	2	2	0.556	
006_2NM	1	20	2	2	2	0.550	
006_2NM	1	21	1	1	1	0.418	
006_2NM	1	22	2	1	1	0.550	
006_2NM	1	23	1	1	1	0.390	
006_2NM	1	24	2	1	1	0.525	
006_2NM	1	25	1	2	2	0.489	
006_2NM	1	26	1	2	2	0.395	
006_2NM	1	27	2	2	2	0.484	
006_2NM	1	28	1	1	1	0.520	
006_2NM	1	29	1	2	2	0.606	
006_2NM	1	30	1	2	2	0.468	
006_2NM	1	31	1	1	1	0.386	
006_2NM	1	32	2	1	1	0.505	
006_2NM	1	33	1	2	2	0.575	
006_2NM	1	34	2	2	2	0.519	
006_2NM	1	35	2	1	1	0.476	
006_2NM	1	36	2	1	1	0.429	
006_2NM	1	37	2	2	2	0.574	
006_2NM	1	38	2	1	1	0.460	
006_2NM	1	39	1	1	1	0.407	
006_2NM	1	40	1	1	1	0.397	
006_2NM	1	41	2	2	2	0.453	
006_2NM	1	42	2	2	2	0.629	
006_2NM	1	43	1	1	1	0.639	
006_2NM	1	44	2	1	1	0.462	
006_2NM	1	45	2	2	2	0.564	
006_2NM	1	46	2	1	1	0.545	
006_2NM	1	47	2	2	2	0.463	
006_2NM	1	48	2	2	2	0.471	
006_2NM	1	49	1	2	2	0.424	
006_2NM	1	50	2	1	1	0.521	
006_2NM	1	51	2	2	2	0.439	
006_2NM	1	52	2	1	1	0.376	
006_2NM	1	53	2	2	2	0.502	
006_2NM	1	54	1	1	1	0.366	
006_2NM	1	55	1	1	1	0.364	
006_2NM	2	0	1	1	1	0.453	
006_2NM	2	1	1	1	1	0.396	
006_2NM	2	2	1	1	1	0.355	
006_2NM	2	3	2	1	1	0.597	
006_2NM	2	4	2	2	2	0.511	
006_2NM	2	5	2	2	2	0.562	
006_2NM	2	6	2	1	1	0.420	
006_2NM	2	7	2	2	2	0.409	
006_2NM	2	8	1	1	1	0.401	
006_2NM	2	9	1	2	2	0.424	
006_2NM	2	10	1	2	2	0.394	
006_2NM	2	11	2	2	2	0.742	
006_2NM	2	12	2	2	2	0.472	
006_2NM	2	13	1	1	1	0.401	
006_2NM	2	14	2	1	1	0.499	
006_2NM	2	15	2	2	2	0.473	
006_2NM	2	16	2	2	2	0.481	
006_2NM	2	17	2	2	2	0.444	
006_2NM	2	18	2	1	1	0.555	
006_2NM	2	19	1	1	1	0.387	
006_2NM	2	20	1	2	2	0.495	
006_2NM	2	21	1	2	2	0.406	
006_2NM	2	22	1	2	2	0.409	
006_2NM	2	23	1	2	2	0.355	
006_2NM	2	24	2	1	1	0.493	
006_2NM	2	25	1	2	2	0.394	
006_2NM	2	26	2	1	1	0.398	
006_2NM	2	27	1	1	1	0.385	
006_2NM	2	28	1	1	1	0.354	
006_2NM	2	29	1	1	1	0.372	
006_2NM	2	30	2	2	2	0.442	
006_2NM	2	31	1	2	2	0.389	
006_2NM	2	32	2	1	1	0.464	
006_2NM	2	33	2	1	1	0.473	
006_2NM	2	34	2	1	1	0.452	
006_2NM	2	35	1	2	2	0.382	
006_2NM	2	36	1	2	2	0.376	
006_2NM	2	37	2	1	1	0.426	
006_2NM	2	38	1	1	1	0.423	
006_2NM	2	39	1	1	1	0.389	
006_2NM	2	40	2	2	2	0.467	
006_2NM	2	41	1	1	1	0.395	
006_2NM	2	42	2	1	1	0.474	
006_2NM	2	43	1	1	1	0.402	
006_2NM	2	44	2	2	2	0.448	
006_2NM	2	45	2	2	2	0.460	
006_2NM	2	46	1	2	2	0.358	
006_2NM	2	47	2	2	2	0.561	
006_2NM	2	48	2	1	1	0.588	
006_2NM	2	49	1	2	2	0.419	
006_2NM	2	50	1	1	1	0.388	
006_2NM	2	51	2	1	1	0.476	
006_2NM	2	52	2	2	2	0.478	
006_2NM	2	53	1	2	2	0.408	
006_2NM	2	54	2	1	1	0.444	
006_2NM	2	55	1	2	2	0.367	
006_2NM	3	0	1	2	2	0.583	
006_2NM	3	1	1	2	2	0.377	
006_2NM	3	2	2	2	2	0.518	
006_2NM	3	3	2	1	1	0.567	
006_2NM	3	4	1	2	2	0.407	
006_2NM	3	5	2	2	2	0.556	
006_2NM	3	6	2	1	1	0.371	
006_2NM	3	7	1	1	1	0.408	
006_2NM	3	8	1	2	2	0.435	
006_2NM	3	9	1	2	2	0.637	
006_2NM	3	10	1	1	1	0.443	
006_2NM	3	11	1	1	1	0.387	
006_2NM	3	12	2	1	1	0.496	
006_2NM	3	13	1	1	1	0.408	
006_2NM	3	14	2	2	2	0.587	
006_2NM	3	15	2	2	2	0.553	
006_2NM	3	16	1	1	1	0.416	
006_2NM	3	17	2	1	1	0.507	
006_2NM	3	18	2	2	2	0.538	
006_2NM	3	19	2	1	1	0.509	
006_2NM	3	20	1	1	1	0.456	
006_2NM	3	21	1	1	1	0.364	
006_2NM	3	22	2	2	2	0.554	
006_2NM	3	23	2	1	1	0.463	
006_2NM	3	24	2	2	2	0.505	
006_2NM	3	25	2	2	2	0.468	
006_2NM	3	26	2	2	2	0.575	
006_2NM	3	27	1	2	2	0.388	
006_2NM	3	28	2	2	2	0.681	
006_2NM	3	29	2	2	2	0.464	
006_2NM	3	30	1	2	2	0.376	
006_2NM	3	31	1	2	2	0.397	
006_2NM	3	32	1	2	2	0.358	
006_2NM	3	33	1	1	1	0.420	
006_2NM	3	34	2	1	1	0.469	
006_2NM	3	35	2	1	1	0.429	
006_2NM	3	36	2	2	2	0.707	
006_2NM	3	37	1	1	1	0.398	
006_2NM	3	38	2	1	1	0.584	
006_2NM	3	39	1	1	1	0.398	
006_2NM	3	40	2	2	2	0.596	
006_2NM	3	41	2	1	1	0.497	
006_2NM	3	42	2	2	2	0.540	
006_2NM	3	43	2	1	1	0.490	
006_2NM	3	44	1	2	2	0.498	
006_2NM	3	45	1	2	2	0.433	
006_2NM	3	46	1	1	1	0.470	
006_2NM	3	47	2	1	1	0.533	
006_2NM	3	48	2	1	1	0.523	
006_2NM	3	49	1	1	1	0.412	
006_2NM	3	50	1	1	1	0.389	
006_2NM	3	51	1	1	1	0.638	
006_2NM	3	52	1	2	2	0.762	
006_2NM	3	53	2	1	1	0.536	
006_2NM	3	54	1	2	2	0.441	
006_2NM	3	55	1	2	2	0.792	
