sub	block	trial	congr	stim	resp	RT	
005_NM	0	0	2	2	2	0.609	
005_NM	0	1	2	1	1	0.448	
005_NM	0	2	1	1	1	0.425	
005_NM	0	3	2	1	1	0.434	
005_NM	0	4	1	2	2	0.415	
005_NM	0	5	1	1	1	0.404	
005_NM	0	6	1	2	2	0.388	
005_NM	0	7	1	2	2	0.362	
005_NM	0	8	1	1	1	0.473	
005_NM	0	9	1	2	2	0.433	
005_NM	0	10	2	1	1	0.404	
005_NM	0	11	2	2	2	0.529	
005_NM	0	12	2	2	2	0.436	
005_NM	0	13	2	2	2	0.510	
005_NM	0	14	2	1	1	0.558	
005_NM	0	15	1	2	2	0.384	
005_NM	0	16	2	2	2	0.415	
005_NM	0	17	2	2	2	0.391	
005_NM	0	18	1	1	1	0.446	
005_NM	0	19	1	1	1	0.490	
005_NM	0	20	1	1	1	0.510	
005_NM	0	21	1	1	1	0.394	
005_NM	0	22	1	1	1	0.348	
005_NM	0	23	2	2	2	0.450	
005_NM	0	24	2	1	1	0.458	
005_NM	0	25	2	1	1	0.417	
005_NM	0	26	2	2	2	0.493	
005_NM	0	27	2	1	1	0.491	
005_NM	0	28	1	2	2	0.363	
005_NM	0	29	1	2	2	0.364	
005_NM	0	30	2	2	2	0.440	
005_NM	0	31	2	1	1	0.459	
005_NM	0	32	2	1	1	0.538	
005_NM	0	33	2	1	1	0.513	
005_NM	0	34	2	2	2	0.445	
005_NM	0	35	1	2	2	0.511	
005_NM	0	36	1	2	2	0.382	
005_NM	0	37	2	2	2	0.444	
005_NM	0	38	1	1	1	0.418	
005_NM	0	39	2	1	1	0.369	
005_NM	0	40	1	2	2	0.410	
005_NM	0	41	1	2	2	0.394	
005_NM	0	42	1	2	2	0.379	
005_NM	0	43	2	2	2	0.496	
005_NM	0	44	2	2	2	0.563	
005_NM	0	45	2	2	2	0.472	
005_NM	0	46	1	2	2	0.371	
005_NM	0	47	1	1	1	0.475	
005_NM	0	48	1	1	1	0.420	
005_NM	0	49	1	1	1	0.434	
005_NM	0	50	2	1	1	0.600	
005_NM	0	51	1	1	1	0.517	
005_NM	0	52	2	1	1	0.484	
005_NM	0	53	1	2	2	0.424	
005_NM	0	54	1	1	1	0.438	
005_NM	0	55	2	1	1	0.687	
005_NM	1	0	1	2	2	0.398	
005_NM	1	1	1	1	1	0.396	
005_NM	1	2	2	1	1	0.487	
005_NM	1	3	1	1	1	0.604	
005_NM	1	4	1	1	1	0.452	
005_NM	1	5	2	2	2	0.482	
005_NM	1	6	2	2	2	0.466	
005_NM	1	7	2	1	1	0.497	
005_NM	1	8	2	1	2	0.470	
005_NM	1	9	2	2	2	0.352	
005_NM	1	10	1	1	1	0.386	
005_NM	1	11	2	2	2	0.517	
005_NM	1	12	1	2	2	0.435	
005_NM	1	13	1	2	2	0.444	
005_NM	1	14	1	2	2	0.509	
005_NM	1	15	2	1	1	0.491	
005_NM	1	16	2	1	1	0.582	
005_NM	1	17	2	2	2	0.658	
005_NM	1	18	2	1	1	0.509	
005_NM	1	19	1	1	1	0.446	
005_NM	1	20	1	2	2	0.427	
005_NM	1	21	1	2	2	0.500	
005_NM	1	22	2	2	2	0.555	
005_NM	1	23	2	2	2	0.493	
005_NM	1	24	1	1	1	0.606	
005_NM	1	25	2	1	1	0.668	
005_NM	1	26	2	1	1	0.497	
005_NM	1	27	1	2	2	0.447	
005_NM	1	28	1	1	1	0.446	
005_NM	1	29	2	1	1	0.540	
005_NM	1	30	2	2	2	0.500	
005_NM	1	31	1	2	2	0.403	
005_NM	1	32	1	2	2	0.394	
005_NM	1	33	2	2	2	0.544	
005_NM	1	34	1	1	1	0.646	
005_NM	1	35	1	1	1	0.499	
005_NM	1	36	2	2	2	0.465	
005_NM	1	37	1	2	2	0.458	
005_NM	1	38	1	2	2	0.425	
005_NM	1	39	2	2	2	0.463	
005_NM	1	40	2	1	1	0.533	
005_NM	1	41	1	2	2	0.406	
005_NM	1	42	1	1	1	0.407	
005_NM	1	43	2	1	1	0.489	
005_NM	1	44	1	1	1	0.466	
005_NM	1	45	2	1	1	0.609	
005_NM	1	46	2	1	1	0.507	
005_NM	1	47	1	1	1	0.378	
005_NM	1	48	1	2	1	0.464	
005_NM	1	49	2	1	1	0.471	
005_NM	1	50	1	1	1	0.585	
005_NM	1	51	1	2	2	0.485	
005_NM	1	52	1	1	1	0.424	
005_NM	1	53	2	2	2	0.427	
005_NM	1	54	2	2	2	0.451	
005_NM	1	55	2	2	2	0.519	
005_NM	2	0	1	1	1	0.507	
005_NM	2	1	1	2	2	0.519	
005_NM	2	2	2	1	1	0.412	
005_NM	2	3	1	2	2	0.364	
005_NM	2	4	2	1	1	0.529	
005_NM	2	5	1	1	1	0.466	
005_NM	2	6	2	2	2	0.386	
005_NM	2	7	1	2	2	0.469	
005_NM	2	8	1	2	2	0.365	
005_NM	2	9	1	1	1	0.461	
005_NM	2	10	2	2	2	0.504	
005_NM	2	11	2	2	2	0.459	
005_NM	2	12	2	1	1	0.486	
005_NM	2	13	2	1	2	0.383	
005_NM	2	14	1	1	1	0.438	
005_NM	2	15	1	1	1	0.428	
005_NM	2	16	2	2	2	0.530	
005_NM	2	17	1	1	1	0.526	
005_NM	2	18	1	2	2	0.344	
005_NM	2	19	2	1	1	0.656	
005_NM	2	20	1	1	1	0.641	
005_NM	2	21	2	1	1	0.564	
005_NM	2	22	1	1	1	0.734	
005_NM	2	23	1	2	2	0.585	
005_NM	2	24	2	2	2	0.499	
005_NM	2	25	2	2	2	0.406	
005_NM	2	26	1	2	2	0.418	
005_NM	2	27	2	1	1	0.542	
005_NM	2	28	2	1	1	0.576	
005_NM	2	29	2	2	2	0.513	
005_NM	2	30	1	1	1	0.603	
005_NM	2	31	2	1	1	0.502	
005_NM	2	32	2	1	1	0.523	
005_NM	2	33	1	2	2	0.485	
005_NM	2	34	1	2	2	0.397	
005_NM	2	35	2	1	1	0.471	
005_NM	2	36	1	1	1	0.739	
005_NM	2	37	1	1	1	0.596	
005_NM	2	38	2	2	2	0.587	
005_NM	2	39	2	2	2	0.568	
005_NM	2	40	1	1	1	0.680	
005_NM	2	41	2	2	2	0.503	
005_NM	2	42	1	2	2	0.460	
005_NM	2	43	1	2	2	0.390	
005_NM	2	44	1	2	2	0.420	
005_NM	2	45	1	2	2	0.423	
005_NM	2	46	2	2	2	0.514	
005_NM	2	47	2	1	1	0.667	
005_NM	2	48	2	1	1	0.510	
005_NM	2	49	2	2	2	0.467	
005_NM	2	50	2	1	1	0.562	
005_NM	2	51	1	2	2	0.471	
005_NM	2	52	1	1	1	0.457	
005_NM	2	53	1	1	1	0.509	
005_NM	2	54	2	2	2	0.508	
005_NM	2	55	2	2	2	0.508	
005_NM	3	0	2	2	2	0.495	
005_NM	3	1	2	1	1	0.532	
005_NM	3	2	2	1	1	0.551	
005_NM	3	3	1	1	1	0.521	
005_NM	3	4	1	2	2	0.481	
005_NM	3	5	1	2	2	0.503	
005_NM	3	6	2	2	2	0.451	
005_NM	3	7	2	1	1	0.586	
005_NM	3	8	2	1	1	0.632	
005_NM	3	9	1	1	1	0.545	
005_NM	3	10	2	2	2	0.464	
005_NM	3	11	1	1	1	0.447	
005_NM	3	12	2	2	2	0.465	
005_NM	3	13	2	2	2	0.433	
005_NM	3	14	2	2	2	0.476	
005_NM	3	15	1	1	1	0.451	
005_NM	3	16	1	2	2	0.473	
005_NM	3	17	1	1	1	0.489	
005_NM	3	18	1	1	1	0.403	
005_NM	3	19	2	1	1	0.507	
005_NM	3	20	2	1	1	0.512	
005_NM	3	21	1	1	1	0.664	
005_NM	3	22	2	2	2	0.565	
005_NM	3	23	1	1	1	0.534	
005_NM	3	24	1	2	2	0.521	
005_NM	3	25	2	1	1	0.453	
005_NM	3	26	1	1	1	0.479	
005_NM	3	27	2	2	2	0.401	
005_NM	3	28	1	1	1	0.348	
005_NM	3	29	2	1	1	0.494	
005_NM	3	30	1	1	1	0.470	
005_NM	3	31	1	2	2	0.613	
005_NM	3	32	2	1	1	0.457	
005_NM	3	33	1	1	1	0.397	
005_NM	3	34	1	2	2	0.520	
005_NM	3	35	2	1	1	0.450	
005_NM	3	36	1	2	2	0.740	
005_NM	3	37	2	1	1	0.563	
005_NM	3	38	1	2	2	0.541	
005_NM	3	39	1	2	2	0.463	
005_NM	3	40	1	2	2	0.464	
005_NM	3	41	2	1	1	0.535	
005_NM	3	42	1	1	1	0.546	
005_NM	3	43	1	2	2	0.423	
005_NM	3	44	2	2	2	0.423	
005_NM	3	45	1	2	2	0.388	
005_NM	3	46	2	1	1	0.549	
005_NM	3	47	1	2	2	0.427	
005_NM	3	48	2	2	2	0.454	
005_NM	3	49	2	2	2	0.490	
005_NM	3	50	1	2	2	0.433	
005_NM	3	51	2	1	1	0.544	
005_NM	3	52	2	2	2	0.561	
005_NM	3	53	2	2	2	0.466	
005_NM	3	54	2	2	2	0.430	
005_NM	3	55	1	1	1	0.436	
