sub	block	trial	congr	stim	resp	RT	
018_1BL	0	0	1	2	2	0.788	
018_1BL	0	1	1	1	1	0.409	
018_1BL	0	2	2	2	2	0.417	
018_1BL	0	3	1	1	1	0.350	
018_1BL	0	4	1	1	1	0.395	
018_1BL	0	5	2	1	2	0.406	
018_1BL	0	6	1	2	2	0.406	
018_1BL	0	7	2	2	2	0.517	
018_1BL	0	8	1	1	1	0.363	
018_1BL	0	9	2	1	1	0.477	
018_1BL	0	10	2	1	1	0.526	
018_1BL	0	11	2	2	2	0.535	
018_1BL	0	12	1	2	2	0.452	
018_1BL	0	13	2	1	1	0.383	
018_1BL	0	14	2	2	2	0.477	
018_1BL	0	15	1	2	2	0.380	
018_1BL	0	16	1	2	2	0.367	
018_1BL	0	17	1	2	2	0.356	
018_1BL	0	18	2	1	1	0.467	
018_1BL	0	19	2	2	2	0.540	
018_1BL	0	20	1	2	2	0.389	
018_1BL	0	21	1	2	2	0.412	
018_1BL	0	22	1	1	1	0.373	
018_1BL	0	23	2	2	2	0.467	
018_1BL	0	24	2	2	2	0.437	
018_1BL	0	25	2	2	2	0.385	
018_1BL	0	26	2	2	2	0.419	
018_1BL	0	27	1	1	1	0.374	
018_1BL	0	28	2	1	1	0.521	
018_1BL	0	29	2	2	2	0.390	
018_1BL	0	30	2	2	2	0.534	
018_1BL	0	31	2	2	2	0.396	
018_1BL	0	32	2	1	1	0.414	
018_1BL	0	33	1	1	1	0.357	
018_1BL	0	34	2	1	1	0.460	
018_1BL	0	35	2	2	2	0.407	
018_1BL	0	36	1	1	1	0.381	
018_1BL	0	37	2	2	2	0.427	
018_1BL	0	38	1	1	1	0.406	
018_1BL	0	39	2	1	1	0.673	
018_1BL	0	40	1	1	1	0.468	
018_1BL	0	41	2	1	2	0.385	
018_1BL	0	42	1	2	2	0.400	
018_1BL	0	43	2	1	1	0.432	
018_1BL	0	44	1	2	2	0.402	
018_1BL	0	45	1	2	2	0.379	
018_1BL	0	46	1	1	1	0.418	
018_1BL	0	47	1	2	2	0.380	
018_1BL	0	48	1	1	1	0.399	
018_1BL	0	49	1	1	1	0.489	
018_1BL	0	50	1	1	1	0.403	
018_1BL	0	51	1	2	2	0.360	
018_1BL	0	52	2	1	1	0.512	
018_1BL	0	53	1	2	2	0.399	
018_1BL	0	54	2	1	1	0.414	
018_1BL	0	55	2	1	1	0.416	
018_1BL	1	0	1	2	2	0.605	
018_1BL	1	1	1	2	2	0.401	
018_1BL	1	2	2	1	1	0.407	
018_1BL	1	3	2	2	2	0.420	
018_1BL	1	4	2	2	2	0.482	
018_1BL	1	5	1	2	2	0.385	
018_1BL	1	6	2	1	1	0.450	
018_1BL	1	7	2	2	2	0.516	
018_1BL	1	8	1	2	2	0.383	
018_1BL	1	9	1	1	1	0.517	
018_1BL	1	10	2	1	1	0.540	
018_1BL	1	11	1	1	1	0.370	
018_1BL	1	12	1	1	1	0.327	
018_1BL	1	13	2	2	2	0.402	
018_1BL	1	14	2	2	2	0.429	
018_1BL	1	15	1	2	2	0.474	
018_1BL	1	16	2	1	1	0.374	
018_1BL	1	17	1	1	1	0.363	
018_1BL	1	18	2	1	1	0.564	
018_1BL	1	19	1	2	2	0.380	
018_1BL	1	20	1	1	1	0.437	
018_1BL	1	21	2	1	1	0.388	
018_1BL	1	22	2	1	1	0.411	
018_1BL	1	23	1	2	2	0.390	
018_1BL	1	24	2	1	1	0.382	
018_1BL	1	25	2	2	2	0.420	
018_1BL	1	26	2	2	2	0.404	
018_1BL	1	27	2	1	2	0.410	
018_1BL	1	28	1	1	1	0.347	
018_1BL	1	29	1	1	1	0.411	
018_1BL	1	30	1	2	2	0.459	
018_1BL	1	31	1	1	1	0.333	
018_1BL	1	32	2	2	2	0.484	
018_1BL	1	33	2	1	1	0.321	
018_1BL	1	34	1	1	1	0.368	
018_1BL	1	35	2	2	2	0.541	
018_1BL	1	36	2	2	2	0.476	
018_1BL	1	37	1	1	1	0.367	
018_1BL	1	38	2	1	1	0.454	
018_1BL	1	39	1	1	1	0.331	
018_1BL	1	40	2	1	1	0.480	
018_1BL	1	41	2	2	2	0.652	
018_1BL	1	42	2	2	2	0.512	
018_1BL	1	43	2	1	1	0.377	
018_1BL	1	44	1	2	2	0.402	
018_1BL	1	45	1	2	2	0.709	
018_1BL	1	46	1	1	1	0.441	
018_1BL	1	47	1	1	1	0.459	
018_1BL	1	48	1	2	2	0.354	
018_1BL	1	49	2	1	1	0.423	
018_1BL	1	50	2	2	2	0.442	
018_1BL	1	51	1	2	2	0.387	
018_1BL	1	52	2	2	2	0.421	
018_1BL	1	53	1	2	2	0.399	
018_1BL	1	54	1	2	2	0.419	
018_1BL	1	55	1	1	1	0.458	
018_1BL	2	0	2	1	1	0.392	
018_1BL	2	1	2	1	2	0.398	
018_1BL	2	2	2	1	1	0.605	
018_1BL	2	3	1	2	2	0.396	
018_1BL	2	4	1	1	1	0.397	
018_1BL	2	5	1	2	2	0.359	
018_1BL	2	6	2	2	2	0.482	
018_1BL	2	7	1	1	1	0.352	
018_1BL	2	8	1	2	2	0.344	
018_1BL	2	9	2	2	2	0.454	
018_1BL	2	10	1	2	2	0.411	
018_1BL	2	11	1	1	1	0.398	
018_1BL	2	12	2	2	2	0.440	
018_1BL	2	13	2	1	1	0.540	
018_1BL	2	14	1	2	2	0.347	
018_1BL	2	15	2	2	2	0.441	
018_1BL	2	16	1	2	2	0.436	
018_1BL	2	17	1	1	1	0.360	
018_1BL	2	18	2	2	2	0.432	
018_1BL	2	19	2	1	1	0.370	
018_1BL	2	20	1	2	2	0.358	
018_1BL	2	21	2	2	2	0.437	
018_1BL	2	22	2	1	1	0.321	
018_1BL	2	23	1	2	2	0.550	
018_1BL	2	24	1	2	2	0.607	
018_1BL	2	25	2	1	1	0.458	
018_1BL	2	26	2	1	1	0.455	
018_1BL	2	27	1	2	2	0.379	
018_1BL	2	28	2	1	1	0.391	
018_1BL	2	29	1	1	1	0.440	
018_1BL	2	30	1	1	1	0.337	
018_1BL	2	31	1	1	1	0.338	
018_1BL	2	32	1	2	2	0.412	
018_1BL	2	33	2	2	2	0.427	
018_1BL	2	34	2	2	2	0.451	
018_1BL	2	35	2	1	1	0.444	
018_1BL	2	36	1	2	2	0.341	
018_1BL	2	37	1	1	1	0.311	
018_1BL	2	38	1	1	1	0.502	
018_1BL	2	39	2	1	2	0.384	
018_1BL	2	40	1	2	2	0.540	
018_1BL	2	41	1	1	1	0.350	
018_1BL	2	42	2	1	1	0.453	
018_1BL	2	43	1	1	1	0.356	
018_1BL	2	44	2	2	1	0.382	
018_1BL	2	45	2	2	2	0.423	
018_1BL	2	46	1	1	1	0.343	
018_1BL	2	47	2	2	1	0.393	
018_1BL	2	48	1	1	1	0.394	
018_1BL	2	49	2	2	2	0.522	
018_1BL	2	50	1	2	2	0.457	
018_1BL	2	51	1	1	1	0.381	
018_1BL	2	52	2	1	1	0.509	
018_1BL	2	53	2	1	1	0.532	
018_1BL	2	54	2	2	2	0.523	
018_1BL	2	55	2	2	2	0.483	
018_1BL	3	0	1	1	1	0.383	
018_1BL	3	1	1	2	2	0.375	
018_1BL	3	2	2	2	2	0.535	
018_1BL	3	3	2	2	2	0.793	
018_1BL	3	4	2	1	1	0.648	
018_1BL	3	5	2	1	1	0.434	
018_1BL	3	6	1	2	2	0.444	
018_1BL	3	7	1	1	1	0.354	
018_1BL	3	8	1	2	2	0.396	
018_1BL	3	9	1	1	1	0.394	
018_1BL	3	10	2	1	1	0.425	
018_1BL	3	11	2	1	1	0.395	
018_1BL	3	12	2	2	2	0.486	
018_1BL	3	13	1	1	1	0.392	
018_1BL	3	14	2	2	2	0.436	
018_1BL	3	15	2	2	2	0.405	
018_1BL	3	16	1	1	1	0.367	
018_1BL	3	17	2	1	1	0.498	
018_1BL	3	18	1	2	2	0.352	
018_1BL	3	19	1	2	2	0.398	
018_1BL	3	20	1	1	1	0.379	
018_1BL	3	21	2	1	1	0.455	
018_1BL	3	22	2	2	2	0.517	
018_1BL	3	23	1	2	2	0.416	
018_1BL	3	24	1	2	2	0.345	
018_1BL	3	25	2	2	2	0.545	
018_1BL	3	26	1	2	2	0.358	
018_1BL	3	27	1	1	1	0.394	
018_1BL	3	28	1	2	2	0.394	
018_1BL	3	29	1	1	1	0.378	
018_1BL	3	30	2	1	1	0.487	
018_1BL	3	31	1	2	2	0.358	
018_1BL	3	32	1	1	1	0.372	
018_1BL	3	33	2	2	2	0.459	
018_1BL	3	34	1	1	1	0.393	
018_1BL	3	35	2	1	1	0.484	
018_1BL	3	36	2	1	1	0.435	
018_1BL	3	37	1	2	2	0.475	
018_1BL	3	38	2	1	1	0.460	
018_1BL	3	39	2	2	2	0.457	
018_1BL	3	40	2	1	1	0.382	
018_1BL	3	41	1	1	1	0.360	
018_1BL	3	42	2	1	1	0.454	
018_1BL	3	43	1	2	2	0.381	
018_1BL	3	44	2	2	2	0.451	
018_1BL	3	45	1	1	1	0.364	
018_1BL	3	46	2	2	2	0.612	
018_1BL	3	47	2	2	2	0.470	
018_1BL	3	48	1	2	2	0.569	
018_1BL	3	49	2	1	1	0.359	
018_1BL	3	50	1	1	1	0.401	
018_1BL	3	51	1	2	2	0.364	
018_1BL	3	52	2	1	1	0.347	
018_1BL	3	53	2	2	2	0.414	
018_1BL	3	54	1	1	1	0.384	
018_1BL	3	55	2	2	2	0.534	
