sub	block	trial	congr	stim	resp	RT	
002_6GS	0	0	1	2	2	0.389	
002_6GS	0	1	2	1	1	0.452	
002_6GS	0	2	2	2	2	0.456	
002_6GS	0	3	2	2	2	0.491	
002_6GS	0	4	1	1	1	0.407	
002_6GS	0	5	2	1	1	0.441	
002_6GS	0	6	2	2	2	0.451	
002_6GS	0	7	1	1	1	0.381	
002_6GS	0	8	1	1	1	0.523	
002_6GS	0	9	2	1	1	0.436	
002_6GS	0	10	1	2	2	0.382	
002_6GS	0	11	1	2	2	0.325	
002_6GS	0	12	1	2	2	0.396	
002_6GS	0	13	2	1	1	0.456	
002_6GS	0	14	1	1	1	0.501	
002_6GS	0	15	2	2	2	0.382	
002_6GS	0	16	2	1	1	0.527	
002_6GS	0	17	2	2	2	0.450	
002_6GS	0	18	2	2	2	0.421	
002_6GS	0	19	1	1	1	0.415	
002_6GS	0	20	1	1	1	0.390	
002_6GS	0	21	2	2	2	0.402	
002_6GS	0	22	1	1	1	0.371	
002_6GS	0	23	2	1	1	0.479	
002_6GS	0	24	1	2	2	0.407	
002_6GS	0	25	2	2	2	0.384	
002_6GS	0	26	1	2	2	0.345	
002_6GS	0	27	1	2	2	0.348	
002_6GS	0	28	2	2	1	0.429	
002_6GS	0	29	2	1	1	0.533	
002_6GS	0	30	1	1	1	0.435	
002_6GS	0	31	1	1	1	0.414	
002_6GS	0	32	1	2	2	0.448	
002_6GS	0	33	1	2	2	0.384	
002_6GS	0	34	1	2	2	0.395	
002_6GS	0	35	2	2	2	0.413	
002_6GS	0	36	2	2	2	0.417	
002_6GS	0	37	1	1	1	0.417	
002_6GS	0	38	2	1	1	0.441	
002_6GS	0	39	1	2	2	0.355	
002_6GS	0	40	1	2	2	0.341	
002_6GS	0	41	1	1	1	0.394	
002_6GS	0	42	2	1	1	0.441	
002_6GS	0	43	2	2	2	0.347	
002_6GS	0	44	2	1	1	0.531	
002_6GS	0	45	2	1	1	0.460	
002_6GS	0	46	2	2	2	0.412	
002_6GS	0	47	1	1	1	0.367	
002_6GS	0	48	2	1	1	0.450	
002_6GS	0	49	1	1	1	0.357	
002_6GS	0	50	1	2	2	0.377	
002_6GS	0	51	2	2	2	0.498	
002_6GS	0	52	1	2	2	0.375	
002_6GS	0	53	2	1	1	0.482	
002_6GS	0	54	2	1	1	0.457	
002_6GS	0	55	1	1	1	0.390	
002_6GS	1	0	1	2	2	0.349	
002_6GS	1	1	2	1	1	0.487	
002_6GS	1	2	1	2	2	0.381	
002_6GS	1	3	2	2	2	0.448	
002_6GS	1	4	2	2	2	0.510	
002_6GS	1	5	2	1	2	0.378	
002_6GS	1	6	1	2	2	0.365	
002_6GS	1	7	1	2	2	0.378	
002_6GS	1	8	2	1	1	0.439	
002_6GS	1	9	1	1	1	0.400	
002_6GS	1	10	1	1	1	0.423	
002_6GS	1	11	1	2	2	0.383	
002_6GS	1	12	2	2	2	0.526	
002_6GS	1	13	1	1	1	0.414	
002_6GS	1	14	2	1	1	0.481	
002_6GS	1	15	2	1	1	0.397	
002_6GS	1	16	1	1	1	0.393	
002_6GS	1	17	1	1	1	0.434	
002_6GS	1	18	1	2	2	0.486	
002_6GS	1	19	2	2	2	0.484	
002_6GS	1	20	2	1	1	0.494	
002_6GS	1	21	2	2	2	0.409	
002_6GS	1	22	2	1	1	0.525	
002_6GS	1	23	2	2	2	0.491	
002_6GS	1	24	1	2	2	0.366	
002_6GS	1	25	2	1	1	0.527	
002_6GS	1	26	1	1	1	0.359	
002_6GS	1	27	2	1	1	0.377	
002_6GS	1	28	1	1	1	0.381	
002_6GS	1	29	1	1	1	0.519	
002_6GS	1	30	2	1	1	0.464	
002_6GS	1	31	2	2	2	0.463	
002_6GS	1	32	1	2	2	0.495	
002_6GS	1	33	2	2	2	0.412	
002_6GS	1	34	1	2	2	0.448	
002_6GS	1	35	1	1	1	0.690	
002_6GS	1	36	2	2	2	0.440	
002_6GS	1	37	2	2	2	0.479	
002_6GS	1	38	2	2	2	0.701	
002_6GS	1	39	1	1	1	0.373	
002_6GS	1	40	1	2	2	0.329	
002_6GS	1	41	1	1	1	0.404	
002_6GS	1	42	1	1	1	0.432	
002_6GS	1	43	2	1	1	0.477	
002_6GS	1	44	2	1	1	0.497	
002_6GS	1	45	2	1	1	0.470	
002_6GS	1	46	2	2	2	0.454	
002_6GS	1	47	1	1	1	0.432	
002_6GS	1	48	2	2	2	0.426	
002_6GS	1	49	1	2	2	0.363	
002_6GS	1	50	1	2	2	0.450	
002_6GS	1	51	1	2	2	0.351	
002_6GS	1	52	2	1	1	0.493	
002_6GS	1	53	2	2	2	0.404	
002_6GS	1	54	1	1	1	0.577	
002_6GS	1	55	1	2	2	0.449	
002_6GS	2	0	1	2	2	0.371	
002_6GS	2	1	2	1	1	0.423	
002_6GS	2	2	2	1	2	0.445	
002_6GS	2	3	1	2	2	0.392	
002_6GS	2	4	1	2	2	0.399	
002_6GS	2	5	2	1	2	0.404	
002_6GS	2	6	1	2	2	0.464	
002_6GS	2	7	1	1	1	0.437	
002_6GS	2	8	1	2	2	0.397	
002_6GS	2	9	1	1	1	0.451	
002_6GS	2	10	1	1	1	0.397	
002_6GS	2	11	2	1	1	0.532	
002_6GS	2	12	2	1	1	0.466	
002_6GS	2	13	1	2	2	0.564	
002_6GS	2	14	1	1	1	0.458	
002_6GS	2	15	2	2	2	0.517	
002_6GS	2	16	2	2	2	0.413	
002_6GS	2	17	1	2	2	0.434	
002_6GS	2	18	1	2	2	0.428	
002_6GS	2	19	2	2	2	0.466	
002_6GS	2	20	2	1	2	0.385	
002_6GS	2	21	1	2	2	0.405	
002_6GS	2	22	2	1	1	0.422	
002_6GS	2	23	2	1	1	0.457	
002_6GS	2	24	2	2	1	0.355	
002_6GS	2	25	1	2	2	0.422	
002_6GS	2	26	1	1	1	0.411	
002_6GS	2	27	1	1	1	0.477	
002_6GS	2	28	1	1	1	0.524	
002_6GS	2	29	2	2	2	0.607	
002_6GS	2	30	1	1	1	0.474	
002_6GS	2	31	2	2	2	0.425	
002_6GS	2	32	1	1	1	0.448	
002_6GS	2	33	2	1	1	0.523	
002_6GS	2	34	1	2	2	0.414	
002_6GS	2	35	2	2	2	0.460	
002_6GS	2	36	1	1	1	0.511	
002_6GS	2	37	2	1	1	0.496	
002_6GS	2	38	2	1	1	0.455	
002_6GS	2	39	2	1	1	0.460	
002_6GS	2	40	2	2	2	0.455	
002_6GS	2	41	2	2	2	0.656	
002_6GS	2	42	2	2	2	0.407	
002_6GS	2	43	1	2	2	0.424	
002_6GS	2	44	2	2	2	0.405	
002_6GS	2	45	1	1	1	0.495	
002_6GS	2	46	1	1	1	0.405	
002_6GS	2	47	2	2	2	0.443	
002_6GS	2	48	2	1	1	0.512	
002_6GS	2	49	2	2	2	0.444	
002_6GS	2	50	1	1	1	0.422	
002_6GS	2	51	1	2	2	0.362	
002_6GS	2	52	2	2	2	0.436	
002_6GS	2	53	1	1	1	0.456	
002_6GS	2	54	2	1	1	0.455	
002_6GS	2	55	1	2	2	0.412	
002_6GS	3	0	2	1	1	0.515	
002_6GS	3	1	2	2	2	0.439	
002_6GS	3	2	2	2	2	0.415	
002_6GS	3	3	1	2	2	0.353	
002_6GS	3	4	2	1	1	0.554	
002_6GS	3	5	1	1	1	0.458	
002_6GS	3	6	1	1	1	0.515	
002_6GS	3	7	2	2	2	0.508	
002_6GS	3	8	2	1	1	0.589	
002_6GS	3	9	1	1	1	0.546	
002_6GS	3	10	2	1	1	0.542	
002_6GS	3	11	1	2	2	0.416	
002_6GS	3	12	1	1	1	0.427	
002_6GS	3	13	1	2	2	0.379	
002_6GS	3	14	2	2	2	0.390	
002_6GS	3	15	1	1	1	0.390	
002_6GS	3	16	2	1	1	0.474	
002_6GS	3	17	2	1	1	0.534	
002_6GS	3	18	2	1	1	0.437	
002_6GS	3	19	1	2	2	0.469	
002_6GS	3	20	1	1	1	0.391	
002_6GS	3	21	2	2	2	0.486	
002_6GS	3	22	2	2	2	0.414	
002_6GS	3	23	2	1	1	0.476	
002_6GS	3	24	1	1	1	0.402	
002_6GS	3	25	2	2	2	0.436	
002_6GS	3	26	2	2	2	0.528	
002_6GS	3	27	1	1	1	0.415	
002_6GS	3	28	1	2	2	0.424	
002_6GS	3	29	2	1	1	0.459	
002_6GS	3	30	1	2	2	0.404	
002_6GS	3	31	1	2	2	0.366	
002_6GS	3	32	2	2	2	0.443	
002_6GS	3	33	1	2	2	0.352	
002_6GS	3	34	1	2	2	0.367	
002_6GS	3	35	2	1	2	0.397	
002_6GS	3	36	2	1	1	0.441	
002_6GS	3	37	1	2	2	0.527	
002_6GS	3	38	1	2	2	0.349	
002_6GS	3	39	2	2	1	0.444	
002_6GS	3	40	1	1	1	0.416	
002_6GS	3	41	2	2	2	0.440	
002_6GS	3	42	1	2	2	0.414	
002_6GS	3	43	2	1	1	0.483	
002_6GS	3	44	2	2	2	0.455	
002_6GS	3	45	1	2	2	0.349	
002_6GS	3	46	1	2	2	0.506	
002_6GS	3	47	1	1	1	0.412	
002_6GS	3	48	1	1	1	0.428	
002_6GS	3	49	2	1	1	0.407	
002_6GS	3	50	2	1	1	0.478	
002_6GS	3	51	2	2	2	0.391	
002_6GS	3	52	1	1	1	0.373	
002_6GS	3	53	1	1	1	0.409	
002_6GS	3	54	2	2	2	0.451	
002_6GS	3	55	1	1	1	0.443	
