sub	block	trial	congr	stim	resp	RT	
009_1BL	0	0	2	2	999	999.000	
009_1BL	0	1	2	1	2	0.645	
009_1BL	0	2	1	1	1	0.603	
009_1BL	0	3	1	1	1	0.474	
009_1BL	0	4	1	1	1	0.506	
009_1BL	0	5	2	2	2	0.616	
009_1BL	0	6	1	1	1	0.503	
009_1BL	0	7	1	2	2	0.508	
009_1BL	0	8	1	2	2	0.498	
009_1BL	0	9	2	2	2	0.713	
009_1BL	0	10	2	2	2	0.664	
009_1BL	0	11	2	2	2	0.649	
009_1BL	0	12	1	2	2	0.688	
009_1BL	0	13	2	1	1	0.575	
009_1BL	0	14	2	2	2	0.632	
009_1BL	0	15	1	1	1	0.559	
009_1BL	0	16	2	2	2	0.682	
009_1BL	0	17	1	1	1	0.520	
009_1BL	0	18	2	1	1	0.965	
009_1BL	0	19	2	2	2	0.673	
009_1BL	0	20	2	2	2	0.697	
009_1BL	0	21	1	1	1	0.660	
009_1BL	0	22	1	2	2	0.554	
009_1BL	0	23	1	2	2	0.585	
009_1BL	0	24	2	1	1	0.665	
009_1BL	0	25	1	2	2	0.508	
009_1BL	0	26	1	1	1	0.664	
009_1BL	0	27	1	1	1	0.711	
009_1BL	0	28	2	2	2	0.622	
009_1BL	0	29	1	1	1	0.518	
009_1BL	0	30	2	1	1	0.619	
009_1BL	0	31	2	1	1	0.635	
009_1BL	0	32	1	2	2	0.601	
009_1BL	0	33	2	1	1	0.613	
009_1BL	0	34	2	1	1	0.579	
009_1BL	0	35	1	2	2	0.496	
009_1BL	0	36	2	1	1	0.603	
009_1BL	0	37	2	2	2	0.620	
009_1BL	0	38	1	1	1	0.535	
009_1BL	0	39	1	2	2	0.545	
009_1BL	0	40	2	2	2	0.611	
009_1BL	0	41	2	1	1	0.548	
009_1BL	0	42	1	1	1	0.523	
009_1BL	0	43	2	2	2	0.585	
009_1BL	0	44	1	2	2	0.541	
009_1BL	0	45	2	1	1	0.629	
009_1BL	0	46	1	2	2	0.468	
009_1BL	0	47	2	1	1	0.525	
009_1BL	0	48	1	2	2	0.473	
009_1BL	0	49	1	1	1	0.458	
009_1BL	0	50	1	2	2	0.564	
009_1BL	0	51	1	1	1	0.516	
009_1BL	0	52	2	2	2	0.558	
009_1BL	0	53	1	2	2	0.568	
009_1BL	0	54	2	1	1	0.689	
009_1BL	0	55	2	1	1	0.565	
009_1BL	1	0	2	2	2	0.697	
009_1BL	1	1	1	2	2	0.538	
009_1BL	1	2	2	2	2	0.615	
009_1BL	1	3	2	1	1	0.658	
009_1BL	1	4	1	2	2	0.571	
009_1BL	1	5	2	2	2	0.659	
009_1BL	1	6	1	2	2	0.515	
009_1BL	1	7	2	2	2	0.638	
009_1BL	1	8	1	1	1	0.503	
009_1BL	1	9	1	1	1	0.485	
009_1BL	1	10	1	1	1	0.532	
009_1BL	1	11	1	1	1	0.499	
009_1BL	1	12	2	2	2	0.572	
009_1BL	1	13	1	1	1	0.506	
009_1BL	1	14	2	1	1	0.594	
009_1BL	1	15	1	2	2	0.552	
009_1BL	1	16	1	2	2	0.494	
009_1BL	1	17	2	2	2	0.571	
009_1BL	1	18	2	1	1	0.500	
009_1BL	1	19	1	2	2	0.630	
009_1BL	1	20	1	1	1	0.526	
009_1BL	1	21	2	1	1	0.589	
009_1BL	1	22	1	2	2	0.492	
009_1BL	1	23	1	1	1	0.481	
009_1BL	1	24	2	1	1	0.588	
009_1BL	1	25	1	1	1	0.533	
009_1BL	1	26	2	1	1	0.593	
009_1BL	1	27	2	2	2	0.726	
009_1BL	1	28	1	1	1	0.580	
009_1BL	1	29	2	2	2	0.711	
009_1BL	1	30	1	2	2	0.997	
009_1BL	1	31	1	1	1	0.530	
009_1BL	1	32	2	1	1	0.640	
009_1BL	1	33	1	2	2	0.449	
009_1BL	1	34	1	2	2	0.471	
009_1BL	1	35	2	1	1	0.705	
009_1BL	1	36	2	2	2	0.631	
009_1BL	1	37	1	2	2	0.576	
009_1BL	1	38	1	1	1	0.425	
009_1BL	1	39	1	1	1	0.442	
009_1BL	1	40	2	1	1	0.564	
009_1BL	1	41	1	2	2	0.506	
009_1BL	1	42	2	1	1	0.540	
009_1BL	1	43	2	1	1	0.507	
009_1BL	1	44	1	1	1	0.597	
009_1BL	1	45	1	2	2	0.507	
009_1BL	1	46	2	2	2	0.715	
009_1BL	1	47	2	1	1	0.678	
009_1BL	1	48	2	2	2	0.572	
009_1BL	1	49	2	2	2	0.583	
009_1BL	1	50	1	2	2	0.567	
009_1BL	1	51	2	1	1	0.622	
009_1BL	1	52	2	2	2	0.648	
009_1BL	1	53	2	1	1	0.648	
009_1BL	1	54	2	2	2	0.543	
009_1BL	1	55	1	1	1	0.525	
009_1BL	2	0	2	2	2	0.937	
009_1BL	2	1	1	2	2	0.554	
009_1BL	2	2	2	2	2	0.562	
009_1BL	2	3	2	2	2	0.608	
009_1BL	2	4	1	1	1	0.467	
009_1BL	2	5	1	2	2	0.400	
009_1BL	2	6	2	1	1	0.608	
009_1BL	2	7	1	1	1	0.513	
009_1BL	2	8	1	1	1	0.466	
009_1BL	2	9	2	1	1	0.630	
009_1BL	2	10	1	2	2	0.559	
009_1BL	2	11	1	2	2	0.541	
009_1BL	2	12	1	1	1	0.512	
009_1BL	2	13	2	2	2	0.610	
009_1BL	2	14	1	2	2	0.526	
009_1BL	2	15	1	2	2	0.495	
009_1BL	2	16	2	1	1	0.569	
009_1BL	2	17	2	2	2	0.653	
009_1BL	2	18	1	1	1	0.493	
009_1BL	2	19	1	2	2	0.516	
009_1BL	2	20	2	2	2	0.619	
009_1BL	2	21	2	2	2	0.589	
009_1BL	2	22	1	1	1	0.539	
009_1BL	2	23	1	2	2	0.539	
009_1BL	2	24	2	1	1	0.584	
009_1BL	2	25	1	2	2	0.474	
009_1BL	2	26	1	1	1	0.459	
009_1BL	2	27	2	2	2	0.553	
009_1BL	2	28	1	2	2	0.538	
009_1BL	2	29	1	2	2	0.505	
009_1BL	2	30	1	1	1	0.551	
009_1BL	2	31	2	1	1	0.658	
009_1BL	2	32	1	2	2	0.644	
009_1BL	2	33	2	1	1	0.634	
009_1BL	2	34	2	1	1	0.585	
009_1BL	2	35	2	2	2	0.561	
009_1BL	2	36	2	1	1	0.633	
009_1BL	2	37	2	2	2	0.595	
009_1BL	2	38	1	1	1	0.515	
009_1BL	2	39	2	2	2	0.540	
009_1BL	2	40	1	1	1	0.606	
009_1BL	2	41	2	1	1	0.607	
009_1BL	2	42	1	1	1	0.529	
009_1BL	2	43	1	1	1	0.472	
009_1BL	2	44	2	1	1	0.585	
009_1BL	2	45	2	1	1	0.526	
009_1BL	2	46	1	1	1	0.509	
009_1BL	2	47	1	2	2	0.580	
009_1BL	2	48	2	2	2	0.625	
009_1BL	2	49	2	1	1	0.577	
009_1BL	2	50	2	2	2	0.591	
009_1BL	2	51	2	1	1	0.607	
009_1BL	2	52	2	1	1	0.564	
009_1BL	2	53	2	2	2	0.751	
009_1BL	2	54	1	2	2	0.532	
009_1BL	2	55	1	1	1	0.530	
009_1BL	3	0	2	2	2	0.762	
009_1BL	3	1	2	2	2	0.623	
009_1BL	3	2	2	2	2	0.595	
009_1BL	3	3	1	2	2	0.529	
009_1BL	3	4	1	2	2	0.515	
009_1BL	3	5	2	1	1	0.604	
009_1BL	3	6	2	1	1	0.600	
009_1BL	3	7	1	1	1	0.507	
009_1BL	3	8	1	2	2	0.509	
009_1BL	3	9	2	2	2	0.578	
009_1BL	3	10	2	2	2	0.622	
009_1BL	3	11	2	1	1	0.621	
009_1BL	3	12	2	1	1	0.529	
009_1BL	3	13	1	2	2	0.542	
009_1BL	3	14	2	2	2	0.645	
009_1BL	3	15	1	1	1	0.519	
009_1BL	3	16	1	1	1	0.583	
009_1BL	3	17	1	1	1	0.492	
009_1BL	3	18	1	1	1	0.496	
009_1BL	3	19	2	2	2	0.544	
009_1BL	3	20	1	1	1	0.557	
009_1BL	3	21	1	2	2	0.564	
009_1BL	3	22	1	1	1	0.553	
009_1BL	3	23	2	2	2	0.590	
009_1BL	3	24	2	2	2	0.624	
009_1BL	3	25	1	1	1	0.485	
009_1BL	3	26	2	1	1	0.644	
009_1BL	3	27	2	1	1	0.624	
009_1BL	3	28	1	2	2	0.680	
009_1BL	3	29	2	2	2	0.734	
009_1BL	3	30	2	2	2	0.641	
009_1BL	3	31	1	1	1	0.530	
009_1BL	3	32	1	1	1	0.484	
009_1BL	3	33	2	1	1	0.567	
009_1BL	3	34	2	1	1	0.574	
009_1BL	3	35	1	1	1	0.544	
009_1BL	3	36	1	2	2	0.516	
009_1BL	3	37	2	1	1	0.678	
009_1BL	3	38	1	2	2	0.652	
009_1BL	3	39	1	2	2	0.526	
009_1BL	3	40	2	2	2	0.639	
009_1BL	3	41	1	2	2	0.515	
009_1BL	3	42	2	1	1	0.653	
009_1BL	3	43	1	1	1	0.476	
009_1BL	3	44	1	2	2	0.607	
009_1BL	3	45	1	1	1	0.605	
009_1BL	3	46	2	1	1	0.623	
009_1BL	3	47	1	2	2	0.602	
009_1BL	3	48	2	1	1	0.644	
009_1BL	3	49	1	1	1	0.566	
009_1BL	3	50	2	2	2	0.665	
009_1BL	3	51	2	1	1	0.627	
009_1BL	3	52	1	2	2	0.601	
009_1BL	3	53	2	1	1	0.611	
009_1BL	3	54	2	2	2	0.575	
009_1BL	3	55	1	2	2	0.490	
