sub	block	trial	congr	stim	resp	RT	
013_5LB	0	0	1	1	1	0.664	
013_5LB	0	1	1	1	1	0.380	
013_5LB	0	2	1	2	2	0.501	
013_5LB	0	3	2	2	2	0.648	
013_5LB	0	4	2	2	2	0.496	
013_5LB	0	5	1	2	2	0.456	
013_5LB	0	6	2	2	2	0.522	
013_5LB	0	7	2	1	2	0.456	
013_5LB	0	8	2	2	2	0.638	
013_5LB	0	9	1	2	2	0.509	
013_5LB	0	10	1	2	2	0.425	
013_5LB	0	11	1	1	1	0.689	
013_5LB	0	12	2	1	1	0.626	
013_5LB	0	13	2	2	2	0.589	
013_5LB	0	14	2	2	2	0.571	
013_5LB	0	15	2	1	1	0.521	
013_5LB	0	16	2	1	1	0.630	
013_5LB	0	17	1	2	2	0.486	
013_5LB	0	18	2	1	1	0.570	
013_5LB	0	19	2	2	2	0.623	
013_5LB	0	20	2	1	1	0.605	
013_5LB	0	21	1	1	1	0.435	
013_5LB	0	22	1	2	2	0.527	
013_5LB	0	23	1	1	1	0.621	
013_5LB	0	24	2	1	1	0.543	
013_5LB	0	25	1	2	2	0.476	
013_5LB	0	26	1	1	1	0.592	
013_5LB	0	27	1	1	1	0.467	
013_5LB	0	28	1	2	2	0.464	
013_5LB	0	29	2	1	1	0.572	
013_5LB	0	30	2	2	2	0.560	
013_5LB	0	31	2	1	1	0.611	
013_5LB	0	32	2	2	2	0.487	
013_5LB	0	33	1	1	1	0.502	
013_5LB	0	34	1	1	1	0.449	
013_5LB	0	35	2	2	2	0.491	
013_5LB	0	36	1	2	2	0.400	
013_5LB	0	37	1	1	1	0.542	
013_5LB	0	38	2	2	2	0.562	
013_5LB	0	39	1	1	1	0.604	
013_5LB	0	40	2	1	1	0.563	
013_5LB	0	41	2	1	1	0.527	
013_5LB	0	42	1	2	2	0.493	
013_5LB	0	43	1	1	1	0.445	
013_5LB	0	44	2	1	1	0.566	
013_5LB	0	45	1	1	1	0.463	
013_5LB	0	46	1	2	2	0.511	
013_5LB	0	47	1	2	2	0.446	
013_5LB	0	48	2	1	1	0.569	
013_5LB	0	49	1	1	1	0.451	
013_5LB	0	50	2	2	2	0.521	
013_5LB	0	51	2	2	2	0.488	
013_5LB	0	52	1	2	2	0.506	
013_5LB	0	53	2	2	2	0.624	
013_5LB	0	54	2	1	1	0.588	
013_5LB	0	55	1	2	2	0.519	
013_5LB	1	0	1	2	2	0.501	
013_5LB	1	1	1	1	1	0.604	
013_5LB	1	2	2	1	1	0.802	
013_5LB	1	3	1	2	2	0.575	
013_5LB	1	4	1	1	1	0.522	
013_5LB	1	5	2	2	2	0.488	
013_5LB	1	6	2	1	1	0.595	
013_5LB	1	7	2	1	1	0.623	
013_5LB	1	8	1	2	2	0.503	
013_5LB	1	9	2	2	2	0.464	
013_5LB	1	10	2	2	2	0.511	
013_5LB	1	11	2	1	1	0.638	
013_5LB	1	12	2	2	2	0.543	
013_5LB	1	13	1	1	1	0.555	
013_5LB	1	14	1	1	1	0.548	
013_5LB	1	15	2	1	1	0.644	
013_5LB	1	16	2	2	2	0.587	
013_5LB	1	17	1	2	2	0.491	
013_5LB	1	18	1	1	1	0.720	
013_5LB	1	19	2	2	2	0.465	
013_5LB	1	20	1	2	2	0.496	
013_5LB	1	21	1	2	2	0.492	
013_5LB	1	22	1	2	2	0.484	
013_5LB	1	23	1	2	2	0.523	
013_5LB	1	24	1	1	1	0.531	
013_5LB	1	25	1	1	1	0.499	
013_5LB	1	26	1	1	1	0.730	
013_5LB	1	27	1	2	2	0.539	
013_5LB	1	28	1	1	1	0.482	
013_5LB	1	29	2	1	1	0.554	
013_5LB	1	30	2	2	2	0.636	
013_5LB	1	31	2	2	2	0.573	
013_5LB	1	32	1	1	1	0.551	
013_5LB	1	33	2	1	1	0.542	
013_5LB	1	34	1	2	2	0.611	
013_5LB	1	35	1	1	1	0.492	
013_5LB	1	36	2	1	1	0.511	
013_5LB	1	37	1	2	2	0.440	
013_5LB	1	38	1	1	1	0.454	
013_5LB	1	39	1	1	1	0.503	
013_5LB	1	40	2	1	1	0.584	
013_5LB	1	41	2	1	1	0.467	
013_5LB	1	42	2	2	2	0.527	
013_5LB	1	43	2	2	2	0.531	
013_5LB	1	44	1	2	2	0.431	
013_5LB	1	45	2	2	2	0.557	
013_5LB	1	46	2	2	2	0.512	
013_5LB	1	47	2	1	1	0.584	
013_5LB	1	48	2	1	1	0.527	
013_5LB	1	49	1	1	1	0.521	
013_5LB	1	50	2	1	1	0.457	
013_5LB	1	51	2	2	2	0.489	
013_5LB	1	52	1	2	2	0.481	
013_5LB	1	53	2	2	2	0.440	
013_5LB	1	54	1	2	2	0.426	
013_5LB	1	55	2	1	1	0.577	
013_5LB	2	0	1	2	2	0.565	
013_5LB	2	1	2	2	2	0.602	
013_5LB	2	2	2	2	2	0.701	
013_5LB	2	3	2	2	2	0.587	
013_5LB	2	4	1	1	1	0.531	
013_5LB	2	5	2	1	1	0.575	
013_5LB	2	6	1	1	1	0.463	
013_5LB	2	7	2	2	2	0.626	
013_5LB	2	8	2	1	1	0.551	
013_5LB	2	9	1	1	1	0.520	
013_5LB	2	10	2	1	1	0.566	
013_5LB	2	11	2	2	2	0.633	
013_5LB	2	12	1	2	2	0.562	
013_5LB	2	13	2	2	2	0.552	
013_5LB	2	14	2	2	2	0.497	
013_5LB	2	15	1	1	1	0.538	
013_5LB	2	16	1	1	1	0.425	
013_5LB	2	17	2	1	1	0.732	
013_5LB	2	18	1	1	1	0.639	
013_5LB	2	19	1	1	1	0.445	
013_5LB	2	20	1	2	2	0.561	
013_5LB	2	21	2	2	2	0.670	
013_5LB	2	22	2	1	1	0.474	
013_5LB	2	23	2	2	2	0.531	
013_5LB	2	24	1	2	2	0.416	
013_5LB	2	25	2	1	1	0.470	
013_5LB	2	26	1	2	2	0.443	
013_5LB	2	27	2	2	2	0.548	
013_5LB	2	28	1	1	1	0.466	
013_5LB	2	29	1	2	2	0.541	
013_5LB	2	30	2	2	2	0.539	
013_5LB	2	31	2	2	2	0.513	
013_5LB	2	32	2	1	1	0.538	
013_5LB	2	33	1	1	1	0.486	
013_5LB	2	34	2	1	1	0.545	
013_5LB	2	35	2	1	1	0.540	
013_5LB	2	36	1	2	2	0.428	
013_5LB	2	37	1	2	2	0.460	
013_5LB	2	38	2	1	1	0.468	
013_5LB	2	39	1	1	1	0.432	
013_5LB	2	40	2	2	2	0.492	
013_5LB	2	41	1	1	1	0.402	
013_5LB	2	42	2	1	1	0.545	
013_5LB	2	43	1	2	2	0.465	
013_5LB	2	44	2	1	1	0.459	
013_5LB	2	45	2	1	1	0.516	
013_5LB	2	46	1	2	2	0.422	
013_5LB	2	47	1	2	2	0.439	
013_5LB	2	48	1	2	2	0.455	
013_5LB	2	49	1	1	1	0.506	
013_5LB	2	50	1	2	2	0.480	
013_5LB	2	51	1	1	1	0.460	
013_5LB	2	52	1	2	2	0.385	
013_5LB	2	53	2	2	2	0.554	
013_5LB	2	54	2	1	1	0.489	
013_5LB	2	55	1	1	1	0.387	
013_5LB	3	0	1	1	1	0.732	
013_5LB	3	1	2	1	1	0.512	
013_5LB	3	2	1	1	1	0.440	
013_5LB	3	3	1	2	2	0.464	
013_5LB	3	4	2	1	1	0.610	
013_5LB	3	5	2	1	1	0.507	
013_5LB	3	6	1	1	1	0.421	
013_5LB	3	7	1	1	1	0.423	
013_5LB	3	8	1	2	2	0.480	
013_5LB	3	9	1	2	2	0.478	
013_5LB	3	10	1	2	2	0.337	
013_5LB	3	11	2	1	1	0.589	
013_5LB	3	12	1	1	1	0.457	
013_5LB	3	13	2	1	1	0.453	
013_5LB	3	14	1	2	2	0.437	
013_5LB	3	15	2	2	2	0.530	
013_5LB	3	16	2	2	2	0.428	
013_5LB	3	17	1	1	1	0.578	
013_5LB	3	18	2	1	1	0.551	
013_5LB	3	19	2	2	2	0.511	
013_5LB	3	20	2	1	1	0.766	
013_5LB	3	21	1	2	2	0.467	
013_5LB	3	22	1	1	1	0.428	
013_5LB	3	23	2	2	2	0.500	
013_5LB	3	24	1	1	1	0.519	
013_5LB	3	25	2	2	2	0.582	
013_5LB	3	26	2	1	1	0.475	
013_5LB	3	27	2	1	1	0.469	
013_5LB	3	28	1	2	2	0.449	
013_5LB	3	29	1	2	2	0.391	
013_5LB	3	30	2	2	2	0.446	
013_5LB	3	31	2	2	2	0.546	
013_5LB	3	32	2	1	1	0.498	
013_5LB	3	33	1	2	2	0.608	
013_5LB	3	34	1	1	1	0.540	
013_5LB	3	35	1	1	1	0.459	
013_5LB	3	36	2	1	1	0.537	
013_5LB	3	37	1	2	2	0.531	
013_5LB	3	38	1	2	2	0.429	
013_5LB	3	39	1	2	2	0.385	
013_5LB	3	40	2	2	2	0.521	
013_5LB	3	41	2	2	2	0.529	
013_5LB	3	42	2	1	1	0.542	
013_5LB	3	43	1	1	1	0.401	
013_5LB	3	44	2	2	2	0.605	
013_5LB	3	45	1	1	1	0.558	
013_5LB	3	46	2	1	1	0.546	
013_5LB	3	47	1	2	2	0.450	
013_5LB	3	48	2	1	1	0.475	
013_5LB	3	49	2	2	2	0.504	
013_5LB	3	50	2	2	2	0.422	
013_5LB	3	51	1	2	2	0.421	
013_5LB	3	52	2	2	2	0.468	
013_5LB	3	53	1	1	1	0.517	
013_5LB	3	54	2	2	2	0.482	
013_5LB	3	55	1	1	1	0.480	
