sub	block	trial	congr	stim	resp	RT	
011_1BL	0	0	2	1	1	0.794	
011_1BL	0	1	1	2	2	0.365	
011_1BL	0	2	2	2	2	0.534	
011_1BL	0	3	2	1	1	0.465	
011_1BL	0	4	1	1	1	0.454	
011_1BL	0	5	2	1	1	0.515	
011_1BL	0	6	1	2	2	0.444	
011_1BL	0	7	2	2	2	0.510	
011_1BL	0	8	2	2	2	0.465	
011_1BL	0	9	1	1	1	0.677	
011_1BL	0	10	1	1	1	0.398	
011_1BL	0	11	2	1	1	0.477	
011_1BL	0	12	1	2	2	0.444	
011_1BL	0	13	2	1	1	0.539	
011_1BL	0	14	1	2	2	0.437	
011_1BL	0	15	2	2	2	0.495	
011_1BL	0	16	1	1	1	0.373	
011_1BL	0	17	2	2	2	0.518	
011_1BL	0	18	2	1	1	0.456	
011_1BL	0	19	1	1	1	0.433	
011_1BL	0	20	2	2	2	0.439	
011_1BL	0	21	2	1	1	0.541	
011_1BL	0	22	1	1	1	0.426	
011_1BL	0	23	2	1	1	0.533	
011_1BL	0	24	1	2	2	0.422	
011_1BL	0	25	2	2	2	0.634	
011_1BL	0	26	1	1	1	0.473	
011_1BL	0	27	2	2	2	0.473	
011_1BL	0	28	1	2	2	0.406	
011_1BL	0	29	1	1	1	0.473	
011_1BL	0	30	1	1	1	0.420	
011_1BL	0	31	1	2	2	0.432	
011_1BL	0	32	1	2	2	0.432	
011_1BL	0	33	2	2	2	0.566	
011_1BL	0	34	2	2	2	0.533	
011_1BL	0	35	2	1	1	0.550	
011_1BL	0	36	2	2	2	0.518	
011_1BL	0	37	2	1	1	0.653	
011_1BL	0	38	2	1	1	0.555	
011_1BL	0	39	1	2	2	0.390	
011_1BL	0	40	2	2	2	0.567	
011_1BL	0	41	2	2	2	0.525	
011_1BL	0	42	1	2	2	0.524	
011_1BL	0	43	1	2	2	0.346	
011_1BL	0	44	2	1	1	0.379	
011_1BL	0	45	1	2	2	0.386	
011_1BL	0	46	2	2	2	0.434	
011_1BL	0	47	1	1	1	0.456	
011_1BL	0	48	2	1	1	0.429	
011_1BL	0	49	1	2	2	0.393	
011_1BL	0	50	2	1	1	0.563	
011_1BL	0	51	1	1	1	0.456	
011_1BL	0	52	1	1	1	0.520	
011_1BL	0	53	1	1	1	0.525	
011_1BL	0	54	1	1	1	0.390	
011_1BL	0	55	1	2	2	0.440	
011_1BL	1	0	2	2	2	0.634	
011_1BL	1	1	2	1	1	0.479	
011_1BL	1	2	1	2	2	0.484	
011_1BL	1	3	2	1	1	0.464	
011_1BL	1	4	2	2	2	0.493	
011_1BL	1	5	2	2	2	0.477	
011_1BL	1	6	2	2	2	0.389	
011_1BL	1	7	2	2	2	0.412	
011_1BL	1	8	2	2	2	0.473	
011_1BL	1	9	2	1	1	0.492	
011_1BL	1	10	2	2	2	0.365	
011_1BL	1	11	1	1	1	0.529	
011_1BL	1	12	1	1	1	0.457	
011_1BL	1	13	1	1	1	0.441	
011_1BL	1	14	2	1	1	0.484	
011_1BL	1	15	1	1	1	0.407	
011_1BL	1	16	1	2	2	0.465	
011_1BL	1	17	1	1	1	0.494	
011_1BL	1	18	2	1	1	0.490	
011_1BL	1	19	2	1	1	0.489	
011_1BL	1	20	2	2	2	0.450	
011_1BL	1	21	1	2	2	0.412	
011_1BL	1	22	1	2	2	0.373	
011_1BL	1	23	1	2	2	0.393	
011_1BL	1	24	1	2	2	0.420	
011_1BL	1	25	1	2	2	0.360	
011_1BL	1	26	1	2	2	0.381	
011_1BL	1	27	2	1	1	0.565	
011_1BL	1	28	1	2	2	0.415	
011_1BL	1	29	2	1	1	0.503	
011_1BL	1	30	1	1	1	0.444	
011_1BL	1	31	1	1	1	0.475	
011_1BL	1	32	1	2	2	0.447	
011_1BL	1	33	1	1	1	0.503	
011_1BL	1	34	1	1	1	0.474	
011_1BL	1	35	1	1	1	0.416	
011_1BL	1	36	2	2	2	0.499	
011_1BL	1	37	1	2	2	0.456	
011_1BL	1	38	1	1	1	0.416	
011_1BL	1	39	2	2	2	0.415	
011_1BL	1	40	1	1	1	0.480	
011_1BL	1	41	2	1	1	0.594	
011_1BL	1	42	2	2	2	0.578	
011_1BL	1	43	1	2	2	0.471	
011_1BL	1	44	2	1	1	0.476	
011_1BL	1	45	2	1	1	0.534	
011_1BL	1	46	2	1	1	0.544	
011_1BL	1	47	2	2	2	0.461	
011_1BL	1	48	2	2	2	0.509	
011_1BL	1	49	1	1	1	0.454	
011_1BL	1	50	1	1	1	0.517	
011_1BL	1	51	1	2	2	0.520	
011_1BL	1	52	2	1	1	0.487	
011_1BL	1	53	2	2	2	0.509	
011_1BL	1	54	1	2	2	0.413	
011_1BL	1	55	2	1	1	0.440	
011_1BL	2	0	1	2	2	0.502	
011_1BL	2	1	1	2	2	0.434	
011_1BL	2	2	2	2	2	0.476	
011_1BL	2	3	2	1	1	0.512	
011_1BL	2	4	1	1	1	0.464	
011_1BL	2	5	1	1	1	0.428	
011_1BL	2	6	2	2	2	0.458	
011_1BL	2	7	1	1	1	0.387	
011_1BL	2	8	1	1	1	0.448	
011_1BL	2	9	1	1	1	0.415	
011_1BL	2	10	2	2	2	0.470	
011_1BL	2	11	2	1	1	0.559	
011_1BL	2	12	2	1	1	0.519	
011_1BL	2	13	1	2	2	0.482	
011_1BL	2	14	1	1	1	0.516	
011_1BL	2	15	2	2	2	0.464	
011_1BL	2	16	2	1	1	0.516	
011_1BL	2	17	1	1	1	0.433	
011_1BL	2	18	1	2	2	0.593	
011_1BL	2	19	2	2	2	0.582	
011_1BL	2	20	2	2	2	0.442	
011_1BL	2	21	2	2	2	0.493	
011_1BL	2	22	1	2	2	0.426	
011_1BL	2	23	2	2	2	0.517	
011_1BL	2	24	1	1	2	0.521	
011_1BL	2	25	2	1	1	0.720	
011_1BL	2	26	1	1	1	0.499	
011_1BL	2	27	1	1	1	0.532	
011_1BL	2	28	1	1	1	0.385	
011_1BL	2	29	2	2	2	0.456	
011_1BL	2	30	1	2	2	0.475	
011_1BL	2	31	1	2	2	0.407	
011_1BL	2	32	2	2	2	0.487	
011_1BL	2	33	2	2	2	0.517	
011_1BL	2	34	1	1	1	0.410	
011_1BL	2	35	1	2	2	0.447	
011_1BL	2	36	1	2	2	0.321	
011_1BL	2	37	1	1	1	0.727	
011_1BL	2	38	1	2	2	0.343	
011_1BL	2	39	1	2	2	0.393	
011_1BL	2	40	2	1	1	0.476	
011_1BL	2	41	2	1	1	0.548	
011_1BL	2	42	2	1	1	0.540	
011_1BL	2	43	1	1	1	0.474	
011_1BL	2	44	2	1	1	0.564	
011_1BL	2	45	2	1	1	0.558	
011_1BL	2	46	2	1	1	0.574	
011_1BL	2	47	2	2	2	0.485	
011_1BL	2	48	1	2	2	0.423	
011_1BL	2	49	2	1	1	0.442	
011_1BL	2	50	2	1	1	0.533	
011_1BL	2	51	2	2	2	0.663	
011_1BL	2	52	2	2	2	0.460	
011_1BL	2	53	1	2	2	0.428	
011_1BL	2	54	2	1	1	0.521	
011_1BL	2	55	1	2	2	0.481	
011_1BL	3	0	1	2	2	0.480	
011_1BL	3	1	1	1	1	0.413	
011_1BL	3	2	1	2	2	0.475	
011_1BL	3	3	2	1	1	0.453	
011_1BL	3	4	2	2	2	0.457	
011_1BL	3	5	1	2	2	0.414	
011_1BL	3	6	1	2	2	0.367	
011_1BL	3	7	1	1	1	0.384	
011_1BL	3	8	2	1	1	0.500	
011_1BL	3	9	1	2	2	0.409	
011_1BL	3	10	1	2	2	0.456	
011_1BL	3	11	2	2	2	0.420	
011_1BL	3	12	1	1	1	0.478	
011_1BL	3	13	1	1	1	0.408	
011_1BL	3	14	2	1	1	0.444	
011_1BL	3	15	1	2	2	0.449	
011_1BL	3	16	2	2	2	0.455	
011_1BL	3	17	1	1	1	0.519	
011_1BL	3	18	2	2	2	0.516	
011_1BL	3	19	2	1	1	0.492	
011_1BL	3	20	2	2	2	0.460	
011_1BL	3	21	1	1	1	0.541	
011_1BL	3	22	2	2	2	0.435	
011_1BL	3	23	1	1	1	0.444	
011_1BL	3	24	2	2	2	0.493	
011_1BL	3	25	1	1	1	0.651	
011_1BL	3	26	1	1	1	0.509	
011_1BL	3	27	2	2	2	0.426	
011_1BL	3	28	2	1	1	0.453	
011_1BL	3	29	1	2	2	0.386	
011_1BL	3	30	1	2	2	0.403	
011_1BL	3	31	1	1	1	0.403	
011_1BL	3	32	2	1	1	0.490	
011_1BL	3	33	2	2	2	0.376	
011_1BL	3	34	1	1	1	0.436	
011_1BL	3	35	1	2	2	0.474	
011_1BL	3	36	1	2	2	0.393	
011_1BL	3	37	2	1	1	0.506	
011_1BL	3	38	2	1	2	0.357	
011_1BL	3	39	2	2	2	0.565	
011_1BL	3	40	2	1	1	0.516	
011_1BL	3	41	1	1	1	0.425	
011_1BL	3	42	2	1	1	0.411	
011_1BL	3	43	2	2	2	0.463	
011_1BL	3	44	1	2	2	0.415	
011_1BL	3	45	1	2	2	0.415	
011_1BL	3	46	2	2	2	0.403	
011_1BL	3	47	2	2	2	0.527	
011_1BL	3	48	2	1	1	0.685	
011_1BL	3	49	1	2	2	0.422	
011_1BL	3	50	2	1	1	0.579	
011_1BL	3	51	1	1	1	0.675	
011_1BL	3	52	2	1	1	0.531	
011_1BL	3	53	2	1	1	0.429	
011_1BL	3	54	1	1	1	0.443	
011_1BL	3	55	2	2	2	0.541	
