sub	block	trial	congr	stim	resp	RT	
012_4PH	0	0	1	2	2	0.358	
012_4PH	0	1	1	2	2	0.312	
012_4PH	0	2	1	2	2	0.280	
012_4PH	0	3	2	1	1	0.415	
012_4PH	0	4	2	2	2	0.366	
012_4PH	0	5	2	1	1	0.327	
012_4PH	0	6	1	1	1	0.310	
012_4PH	0	7	1	1	1	0.360	
012_4PH	0	8	2	2	2	0.465	
012_4PH	0	9	2	2	2	0.275	
012_4PH	0	10	1	1	1	0.395	
012_4PH	0	11	2	1	2	0.382	
012_4PH	0	12	1	2	2	0.392	
012_4PH	0	13	2	1	1	0.367	
012_4PH	0	14	2	2	2	0.415	
012_4PH	0	15	1	1	1	0.378	
012_4PH	0	16	1	1	1	0.364	
012_4PH	0	17	1	1	1	0.346	
012_4PH	0	18	2	2	2	0.430	
012_4PH	0	19	1	1	1	0.382	
012_4PH	0	20	2	2	1	0.368	
012_4PH	0	21	1	2	2	0.302	
012_4PH	0	22	2	2	1	0.279	
012_4PH	0	23	2	1	1	0.463	
012_4PH	0	24	1	1	2	0.331	
012_4PH	0	25	1	1	1	0.325	
012_4PH	0	26	2	1	1	0.499	
012_4PH	0	27	1	2	2	0.379	
012_4PH	0	28	2	2	2	0.334	
012_4PH	0	29	1	2	2	0.325	
012_4PH	0	30	1	2	2	0.310	
012_4PH	0	31	2	1	1	0.477	
012_4PH	0	32	1	1	1	0.352	
012_4PH	0	33	1	2	2	0.376	
012_4PH	0	34	2	1	1	0.431	
012_4PH	0	35	2	2	2	0.566	
012_4PH	0	36	1	1	1	0.376	
012_4PH	0	37	2	1	1	0.436	
012_4PH	0	38	2	2	2	0.420	
012_4PH	0	39	1	2	2	0.387	
012_4PH	0	40	1	2	2	0.357	
012_4PH	0	41	2	1	1	0.370	
012_4PH	0	42	2	2	2	0.401	
012_4PH	0	43	1	2	2	0.340	
012_4PH	0	44	2	1	1	0.403	
012_4PH	0	45	1	1	1	0.336	
012_4PH	0	46	1	2	2	0.361	
012_4PH	0	47	2	2	2	0.433	
012_4PH	0	48	1	1	1	0.360	
012_4PH	0	49	2	2	1	0.307	
012_4PH	0	50	1	2	2	0.322	
012_4PH	0	51	2	1	1	0.423	
012_4PH	0	52	2	1	1	0.470	
012_4PH	0	53	1	1	1	0.362	
012_4PH	0	54	2	2	2	0.384	
012_4PH	0	55	2	1	1	0.527	
012_4PH	1	0	2	1	1	0.445	
012_4PH	1	1	1	1	1	0.333	
012_4PH	1	2	1	2	2	0.400	
012_4PH	1	3	2	2	2	0.400	
012_4PH	1	4	2	1	1	0.414	
012_4PH	1	5	2	2	2	0.407	
012_4PH	1	6	2	2	2	0.418	
012_4PH	1	7	2	1	1	0.405	
012_4PH	1	8	1	1	1	0.335	
012_4PH	1	9	2	1	1	0.379	
012_4PH	1	10	1	2	2	0.415	
012_4PH	1	11	2	2	2	0.375	
012_4PH	1	12	1	2	2	0.331	
012_4PH	1	13	1	2	2	0.307	
012_4PH	1	14	2	2	2	0.353	
012_4PH	1	15	2	2	2	0.458	
012_4PH	1	16	1	2	2	0.393	
012_4PH	1	17	2	1	2	0.354	
012_4PH	1	18	2	1	1	0.418	
012_4PH	1	19	1	2	2	0.428	
012_4PH	1	20	2	1	1	0.448	
012_4PH	1	21	1	1	1	0.363	
012_4PH	1	22	1	2	2	0.406	
012_4PH	1	23	2	1	1	0.413	
012_4PH	1	24	1	1	1	0.322	
012_4PH	1	25	2	2	2	0.483	
012_4PH	1	26	2	1	1	0.402	
012_4PH	1	27	2	2	2	0.572	
012_4PH	1	28	1	2	2	0.397	
012_4PH	1	29	1	1	1	0.349	
012_4PH	1	30	1	1	1	0.697	
012_4PH	1	31	1	2	2	0.335	
012_4PH	1	32	2	1	1	0.361	
012_4PH	1	33	1	2	2	0.324	
012_4PH	1	34	2	2	2	0.451	
012_4PH	1	35	2	2	2	0.320	
012_4PH	1	36	1	2	2	0.330	
012_4PH	1	37	1	1	1	0.475	
012_4PH	1	38	2	1	1	0.466	
012_4PH	1	39	1	1	1	0.514	
012_4PH	1	40	1	1	1	0.372	
012_4PH	1	41	2	2	2	0.435	
012_4PH	1	42	1	2	2	0.381	
012_4PH	1	43	1	1	1	0.362	
012_4PH	1	44	2	2	2	0.471	
012_4PH	1	45	1	1	1	0.362	
012_4PH	1	46	2	1	1	0.540	
012_4PH	1	47	2	1	1	0.396	
012_4PH	1	48	1	1	1	0.320	
012_4PH	1	49	1	2	2	0.363	
012_4PH	1	50	1	2	2	0.365	
012_4PH	1	51	2	2	1	0.373	
012_4PH	1	52	2	2	2	0.369	
012_4PH	1	53	1	1	1	0.408	
012_4PH	1	54	1	1	1	0.338	
012_4PH	1	55	2	1	1	0.363	
012_4PH	2	0	1	1	1	0.370	
012_4PH	2	1	1	2	2	0.404	
012_4PH	2	2	2	1	1	0.569	
012_4PH	2	3	2	2	1	0.369	
012_4PH	2	4	2	2	2	0.545	
012_4PH	2	5	1	2	2	0.406	
012_4PH	2	6	2	1	1	0.429	
012_4PH	2	7	2	2	2	0.384	
012_4PH	2	8	1	2	2	0.331	
012_4PH	2	9	2	1	1	0.594	
012_4PH	2	10	2	1	1	0.431	
012_4PH	2	11	1	1	1	0.376	
012_4PH	2	12	1	1	1	0.333	
012_4PH	2	13	1	1	1	0.397	
012_4PH	2	14	1	2	2	0.390	
012_4PH	2	15	2	1	1	0.365	
012_4PH	2	16	1	2	2	0.362	
012_4PH	2	17	1	2	2	0.332	
012_4PH	2	18	2	1	1	0.411	
012_4PH	2	19	1	1	1	0.354	
012_4PH	2	20	2	1	1	0.319	
012_4PH	2	21	2	1	1	0.406	
012_4PH	2	22	1	1	1	0.398	
012_4PH	2	23	2	2	2	0.479	
012_4PH	2	24	1	1	1	0.347	
012_4PH	2	25	2	2	2	0.441	
012_4PH	2	26	1	2	2	0.370	
012_4PH	2	27	1	1	1	0.362	
012_4PH	2	28	1	1	1	0.375	
012_4PH	2	29	2	2	2	0.380	
012_4PH	2	30	1	1	1	0.349	
012_4PH	2	31	1	1	1	0.387	
012_4PH	2	32	2	2	2	0.418	
012_4PH	2	33	1	2	2	0.397	
012_4PH	2	34	2	1	1	0.407	
012_4PH	2	35	1	2	2	0.372	
012_4PH	2	36	1	2	2	0.484	
012_4PH	2	37	2	2	2	0.363	
012_4PH	2	38	2	2	2	0.380	
012_4PH	2	39	2	2	2	0.444	
012_4PH	2	40	1	2	2	0.350	
012_4PH	2	41	2	1	1	0.446	
012_4PH	2	42	1	1	1	0.424	
012_4PH	2	43	2	2	2	0.399	
012_4PH	2	44	1	1	1	0.386	
012_4PH	2	45	1	1	1	0.358	
012_4PH	2	46	2	1	1	0.356	
012_4PH	2	47	2	2	2	0.391	
012_4PH	2	48	1	2	2	0.333	
012_4PH	2	49	2	1	1	0.490	
012_4PH	2	50	1	2	2	0.377	
012_4PH	2	51	1	2	2	0.325	
012_4PH	2	52	2	1	1	0.457	
012_4PH	2	53	2	2	2	0.402	
012_4PH	2	54	2	2	1	0.338	
012_4PH	2	55	2	1	1	0.413	
012_4PH	3	0	1	1	1	0.420	
012_4PH	3	1	2	1	1	0.474	
012_4PH	3	2	2	1	2	0.425	
012_4PH	3	3	1	1	1	0.404	
012_4PH	3	4	2	1	1	0.598	
012_4PH	3	5	1	1	1	0.375	
012_4PH	3	6	1	1	1	0.530	
012_4PH	3	7	1	2	2	0.405	
012_4PH	3	8	1	1	1	0.396	
012_4PH	3	9	2	2	2	0.465	
012_4PH	3	10	1	2	2	0.366	
012_4PH	3	11	1	2	2	0.373	
012_4PH	3	12	2	1	1	0.430	
012_4PH	3	13	2	2	2	0.468	
012_4PH	3	14	2	2	2	0.390	
012_4PH	3	15	2	1	1	0.474	
012_4PH	3	16	2	2	2	0.556	
012_4PH	3	17	1	2	2	0.420	
012_4PH	3	18	2	1	1	0.429	
012_4PH	3	19	2	1	1	0.633	
012_4PH	3	20	1	1	1	0.354	
012_4PH	3	21	2	2	2	0.461	
012_4PH	3	22	1	2	2	0.358	
012_4PH	3	23	2	1	1	0.640	
012_4PH	3	24	1	2	2	0.378	
012_4PH	3	25	1	2	2	0.360	
012_4PH	3	26	1	1	1	0.389	
012_4PH	3	27	2	1	1	0.411	
012_4PH	3	28	1	1	1	0.331	
012_4PH	3	29	1	2	2	0.424	
012_4PH	3	30	2	1	1	0.401	
012_4PH	3	31	2	1	1	0.354	
012_4PH	3	32	1	2	2	0.358	
012_4PH	3	33	1	1	1	0.365	
012_4PH	3	34	1	1	1	0.493	
012_4PH	3	35	2	2	1	0.331	
012_4PH	3	36	1	2	2	0.325	
012_4PH	3	37	2	2	2	0.333	
012_4PH	3	38	2	1	2	0.308	
012_4PH	3	39	2	1	1	0.401	
012_4PH	3	40	1	1	1	0.350	
012_4PH	3	41	2	2	2	0.414	
012_4PH	3	42	2	2	1	0.380	
012_4PH	3	43	2	2	2	0.413	
012_4PH	3	44	2	2	2	0.527	
012_4PH	3	45	2	1	1	0.412	
012_4PH	3	46	1	2	2	0.389	
012_4PH	3	47	1	1	1	0.402	
012_4PH	3	48	2	2	2	0.443	
012_4PH	3	49	1	2	2	0.401	
012_4PH	3	50	2	2	2	0.489	
012_4PH	3	51	1	2	2	0.389	
012_4PH	3	52	2	2	2	0.468	
012_4PH	3	53	1	2	2	0.384	
012_4PH	3	54	1	1	1	0.459	
012_4PH	3	55	1	1	1	0.419	
