sub	block	trial	congr	stim	resp	RT	
005_4PH	0	0	2	1	1	0.563	
005_4PH	0	1	2	1	1	0.500	
005_4PH	0	2	2	2	2	0.383	
005_4PH	0	3	1	1	1	0.436	
005_4PH	0	4	2	2	2	0.400	
005_4PH	0	5	1	1	1	0.365	
005_4PH	0	6	1	2	2	0.354	
005_4PH	0	7	1	2	2	0.449	
005_4PH	0	8	1	1	1	0.423	
005_4PH	0	9	1	2	2	0.388	
005_4PH	0	10	2	1	1	0.423	
005_4PH	0	11	1	1	1	0.405	
005_4PH	0	12	1	2	2	0.424	
005_4PH	0	13	1	1	1	0.438	
005_4PH	0	14	2	2	2	0.469	
005_4PH	0	15	1	2	2	0.381	
005_4PH	0	16	1	2	2	0.387	
005_4PH	0	17	1	1	1	0.482	
005_4PH	0	18	2	2	2	0.327	
005_4PH	0	19	1	2	2	0.378	
005_4PH	0	20	2	1	1	0.623	
005_4PH	0	21	1	2	2	0.422	
005_4PH	0	22	2	1	1	0.471	
005_4PH	0	23	2	1	1	0.494	
005_4PH	0	24	2	1	1	0.402	
005_4PH	0	25	1	2	2	0.405	
005_4PH	0	26	1	1	1	0.446	
005_4PH	0	27	2	2	2	0.408	
005_4PH	0	28	1	1	1	0.423	
005_4PH	0	29	1	1	1	0.448	
005_4PH	0	30	1	2	2	0.420	
005_4PH	0	31	2	2	2	0.625	
005_4PH	0	32	1	2	2	0.381	
005_4PH	0	33	2	1	1	0.491	
005_4PH	0	34	2	1	1	0.451	
005_4PH	0	35	1	1	1	0.391	
005_4PH	0	36	2	2	2	0.510	
005_4PH	0	37	2	2	2	0.434	
005_4PH	0	38	1	1	1	0.440	
005_4PH	0	39	2	2	2	0.463	
005_4PH	0	40	2	1	1	0.512	
005_4PH	0	41	1	1	1	0.445	
005_4PH	0	42	1	1	1	0.386	
005_4PH	0	43	1	1	1	0.373	
005_4PH	0	44	1	2	2	0.411	
005_4PH	0	45	2	2	2	0.445	
005_4PH	0	46	2	2	2	0.436	
005_4PH	0	47	1	2	2	0.315	
005_4PH	0	48	2	1	1	0.547	
005_4PH	0	49	2	2	2	0.418	
005_4PH	0	50	1	2	2	0.420	
005_4PH	0	51	2	2	2	0.438	
005_4PH	0	52	2	1	1	0.510	
005_4PH	0	53	2	1	1	0.581	
005_4PH	0	54	2	2	2	0.432	
005_4PH	0	55	2	1	1	0.524	
005_4PH	1	0	1	1	1	0.419	
005_4PH	1	1	1	1	1	0.361	
005_4PH	1	2	2	2	2	0.427	
005_4PH	1	3	2	1	1	0.434	
005_4PH	1	4	2	1	1	0.575	
005_4PH	1	5	2	2	2	0.386	
005_4PH	1	6	2	2	2	0.443	
005_4PH	1	7	1	1	1	0.489	
005_4PH	1	8	1	2	2	0.643	
005_4PH	1	9	2	2	2	0.445	
005_4PH	1	10	1	1	1	0.387	
005_4PH	1	11	2	1	1	0.549	
005_4PH	1	12	2	1	1	0.540	
005_4PH	1	13	1	2	2	0.428	
005_4PH	1	14	2	2	2	0.414	
005_4PH	1	15	1	1	1	0.393	
005_4PH	1	16	1	2	2	0.355	
005_4PH	1	17	1	1	1	0.371	
005_4PH	1	18	2	1	1	0.519	
005_4PH	1	19	1	2	2	0.383	
005_4PH	1	20	1	2	2	0.405	
005_4PH	1	21	2	1	1	0.399	
005_4PH	1	22	2	1	1	0.501	
005_4PH	1	23	1	2	2	0.470	
005_4PH	1	24	1	1	1	0.463	
005_4PH	1	25	1	1	1	0.484	
005_4PH	1	26	2	1	1	0.498	
005_4PH	1	27	2	1	1	0.384	
005_4PH	1	28	2	1	1	0.436	
005_4PH	1	29	2	2	2	0.502	
005_4PH	1	30	2	1	1	0.654	
005_4PH	1	31	2	2	2	0.509	
005_4PH	1	32	1	1	1	0.372	
005_4PH	1	33	2	2	2	0.400	
005_4PH	1	34	1	1	1	0.367	
005_4PH	1	35	1	2	2	0.404	
005_4PH	1	36	1	1	1	0.382	
005_4PH	1	37	1	2	2	0.327	
005_4PH	1	38	1	2	2	0.365	
005_4PH	1	39	2	2	2	0.434	
005_4PH	1	40	1	2	2	0.354	
005_4PH	1	41	2	2	2	0.394	
005_4PH	1	42	2	2	2	0.361	
005_4PH	1	43	1	2	2	0.467	
005_4PH	1	44	1	1	1	0.486	
005_4PH	1	45	2	1	1	0.607	
005_4PH	1	46	2	2	2	0.449	
005_4PH	1	47	1	1	1	0.409	
005_4PH	1	48	1	2	2	0.486	
005_4PH	1	49	2	2	2	0.404	
005_4PH	1	50	1	1	1	0.445	
005_4PH	1	51	2	1	1	0.536	
005_4PH	1	52	2	2	2	0.470	
005_4PH	1	53	2	1	1	0.644	
005_4PH	1	54	1	2	2	0.424	
005_4PH	1	55	1	2	2	0.388	
005_4PH	2	0	2	2	2	0.523	
005_4PH	2	1	2	1	1	0.521	
005_4PH	2	2	1	1	1	0.407	
005_4PH	2	3	1	1	1	0.435	
005_4PH	2	4	2	1	1	0.528	
005_4PH	2	5	2	1	1	0.477	
005_4PH	2	6	2	1	1	0.490	
005_4PH	2	7	2	2	2	0.459	
005_4PH	2	8	2	2	2	0.422	
005_4PH	2	9	1	1	1	0.432	
005_4PH	2	10	2	2	2	0.412	
005_4PH	2	11	2	1	1	0.457	
005_4PH	2	12	2	1	1	0.472	
005_4PH	2	13	1	1	1	0.428	
005_4PH	2	14	1	1	1	0.463	
005_4PH	2	15	2	2	2	0.450	
005_4PH	2	16	2	2	2	0.477	
005_4PH	2	17	2	1	1	0.545	
005_4PH	2	18	2	2	2	0.483	
005_4PH	2	19	1	1	1	0.480	
005_4PH	2	20	2	2	2	0.428	
005_4PH	2	21	2	2	2	0.454	
005_4PH	2	22	1	2	2	0.435	
005_4PH	2	23	1	1	1	0.491	
005_4PH	2	24	1	2	2	0.474	
005_4PH	2	25	1	2	2	0.373	
005_4PH	2	26	1	2	2	0.358	
005_4PH	2	27	2	2	2	0.461	
005_4PH	2	28	1	1	2	0.489	
005_4PH	2	29	2	2	2	0.467	
005_4PH	2	30	1	2	2	0.464	
005_4PH	2	31	2	1	1	0.527	
005_4PH	2	32	2	1	1	0.506	
005_4PH	2	33	1	1	1	0.467	
005_4PH	2	34	1	2	2	0.458	
005_4PH	2	35	2	1	1	0.474	
005_4PH	2	36	2	1	1	0.447	
005_4PH	2	37	1	2	2	0.403	
005_4PH	2	38	1	1	1	0.408	
005_4PH	2	39	1	1	1	0.421	
005_4PH	2	40	2	2	2	0.527	
005_4PH	2	41	2	2	2	0.499	
005_4PH	2	42	1	2	2	0.408	
005_4PH	2	43	1	1	1	0.429	
005_4PH	2	44	1	2	2	0.453	
005_4PH	2	45	1	1	1	0.454	
005_4PH	2	46	2	2	2	0.529	
005_4PH	2	47	1	2	2	0.360	
005_4PH	2	48	1	1	1	0.497	
005_4PH	2	49	1	2	2	0.484	
005_4PH	2	50	2	1	1	0.476	
005_4PH	2	51	1	2	2	0.376	
005_4PH	2	52	2	1	1	0.439	
005_4PH	2	53	1	2	2	0.379	
005_4PH	2	54	2	1	1	0.508	
005_4PH	2	55	1	2	2	0.429	
005_4PH	3	0	1	2	2	0.634	
005_4PH	3	1	2	2	2	0.443	
005_4PH	3	2	2	2	2	0.379	
005_4PH	3	3	2	2	2	0.316	
005_4PH	3	4	2	1	1	0.494	
005_4PH	3	5	1	2	2	0.442	
005_4PH	3	6	2	2	2	0.409	
005_4PH	3	7	2	2	2	0.371	
005_4PH	3	8	2	1	1	0.570	
005_4PH	3	9	2	2	2	0.393	
005_4PH	3	10	2	1	1	0.468	
005_4PH	3	11	1	1	1	0.455	
005_4PH	3	12	2	1	1	0.480	
005_4PH	3	13	1	1	1	0.474	
005_4PH	3	14	1	2	2	0.443	
005_4PH	3	15	2	1	1	0.551	
005_4PH	3	16	2	1	1	0.463	
005_4PH	3	17	2	1	1	0.466	
005_4PH	3	18	1	2	2	0.455	
005_4PH	3	19	1	2	2	0.521	
005_4PH	3	20	2	1	1	0.480	
005_4PH	3	21	1	1	1	0.460	
005_4PH	3	22	2	1	1	0.441	
005_4PH	3	23	2	1	1	0.428	
005_4PH	3	24	1	1	1	0.416	
005_4PH	3	25	2	2	2	0.505	
005_4PH	3	26	1	1	1	0.417	
005_4PH	3	27	2	1	1	0.553	
005_4PH	3	28	1	1	1	0.453	
005_4PH	3	29	2	1	1	0.550	
005_4PH	3	30	1	2	2	0.738	
005_4PH	3	31	1	2	2	0.630	
005_4PH	3	32	1	1	1	0.451	
005_4PH	3	33	2	2	2	0.526	
005_4PH	3	34	2	2	2	0.459	
005_4PH	3	35	2	2	2	0.520	
005_4PH	3	36	2	2	2	0.442	
005_4PH	3	37	2	2	2	0.403	
005_4PH	3	38	1	1	1	0.495	
005_4PH	3	39	1	2	2	0.706	
005_4PH	3	40	1	2	2	0.454	
005_4PH	3	41	2	1	1	0.539	
005_4PH	3	42	1	2	2	0.403	
005_4PH	3	43	1	1	1	0.535	
005_4PH	3	44	2	2	2	0.435	
005_4PH	3	45	2	1	1	0.704	
005_4PH	3	46	1	1	1	0.419	
005_4PH	3	47	1	2	2	0.441	
005_4PH	3	48	1	2	2	0.548	
005_4PH	3	49	1	2	2	0.414	
005_4PH	3	50	1	2	2	0.413	
005_4PH	3	51	1	1	1	0.460	
005_4PH	3	52	1	1	1	0.413	
005_4PH	3	53	1	1	1	0.457	
005_4PH	3	54	2	2	2	0.457	
005_4PH	3	55	1	1	1	0.469	
