sub	block	trial	congr	stim	resp	RT	
001_1KM	0	0	1	2	2	0.511	
001_1KM	0	1	1	1	1	0.392	
001_1KM	0	2	1	1	1	0.394	
001_1KM	0	3	2	1	1	0.534	
001_1KM	0	4	2	2	2	0.496	
001_1KM	0	5	2	1	1	0.476	
001_1KM	0	6	1	2	2	0.442	
001_1KM	0	7	2	2	2	0.543	
001_1KM	0	8	2	1	1	0.441	
001_1KM	0	9	1	1	1	0.400	
001_1KM	0	10	1	1	1	0.404	
001_1KM	0	11	2	2	2	0.490	
001_1KM	0	12	1	1	1	0.376	
001_1KM	0	13	1	1	1	0.416	
001_1KM	0	14	1	1	1	0.403	
001_1KM	0	15	1	1	1	0.366	
001_1KM	0	16	2	1	1	0.508	
001_1KM	0	17	1	2	2	0.468	
001_1KM	0	18	1	2	2	0.438	
001_1KM	0	19	1	1	1	0.435	
001_1KM	0	20	1	2	2	0.391	
001_1KM	0	21	2	2	2	0.470	
001_1KM	0	22	1	2	2	0.480	
001_1KM	0	23	1	1	1	0.450	
001_1KM	0	24	2	1	1	0.487	
001_1KM	0	25	2	2	2	0.500	
001_1KM	0	26	2	1	1	0.497	
001_1KM	0	27	1	2	2	0.422	
001_1KM	0	28	1	2	2	0.449	
001_1KM	0	29	2	1	1	0.470	
001_1KM	0	30	2	2	2	0.508	
001_1KM	0	31	2	1	1	0.467	
001_1KM	0	32	1	1	1	0.405	
001_1KM	0	33	1	2	2	0.591	
001_1KM	0	34	2	1	1	0.443	
001_1KM	0	35	1	2	2	0.432	
001_1KM	0	36	1	2	2	0.410	
001_1KM	0	37	2	1	1	0.644	
001_1KM	0	38	1	1	1	0.503	
001_1KM	0	39	2	2	2	0.511	
001_1KM	0	40	2	2	2	0.692	
001_1KM	0	41	2	2	2	0.499	
001_1KM	0	42	2	2	2	0.480	
001_1KM	0	43	1	2	2	0.430	
001_1KM	0	44	2	1	1	0.496	
001_1KM	0	45	2	1	2	0.626	
001_1KM	0	46	2	1	1	0.484	
001_1KM	0	47	1	1	1	0.452	
001_1KM	0	48	2	2	2	0.482	
001_1KM	0	49	2	2	2	0.529	
001_1KM	0	50	2	2	2	0.523	
001_1KM	0	51	1	2	2	0.410	
001_1KM	0	52	2	2	2	0.516	
001_1KM	0	53	1	1	1	0.674	
001_1KM	0	54	1	2	2	0.521	
001_1KM	0	55	2	1	1	0.428	
001_1KM	1	0	1	2	0	1.373	
001_1KM	1	1	1	1	1	0.558	
001_1KM	1	2	2	1	1	0.495	
001_1KM	1	3	2	1	1	0.642	
001_1KM	1	4	1	2	2	0.533	
001_1KM	1	5	1	2	2	0.437	
001_1KM	1	6	1	2	2	0.426	
001_1KM	1	7	1	2	2	0.444	
001_1KM	1	8	2	2	2	0.523	
001_1KM	1	9	1	2	2	0.453	
001_1KM	1	10	1	1	1	0.425	
001_1KM	1	11	2	1	1	0.484	
001_1KM	1	12	1	2	2	0.448	
001_1KM	1	13	1	2	2	0.479	
001_1KM	1	14	2	2	2	0.485	
001_1KM	1	15	2	2	2	0.441	
001_1KM	1	16	1	1	1	0.442	
001_1KM	1	17	1	1	1	0.428	
001_1KM	1	18	2	1	1	0.670	
001_1KM	1	19	1	2	2	0.542	
001_1KM	1	20	2	1	1	0.535	
001_1KM	1	21	1	1	1	0.444	
001_1KM	1	22	1	1	1	0.465	
001_1KM	1	23	2	2	2	0.512	
001_1KM	1	24	2	2	2	0.840	
001_1KM	1	25	1	1	1	0.528	
001_1KM	1	26	1	1	1	0.469	
001_1KM	1	27	2	1	1	0.854	
001_1KM	1	28	1	1	1	0.400	
001_1KM	1	29	2	2	2	0.526	
001_1KM	1	30	2	2	2	0.692	
001_1KM	1	31	1	2	2	0.523	
001_1KM	1	32	1	1	1	0.458	
001_1KM	1	33	2	2	2	0.583	
001_1KM	1	34	2	2	2	0.490	
001_1KM	1	35	2	2	2	0.492	
001_1KM	1	36	1	2	2	0.458	
001_1KM	1	37	2	1	1	0.471	
001_1KM	1	38	1	1	1	0.460	
001_1KM	1	39	1	1	1	0.361	
001_1KM	1	40	1	2	2	0.456	
001_1KM	1	41	1	2	2	0.438	
001_1KM	1	42	1	2	2	0.461	
001_1KM	1	43	2	2	2	0.500	
001_1KM	1	44	1	1	1	0.487	
001_1KM	1	45	2	1	1	0.506	
001_1KM	1	46	2	2	2	0.435	
001_1KM	1	47	2	1	1	0.434	
001_1KM	1	48	2	1	1	0.448	
001_1KM	1	49	2	1	1	0.740	
001_1KM	1	50	2	1	1	0.639	
001_1KM	1	51	2	1	1	0.440	
001_1KM	1	52	2	1	1	0.464	
001_1KM	1	53	2	2	2	0.627	
001_1KM	1	54	2	2	2	0.588	
001_1KM	1	55	1	1	1	0.397	
001_1KM	2	0	1	2	2	0.589	
001_1KM	2	1	2	1	1	0.568	
001_1KM	2	2	2	2	2	0.546	
001_1KM	2	3	2	1	1	0.511	
001_1KM	2	4	1	2	2	0.445	
001_1KM	2	5	2	2	2	0.522	
001_1KM	2	6	1	1	1	0.434	
001_1KM	2	7	1	2	2	0.426	
001_1KM	2	8	1	2	2	0.404	
001_1KM	2	9	2	2	2	0.607	
001_1KM	2	10	2	2	2	0.482	
001_1KM	2	11	1	2	2	0.361	
001_1KM	2	12	2	1	1	0.546	
001_1KM	2	13	1	2	2	0.446	
001_1KM	2	14	1	1	1	0.380	
001_1KM	2	15	1	1	1	0.477	
001_1KM	2	16	2	2	2	0.612	
001_1KM	2	17	1	2	2	0.381	
001_1KM	2	18	2	2	1	0.488	
001_1KM	2	19	2	1	1	0.522	
001_1KM	2	20	2	1	2	0.466	
001_1KM	2	21	2	1	1	0.516	
001_1KM	2	22	2	1	1	0.465	
001_1KM	2	23	1	2	2	0.404	
001_1KM	2	24	2	2	2	0.426	
001_1KM	2	25	1	1	1	0.600	
001_1KM	2	26	1	2	2	0.429	
001_1KM	2	27	1	1	1	0.457	
001_1KM	2	28	1	1	1	0.379	
001_1KM	2	29	1	1	1	0.421	
001_1KM	2	30	2	1	1	0.488	
001_1KM	2	31	1	2	2	0.532	
001_1KM	2	32	1	2	2	0.430	
001_1KM	2	33	2	2	2	0.439	
001_1KM	2	34	1	1	1	0.429	
001_1KM	2	35	2	2	2	0.561	
001_1KM	2	36	2	2	2	0.641	
001_1KM	2	37	1	2	2	0.430	
001_1KM	2	38	1	1	1	0.406	
001_1KM	2	39	1	2	2	0.450	
001_1KM	2	40	2	2	2	0.490	
001_1KM	2	41	1	1	1	0.433	
001_1KM	2	42	2	1	1	0.528	
001_1KM	2	43	2	2	2	0.509	
001_1KM	2	44	1	2	2	0.424	
001_1KM	2	45	1	1	1	0.922	
001_1KM	2	46	1	1	1	0.359	
001_1KM	2	47	2	1	1	0.441	
001_1KM	2	48	2	1	1	0.440	
001_1KM	2	49	2	1	1	0.478	
001_1KM	2	50	2	2	2	0.531	
001_1KM	2	51	2	2	2	0.515	
001_1KM	2	52	2	1	1	0.551	
001_1KM	2	53	2	1	1	0.478	
001_1KM	2	54	1	1	1	0.417	
001_1KM	2	55	1	1	1	0.441	
001_1KM	3	0	1	2	2	0.540	
001_1KM	3	1	1	2	2	0.515	
001_1KM	3	2	2	1	1	0.493	
001_1KM	3	3	2	2	2	0.527	
001_1KM	3	4	1	2	2	0.457	
001_1KM	3	5	1	1	1	0.426	
001_1KM	3	6	1	2	2	0.437	
001_1KM	3	7	2	1	1	0.489	
001_1KM	3	8	2	1	1	0.474	
001_1KM	3	9	2	2	2	0.461	
001_1KM	3	10	2	1	1	0.478	
001_1KM	3	11	2	2	2	0.508	
001_1KM	3	12	2	1	1	0.465	
001_1KM	3	13	1	1	1	0.409	
001_1KM	3	14	1	2	1	0.534	
001_1KM	3	15	2	1	1	0.524	
001_1KM	3	16	1	2	2	0.512	
001_1KM	3	17	2	1	1	0.435	
001_1KM	3	18	2	1	1	0.435	
001_1KM	3	19	2	2	2	0.473	
001_1KM	3	20	2	1	1	0.606	
001_1KM	3	21	2	2	2	0.533	
001_1KM	3	22	1	2	2	0.548	
001_1KM	3	23	2	1	1	0.524	
001_1KM	3	24	2	2	2	0.709	
001_1KM	3	25	1	1	1	0.706	
001_1KM	3	26	1	1	1	0.442	
001_1KM	3	27	2	2	2	0.498	
001_1KM	3	28	1	1	1	0.480	
001_1KM	3	29	2	2	2	0.533	
001_1KM	3	30	1	1	1	0.451	
001_1KM	3	31	2	2	2	0.534	
001_1KM	3	32	2	1	1	0.579	
001_1KM	3	33	1	2	2	0.732	
001_1KM	3	34	1	2	2	0.477	
001_1KM	3	35	2	2	2	0.517	
001_1KM	3	36	2	1	1	0.762	
001_1KM	3	37	1	2	2	0.410	
001_1KM	3	38	2	1	1	0.490	
001_1KM	3	39	1	1	1	0.424	
001_1KM	3	40	2	1	1	0.594	
001_1KM	3	41	1	1	1	0.454	
001_1KM	3	42	1	2	2	0.546	
001_1KM	3	43	1	2	2	0.445	
001_1KM	3	44	1	2	2	0.435	
001_1KM	3	45	1	1	1	0.576	
001_1KM	3	46	2	2	2	0.474	
001_1KM	3	47	1	1	1	0.412	
001_1KM	3	48	2	2	2	0.531	
001_1KM	3	49	1	1	1	0.430	
001_1KM	3	50	1	1	1	0.414	
001_1KM	3	51	2	2	2	0.460	
001_1KM	3	52	2	2	2	0.567	
001_1KM	3	53	1	2	2	0.425	
001_1KM	3	54	1	1	1	0.444	
001_1KM	3	55	1	1	1	0.427	
