sub	block	trial	congr	stim	resp	RT	
015_1KM	0	0	2	1	1	0.820	
015_1KM	0	1	1	1	1	0.519	
015_1KM	0	2	2	1	1	0.724	
015_1KM	0	3	2	1	1	0.652	
015_1KM	0	4	1	1	1	0.623	
015_1KM	0	5	1	1	1	0.546	
015_1KM	0	6	1	2	2	0.471	
015_1KM	0	7	1	1	1	0.489	
015_1KM	0	8	1	1	1	0.466	
015_1KM	0	9	2	1	1	0.676	
015_1KM	0	10	1	1	1	0.633	
015_1KM	0	11	2	2	2	0.503	
015_1KM	0	12	1	1	1	0.585	
015_1KM	0	13	2	2	2	0.526	
015_1KM	0	14	1	2	2	0.570	
015_1KM	0	15	2	1	1	0.559	
015_1KM	0	16	1	1	1	0.574	
015_1KM	0	17	2	1	1	0.578	
015_1KM	0	18	2	1	1	0.662	
015_1KM	0	19	1	1	1	0.515	
015_1KM	0	20	2	1	1	0.662	
015_1KM	0	21	2	1	1	0.637	
015_1KM	0	22	2	2	2	0.541	
015_1KM	0	23	2	2	2	0.578	
015_1KM	0	24	2	2	2	0.615	
015_1KM	0	25	2	1	1	0.543	
015_1KM	0	26	1	2	2	0.446	
015_1KM	0	27	1	1	1	0.539	
015_1KM	0	28	1	2	2	0.483	
015_1KM	0	29	2	2	2	0.545	
015_1KM	0	30	2	1	1	0.581	
015_1KM	0	31	1	2	2	0.468	
015_1KM	0	32	2	2	2	0.597	
015_1KM	0	33	1	2	2	0.533	
015_1KM	0	34	1	2	2	0.507	
015_1KM	0	35	2	1	1	0.550	
015_1KM	0	36	2	2	2	0.440	
015_1KM	0	37	1	1	1	0.489	
015_1KM	0	38	1	2	2	0.415	
015_1KM	0	39	1	2	2	0.478	
015_1KM	0	40	2	2	2	0.451	
015_1KM	0	41	1	2	2	0.503	
015_1KM	0	42	2	1	1	0.617	
015_1KM	0	43	1	1	1	0.479	
015_1KM	0	44	1	1	1	0.512	
015_1KM	0	45	1	2	2	0.561	
015_1KM	0	46	2	2	2	0.510	
015_1KM	0	47	1	2	2	0.436	
015_1KM	0	48	2	2	2	0.511	
015_1KM	0	49	1	2	2	0.521	
015_1KM	0	50	1	2	2	0.550	
015_1KM	0	51	1	1	1	0.524	
015_1KM	0	52	2	2	2	0.556	
015_1KM	0	53	2	1	1	0.470	
015_1KM	0	54	2	2	2	0.539	
015_1KM	0	55	2	2	2	0.621	
015_1KM	1	0	2	2	2	0.843	
015_1KM	1	1	2	1	1	0.634	
015_1KM	1	2	1	2	2	0.495	
015_1KM	1	3	1	2	2	0.428	
015_1KM	1	4	2	1	1	0.577	
015_1KM	1	5	2	2	2	0.474	
015_1KM	1	6	2	2	2	0.558	
015_1KM	1	7	1	1	1	0.456	
015_1KM	1	8	2	1	1	0.880	
015_1KM	1	9	2	2	2	0.540	
015_1KM	1	10	1	1	1	0.468	
015_1KM	1	11	2	2	2	0.541	
015_1KM	1	12	2	2	2	0.537	
015_1KM	1	13	1	2	2	0.485	
015_1KM	1	14	2	2	2	0.464	
015_1KM	1	15	1	1	1	0.452	
015_1KM	1	16	1	1	1	0.520	
015_1KM	1	17	1	2	2	0.457	
015_1KM	1	18	2	2	2	0.591	
015_1KM	1	19	2	1	1	0.473	
015_1KM	1	20	2	1	1	0.663	
015_1KM	1	21	1	1	1	0.479	
015_1KM	1	22	2	1	1	0.624	
015_1KM	1	23	2	1	1	0.659	
015_1KM	1	24	2	2	2	0.482	
015_1KM	1	25	1	1	1	0.510	
015_1KM	1	26	2	2	2	0.487	
015_1KM	1	27	1	2	2	0.552	
015_1KM	1	28	2	2	2	0.569	
015_1KM	1	29	1	1	1	0.452	
015_1KM	1	30	1	2	2	0.492	
015_1KM	1	31	1	2	2	0.487	
015_1KM	1	32	1	1	1	0.469	
015_1KM	1	33	2	1	1	0.564	
015_1KM	1	34	1	2	2	0.511	
015_1KM	1	35	1	1	1	0.468	
015_1KM	1	36	1	2	2	0.505	
015_1KM	1	37	1	1	1	0.444	
015_1KM	1	38	1	1	1	0.529	
015_1KM	1	39	1	1	1	0.495	
015_1KM	1	40	2	1	1	0.605	
015_1KM	1	41	1	2	2	0.430	
015_1KM	1	42	1	2	2	0.573	
015_1KM	1	43	2	1	1	0.555	
015_1KM	1	44	1	2	2	0.478	
015_1KM	1	45	2	2	2	0.600	
015_1KM	1	46	1	2	2	0.549	
015_1KM	1	47	1	2	2	0.445	
015_1KM	1	48	2	1	1	0.549	
015_1KM	1	49	2	1	1	0.534	
015_1KM	1	50	2	2	2	0.543	
015_1KM	1	51	2	1	1	0.522	
015_1KM	1	52	1	1	1	0.442	
015_1KM	1	53	1	1	1	0.473	
015_1KM	1	54	2	1	1	0.768	
015_1KM	1	55	2	2	2	0.580	
015_1KM	2	0	1	1	1	0.782	
015_1KM	2	1	2	2	2	0.493	
015_1KM	2	2	2	2	2	0.476	
015_1KM	2	3	2	1	1	0.665	
015_1KM	2	4	2	2	2	0.490	
015_1KM	2	5	1	2	2	0.496	
015_1KM	2	6	1	2	2	0.449	
015_1KM	2	7	1	2	2	0.498	
015_1KM	2	8	2	1	1	0.581	
015_1KM	2	9	1	2	2	0.482	
015_1KM	2	10	2	2	2	0.620	
015_1KM	2	11	1	2	2	0.446	
015_1KM	2	12	1	1	1	0.458	
015_1KM	2	13	2	2	2	0.486	
015_1KM	2	14	2	1	1	0.566	
015_1KM	2	15	1	2	2	0.451	
015_1KM	2	16	2	1	1	0.654	
015_1KM	2	17	1	1	1	0.542	
015_1KM	2	18	2	1	1	0.692	
015_1KM	2	19	2	2	2	0.475	
015_1KM	2	20	2	1	1	0.485	
015_1KM	2	21	2	2	2	0.488	
015_1KM	2	22	1	2	2	0.469	
015_1KM	2	23	1	1	1	0.439	
015_1KM	2	24	2	2	2	0.512	
015_1KM	2	25	1	2	2	0.440	
015_1KM	2	26	1	2	2	0.443	
015_1KM	2	27	1	2	2	0.459	
015_1KM	2	28	2	1	1	0.509	
015_1KM	2	29	1	1	1	0.503	
015_1KM	2	30	2	1	1	0.550	
015_1KM	2	31	1	2	2	0.508	
015_1KM	2	32	1	1	1	0.460	
015_1KM	2	33	2	2	2	0.483	
015_1KM	2	34	1	1	1	0.469	
015_1KM	2	35	1	1	1	0.520	
015_1KM	2	36	1	2	2	0.532	
015_1KM	2	37	2	2	2	0.541	
015_1KM	2	38	2	2	2	0.547	
015_1KM	2	39	2	1	1	0.587	
015_1KM	2	40	1	1	1	0.549	
015_1KM	2	41	2	1	1	0.545	
015_1KM	2	42	1	1	1	0.479	
015_1KM	2	43	2	2	2	0.552	
015_1KM	2	44	1	1	1	0.455	
015_1KM	2	45	1	2	2	0.445	
015_1KM	2	46	1	1	1	0.387	
015_1KM	2	47	2	1	1	0.540	
015_1KM	2	48	2	1	1	0.580	
015_1KM	2	49	1	1	1	0.457	
015_1KM	2	50	1	2	2	0.503	
015_1KM	2	51	2	1	1	0.537	
015_1KM	2	52	2	1	1	0.602	
015_1KM	2	53	2	2	2	0.462	
015_1KM	2	54	2	2	2	0.583	
015_1KM	2	55	1	1	1	0.460	
015_1KM	3	0	2	2	2	0.694	
015_1KM	3	1	2	2	2	0.527	
015_1KM	3	2	1	2	2	0.451	
015_1KM	3	3	1	1	1	0.463	
015_1KM	3	4	2	1	1	0.652	
015_1KM	3	5	1	2	2	0.552	
015_1KM	3	6	2	1	1	0.638	
015_1KM	3	7	2	1	1	0.548	
015_1KM	3	8	1	1	1	0.494	
015_1KM	3	9	1	2	2	0.489	
015_1KM	3	10	1	1	1	0.527	
015_1KM	3	11	2	1	1	0.538	
015_1KM	3	12	2	1	1	0.709	
015_1KM	3	13	1	2	2	0.576	
015_1KM	3	14	2	2	2	0.698	
015_1KM	3	15	1	1	1	0.475	
015_1KM	3	16	1	1	1	0.515	
015_1KM	3	17	1	2	2	0.464	
015_1KM	3	18	1	1	1	0.488	
015_1KM	3	19	2	1	1	0.608	
015_1KM	3	20	2	2	2	0.596	
015_1KM	3	21	2	2	2	0.542	
015_1KM	3	22	1	1	1	0.624	
015_1KM	3	23	1	2	2	0.429	
015_1KM	3	24	1	2	2	0.621	
015_1KM	3	25	2	2	2	0.679	
015_1KM	3	26	2	1	1	0.524	
015_1KM	3	27	2	2	2	0.559	
015_1KM	3	28	1	1	1	0.468	
015_1KM	3	29	1	2	2	0.431	
015_1KM	3	30	1	2	2	0.428	
015_1KM	3	31	2	2	2	0.441	
015_1KM	3	32	2	2	2	0.474	
015_1KM	3	33	2	2	2	0.452	
015_1KM	3	34	1	2	2	0.421	
015_1KM	3	35	2	1	1	0.545	
015_1KM	3	36	1	1	1	0.491	
015_1KM	3	37	2	2	2	0.449	
015_1KM	3	38	1	2	2	0.490	
015_1KM	3	39	2	1	1	0.480	
015_1KM	3	40	2	2	2	0.491	
015_1KM	3	41	2	1	1	0.484	
015_1KM	3	42	2	1	1	0.569	
015_1KM	3	43	1	2	2	0.475	
015_1KM	3	44	2	1	1	0.355	
015_1KM	3	45	1	1	1	0.413	
015_1KM	3	46	1	1	1	0.483	
015_1KM	3	47	1	1	1	0.349	
015_1KM	3	48	2	2	2	0.510	
015_1KM	3	49	1	2	2	0.461	
015_1KM	3	50	1	1	1	0.483	
015_1KM	3	51	1	1	1	0.447	
015_1KM	3	52	2	1	1	0.606	
015_1KM	3	53	2	1	1	0.675	
015_1KM	3	54	2	2	2	0.562	
015_1KM	3	55	1	2	2	0.476	
