sub	block	trial	congr	stim	resp	RT	
002_5LB	0	0	1	2	2	0.413	
002_5LB	0	1	1	2	2	0.489	
002_5LB	0	2	1	1	1	0.456	
002_5LB	0	3	2	1	1	0.490	
002_5LB	0	4	1	1	1	0.405	
002_5LB	0	5	2	1	1	0.501	
002_5LB	0	6	2	1	2	0.324	
002_5LB	0	7	1	1	1	0.438	
002_5LB	0	8	1	1	1	0.369	
002_5LB	0	9	1	1	1	0.381	
002_5LB	0	10	2	1	1	0.411	
002_5LB	0	11	1	2	2	0.347	
002_5LB	0	12	1	1	1	0.377	
002_5LB	0	13	1	1	1	0.417	
002_5LB	0	14	2	2	2	0.384	
002_5LB	0	15	2	1	1	0.454	
002_5LB	0	16	1	1	1	0.369	
002_5LB	0	17	1	2	2	0.384	
002_5LB	0	18	2	1	2	0.326	
002_5LB	0	19	1	2	2	0.357	
002_5LB	0	20	1	1	1	0.372	
002_5LB	0	21	2	1	1	0.448	
002_5LB	0	22	2	1	1	0.464	
002_5LB	0	23	1	1	1	0.409	
002_5LB	0	24	2	2	2	0.390	
002_5LB	0	25	2	2	2	0.472	
002_5LB	0	26	1	2	2	0.320	
002_5LB	0	27	1	2	2	0.327	
002_5LB	0	28	1	2	2	0.388	
002_5LB	0	29	2	1	1	0.453	
002_5LB	0	30	2	2	2	0.476	
002_5LB	0	31	2	1	1	0.491	
002_5LB	0	32	2	2	2	0.447	
002_5LB	0	33	1	2	2	0.334	
002_5LB	0	34	2	1	1	0.494	
002_5LB	0	35	2	1	1	0.376	
002_5LB	0	36	1	2	2	0.326	
002_5LB	0	37	2	2	2	0.416	
002_5LB	0	38	2	2	2	0.425	
002_5LB	0	39	1	1	1	0.415	
002_5LB	0	40	2	2	2	0.395	
002_5LB	0	41	1	1	1	0.528	
002_5LB	0	42	2	2	2	0.394	
002_5LB	0	43	1	2	2	0.364	
002_5LB	0	44	1	1	1	0.401	
002_5LB	0	45	2	2	2	0.396	
002_5LB	0	46	2	2	2	0.406	
002_5LB	0	47	1	2	2	0.349	
002_5LB	0	48	2	1	1	0.475	
002_5LB	0	49	2	2	2	0.426	
002_5LB	0	50	2	1	1	0.436	
002_5LB	0	51	1	2	2	0.352	
002_5LB	0	52	2	2	2	0.357	
002_5LB	0	53	1	1	1	0.459	
002_5LB	0	54	1	2	2	0.354	
002_5LB	0	55	2	2	2	0.425	
002_5LB	1	0	2	1	1	0.504	
002_5LB	1	1	1	2	2	0.351	
002_5LB	1	2	2	1	1	0.456	
002_5LB	1	3	1	2	2	0.324	
002_5LB	1	4	2	2	2	0.423	
002_5LB	1	5	1	2	2	0.339	
002_5LB	1	6	2	2	2	0.409	
002_5LB	1	7	2	2	2	0.349	
002_5LB	1	8	2	1	1	0.452	
002_5LB	1	9	1	2	2	0.475	
002_5LB	1	10	2	1	1	0.457	
002_5LB	1	11	2	2	2	0.353	
002_5LB	1	12	1	2	2	0.300	
002_5LB	1	13	2	2	2	0.358	
002_5LB	1	14	2	1	2	0.332	
002_5LB	1	15	1	2	2	0.298	
002_5LB	1	16	1	1	1	0.581	
002_5LB	1	17	2	2	2	0.408	
002_5LB	1	18	2	2	2	0.420	
002_5LB	1	19	2	1	1	0.459	
002_5LB	1	20	1	2	2	0.365	
002_5LB	1	21	2	1	1	0.474	
002_5LB	1	22	1	1	1	0.420	
002_5LB	1	23	2	2	2	0.384	
002_5LB	1	24	2	2	2	0.427	
002_5LB	1	25	1	2	2	0.327	
002_5LB	1	26	2	2	2	0.313	
002_5LB	1	27	1	1	1	0.431	
002_5LB	1	28	2	1	1	0.432	
002_5LB	1	29	2	1	1	0.452	
002_5LB	1	30	1	1	1	0.320	
002_5LB	1	31	1	1	1	0.448	
002_5LB	1	32	1	1	1	0.426	
002_5LB	1	33	2	1	1	0.408	
002_5LB	1	34	1	1	1	0.458	
002_5LB	1	35	1	1	1	0.321	
002_5LB	1	36	1	1	1	0.343	
002_5LB	1	37	1	1	1	0.366	
002_5LB	1	38	2	2	1	0.318	
002_5LB	1	39	2	1	1	0.424	
002_5LB	1	40	1	2	2	0.335	
002_5LB	1	41	2	1	1	0.468	
002_5LB	1	42	1	2	2	0.566	
002_5LB	1	43	1	2	2	0.361	
002_5LB	1	44	2	2	2	0.469	
002_5LB	1	45	1	1	1	0.563	
002_5LB	1	46	2	1	1	0.391	
002_5LB	1	47	1	2	2	0.375	
002_5LB	1	48	1	1	1	0.374	
002_5LB	1	49	2	2	2	0.404	
002_5LB	1	50	1	2	2	0.340	
002_5LB	1	51	1	2	2	0.347	
002_5LB	1	52	1	1	1	0.598	
002_5LB	1	53	2	1	2	0.348	
002_5LB	1	54	2	2	2	0.368	
002_5LB	1	55	1	1	1	0.388	
002_5LB	2	0	2	2	2	0.455	
002_5LB	2	1	2	1	1	0.480	
002_5LB	2	2	2	2	2	0.394	
002_5LB	2	3	2	2	2	0.400	
002_5LB	2	4	1	1	1	0.408	
002_5LB	2	5	1	2	2	0.331	
002_5LB	2	6	1	2	2	0.325	
002_5LB	2	7	1	1	1	0.365	
002_5LB	2	8	2	1	1	0.358	
002_5LB	2	9	2	1	1	0.382	
002_5LB	2	10	1	1	1	0.336	
002_5LB	2	11	1	2	2	0.389	
002_5LB	2	12	2	2	2	0.454	
002_5LB	2	13	1	1	1	0.406	
002_5LB	2	14	1	1	1	0.402	
002_5LB	2	15	1	2	2	0.340	
002_5LB	2	16	1	2	2	0.390	
002_5LB	2	17	1	2	2	0.396	
002_5LB	2	18	1	1	1	0.544	
002_5LB	2	19	2	2	2	0.418	
002_5LB	2	20	2	2	2	0.381	
002_5LB	2	21	1	2	2	0.344	
002_5LB	2	22	2	1	1	0.456	
002_5LB	2	23	1	1	1	0.410	
002_5LB	2	24	1	2	2	0.377	
002_5LB	2	25	1	1	1	0.414	
002_5LB	2	26	2	1	1	0.487	
002_5LB	2	27	1	1	1	0.427	
002_5LB	2	28	1	2	2	0.363	
002_5LB	2	29	2	1	1	0.464	
002_5LB	2	30	2	2	2	0.395	
002_5LB	2	31	2	1	1	0.479	
002_5LB	2	32	2	1	1	0.463	
002_5LB	2	33	2	2	2	0.599	
002_5LB	2	34	1	1	1	0.483	
002_5LB	2	35	1	1	1	0.352	
002_5LB	2	36	2	2	2	0.358	
002_5LB	2	37	2	2	2	0.367	
002_5LB	2	38	2	1	1	0.638	
002_5LB	2	39	2	1	1	0.504	
002_5LB	2	40	1	1	1	0.417	
002_5LB	2	41	2	2	2	0.397	
002_5LB	2	42	2	2	2	0.408	
002_5LB	2	43	2	2	2	0.430	
002_5LB	2	44	2	1	1	0.450	
002_5LB	2	45	1	2	2	0.299	
002_5LB	2	46	1	2	2	0.350	
002_5LB	2	47	2	1	1	0.536	
002_5LB	2	48	1	1	1	0.386	
002_5LB	2	49	2	1	1	0.382	
002_5LB	2	50	1	2	2	0.353	
002_5LB	2	51	1	2	2	0.321	
002_5LB	2	52	1	2	2	0.347	
002_5LB	2	53	1	1	1	0.402	
002_5LB	2	54	2	1	1	0.433	
002_5LB	2	55	2	2	2	0.420	
002_5LB	3	0	1	2	2	0.441	
002_5LB	3	1	2	2	2	0.467	
002_5LB	3	2	2	2	2	0.370	
002_5LB	3	3	1	1	1	0.517	
002_5LB	3	4	1	2	2	0.361	
002_5LB	3	5	2	2	2	0.395	
002_5LB	3	6	1	2	2	0.354	
002_5LB	3	7	2	2	2	0.390	
002_5LB	3	8	2	2	2	0.444	
002_5LB	3	9	2	2	2	0.327	
002_5LB	3	10	2	2	2	0.402	
002_5LB	3	11	1	1	1	0.458	
002_5LB	3	12	2	1	1	0.494	
002_5LB	3	13	2	1	1	0.542	
002_5LB	3	14	1	1	1	0.407	
002_5LB	3	15	1	1	1	0.508	
002_5LB	3	16	1	1	1	0.330	
002_5LB	3	17	2	1	1	0.467	
002_5LB	3	18	1	2	2	0.360	
002_5LB	3	19	1	2	2	0.399	
002_5LB	3	20	1	2	2	0.335	
002_5LB	3	21	1	2	2	0.341	
002_5LB	3	22	2	1	1	0.518	
002_5LB	3	23	1	1	1	0.390	
002_5LB	3	24	1	2	2	0.318	
002_5LB	3	25	1	1	1	0.399	
002_5LB	3	26	1	2	2	0.364	
002_5LB	3	27	2	2	2	0.363	
002_5LB	3	28	1	1	1	0.465	
002_5LB	3	29	1	2	2	0.602	
002_5LB	3	30	1	2	2	0.458	
002_5LB	3	31	1	1	1	0.666	
002_5LB	3	32	1	1	1	0.425	
002_5LB	3	33	1	2	2	0.321	
002_5LB	3	34	2	1	1	0.433	
002_5LB	3	35	2	1	1	0.659	
002_5LB	3	36	1	2	2	0.412	
002_5LB	3	37	2	2	2	0.420	
002_5LB	3	38	2	1	1	0.441	
002_5LB	3	39	2	2	2	0.301	
002_5LB	3	40	1	1	1	0.452	
002_5LB	3	41	2	1	1	0.416	
002_5LB	3	42	2	2	2	0.398	
002_5LB	3	43	1	2	2	0.393	
002_5LB	3	44	2	1	1	0.430	
002_5LB	3	45	2	1	1	0.466	
002_5LB	3	46	2	2	2	0.391	
002_5LB	3	47	2	1	1	0.428	
002_5LB	3	48	2	2	2	0.438	
002_5LB	3	49	2	1	1	0.460	
002_5LB	3	50	1	1	1	0.412	
002_5LB	3	51	2	1	1	0.665	
002_5LB	3	52	1	1	1	0.379	
002_5LB	3	53	1	1	1	0.417	
002_5LB	3	54	2	1	1	0.413	
002_5LB	3	55	2	2	2	0.320	
