sub	block	trial	congr	stim	resp	RT	
016_3DB	0	0	2	2	2	0.643	
016_3DB	0	1	2	1	1	0.479	
016_3DB	0	2	2	2	2	0.515	
016_3DB	0	3	2	2	2	0.424	
016_3DB	0	4	1	2	2	0.369	
016_3DB	0	5	1	2	2	0.333	
016_3DB	0	6	2	1	1	0.435	
016_3DB	0	7	2	1	1	0.431	
016_3DB	0	8	2	1	1	0.516	
016_3DB	0	9	2	2	1	0.357	
016_3DB	0	10	1	2	2	0.397	
016_3DB	0	11	1	2	2	0.397	
016_3DB	0	12	2	2	1	0.412	
016_3DB	0	13	1	1	1	0.461	
016_3DB	0	14	1	2	2	0.444	
016_3DB	0	15	1	1	2	0.321	
016_3DB	0	16	2	1	1	0.372	
016_3DB	0	17	1	1	1	0.432	
016_3DB	0	18	1	1	1	0.336	
016_3DB	0	19	2	1	1	0.512	
016_3DB	0	20	2	2	1	0.359	
016_3DB	0	21	1	1	1	0.370	
016_3DB	0	22	1	2	2	0.405	
016_3DB	0	23	2	2	2	0.478	
016_3DB	0	24	2	2	2	0.513	
016_3DB	0	25	1	1	1	0.414	
016_3DB	0	26	1	1	1	0.384	
016_3DB	0	27	1	1	1	0.356	
016_3DB	0	28	2	2	2	0.671	
016_3DB	0	29	2	2	2	0.472	
016_3DB	0	30	2	2	2	0.426	
016_3DB	0	31	2	1	1	0.474	
016_3DB	0	32	1	2	2	0.441	
016_3DB	0	33	2	1	1	0.378	
016_3DB	0	34	1	1	1	0.446	
016_3DB	0	35	2	1	2	0.445	
016_3DB	0	36	1	1	1	0.384	
016_3DB	0	37	2	1	1	0.475	
016_3DB	0	38	1	2	1	0.519	
016_3DB	0	39	1	1	1	0.413	
016_3DB	0	40	2	1	1	0.470	
016_3DB	0	41	1	2	2	0.477	
016_3DB	0	42	1	2	2	0.491	
016_3DB	0	43	2	2	2	0.474	
016_3DB	0	44	2	2	2	0.493	
016_3DB	0	45	1	2	2	0.455	
016_3DB	0	46	2	1	1	0.492	
016_3DB	0	47	1	2	1	0.391	
016_3DB	0	48	1	1	1	0.405	
016_3DB	0	49	1	1	1	0.382	
016_3DB	0	50	1	2	2	0.431	
016_3DB	0	51	2	1	1	0.463	
016_3DB	0	52	2	2	2	0.454	
016_3DB	0	53	1	2	2	0.433	
016_3DB	0	54	2	1	1	0.529	
016_3DB	0	55	1	1	1	0.384	
016_3DB	1	0	2	2	2	0.517	
016_3DB	1	1	1	1	1	0.473	
016_3DB	1	2	1	1	1	0.346	
016_3DB	1	3	1	1	1	0.332	
016_3DB	1	4	1	1	1	0.340	
016_3DB	1	5	1	1	1	0.330	
016_3DB	1	6	1	2	2	0.418	
016_3DB	1	7	1	2	2	0.403	
016_3DB	1	8	1	1	1	0.405	
016_3DB	1	9	2	1	1	0.477	
016_3DB	1	10	2	2	2	0.449	
016_3DB	1	11	1	1	1	0.430	
016_3DB	1	12	1	2	2	0.427	
016_3DB	1	13	2	1	1	0.517	
016_3DB	1	14	1	1	1	0.394	
016_3DB	1	15	1	1	1	0.378	
016_3DB	1	16	2	2	2	0.518	
016_3DB	1	17	1	2	2	0.394	
016_3DB	1	18	2	1	1	0.494	
016_3DB	1	19	2	1	1	0.544	
016_3DB	1	20	2	1	1	0.515	
016_3DB	1	21	1	1	1	0.405	
016_3DB	1	22	1	1	1	0.364	
016_3DB	1	23	2	2	2	0.519	
016_3DB	1	24	2	1	1	0.527	
016_3DB	1	25	1	2	2	0.395	
016_3DB	1	26	1	2	2	0.360	
016_3DB	1	27	2	2	2	0.386	
016_3DB	1	28	2	2	2	0.443	
016_3DB	1	29	1	2	2	0.318	
016_3DB	1	30	1	2	2	0.380	
016_3DB	1	31	2	1	1	0.464	
016_3DB	1	32	2	1	1	0.423	
016_3DB	1	33	2	2	2	0.498	
016_3DB	1	34	2	1	1	0.529	
016_3DB	1	35	2	2	2	0.503	
016_3DB	1	36	1	2	2	0.447	
016_3DB	1	37	1	2	2	0.353	
016_3DB	1	38	2	1	1	0.452	
016_3DB	1	39	2	2	2	0.435	
016_3DB	1	40	2	2	1	0.426	
016_3DB	1	41	1	2	2	0.454	
016_3DB	1	42	1	1	1	0.435	
016_3DB	1	43	2	2	2	0.429	
016_3DB	1	44	2	1	1	0.400	
016_3DB	1	45	2	1	1	0.530	
016_3DB	1	46	2	2	2	0.449	
016_3DB	1	47	1	1	1	0.385	
016_3DB	1	48	1	2	2	0.421	
016_3DB	1	49	1	1	1	0.373	
016_3DB	1	50	2	2	2	0.446	
016_3DB	1	51	2	1	2	0.412	
016_3DB	1	52	1	2	2	0.386	
016_3DB	1	53	2	2	1	0.404	
016_3DB	1	54	1	2	2	0.388	
016_3DB	1	55	2	1	1	0.412	
016_3DB	2	0	2	2	2	0.589	
016_3DB	2	1	2	1	1	0.512	
016_3DB	2	2	2	1	1	0.504	
016_3DB	2	3	2	1	1	0.462	
016_3DB	2	4	1	1	1	0.362	
016_3DB	2	5	1	2	2	0.444	
016_3DB	2	6	2	2	2	0.458	
016_3DB	2	7	1	1	1	0.449	
016_3DB	2	8	1	1	1	0.353	
016_3DB	2	9	2	1	1	0.502	
016_3DB	2	10	1	2	2	0.419	
016_3DB	2	11	1	2	2	0.411	
016_3DB	2	12	1	2	2	0.360	
016_3DB	2	13	1	1	1	0.390	
016_3DB	2	14	1	2	2	0.392	
016_3DB	2	15	1	1	1	0.405	
016_3DB	2	16	2	2	2	0.427	
016_3DB	2	17	2	1	1	0.423	
016_3DB	2	18	1	1	1	0.348	
016_3DB	2	19	2	1	1	0.508	
016_3DB	2	20	1	1	1	0.331	
016_3DB	2	21	1	1	1	0.320	
016_3DB	2	22	1	2	2	0.449	
016_3DB	2	23	1	2	2	0.407	
016_3DB	2	24	2	1	1	0.428	
016_3DB	2	25	1	1	1	0.342	
016_3DB	2	26	2	2	1	0.291	
016_3DB	2	27	2	1	1	0.470	
016_3DB	2	28	1	1	1	0.369	
016_3DB	2	29	2	2	2	0.448	
016_3DB	2	30	2	2	2	0.380	
016_3DB	2	31	1	1	1	0.391	
016_3DB	2	32	2	2	2	0.436	
016_3DB	2	33	2	1	1	0.515	
016_3DB	2	34	1	2	2	0.382	
016_3DB	2	35	2	2	2	0.464	
016_3DB	2	36	2	2	2	0.470	
016_3DB	2	37	1	2	2	0.488	
016_3DB	2	38	1	2	2	0.409	
016_3DB	2	39	1	1	1	0.414	
016_3DB	2	40	1	1	1	0.357	
016_3DB	2	41	2	1	1	0.459	
016_3DB	2	42	2	1	1	0.451	
016_3DB	2	43	2	2	1	0.326	
016_3DB	2	44	2	1	1	0.428	
016_3DB	2	45	2	2	2	0.558	
016_3DB	2	46	1	2	2	0.490	
016_3DB	2	47	2	2	2	0.603	
016_3DB	2	48	1	2	2	0.364	
016_3DB	2	49	2	1	1	0.489	
016_3DB	2	50	2	2	2	0.514	
016_3DB	2	51	1	1	1	0.528	
016_3DB	2	52	2	1	1	0.420	
016_3DB	2	53	2	2	1	0.564	
016_3DB	2	54	1	2	2	0.502	
016_3DB	2	55	1	2	2	0.453	
016_3DB	3	0	1	2	1	0.486	
016_3DB	3	1	1	2	2	0.436	
016_3DB	3	2	2	2	1	0.580	
016_3DB	3	3	2	1	1	0.521	
016_3DB	3	4	2	1	1	0.420	
016_3DB	3	5	1	2	2	0.456	
016_3DB	3	6	1	1	1	0.424	
016_3DB	3	7	2	2	2	0.536	
016_3DB	3	8	2	2	2	0.508	
016_3DB	3	9	2	2	2	0.454	
016_3DB	3	10	1	2	2	0.380	
016_3DB	3	11	1	1	2	0.500	
016_3DB	3	12	1	2	2	0.427	
016_3DB	3	13	2	2	2	0.471	
016_3DB	3	14	1	2	2	0.348	
016_3DB	3	15	2	1	1	0.425	
016_3DB	3	16	1	2	2	0.424	
016_3DB	3	17	2	1	2	0.475	
016_3DB	3	18	1	1	1	0.464	
016_3DB	3	19	1	2	2	0.411	
016_3DB	3	20	2	1	1	0.445	
016_3DB	3	21	2	2	2	0.389	
016_3DB	3	22	1	1	1	0.359	
016_3DB	3	23	2	2	2	0.425	
016_3DB	3	24	1	1	1	0.460	
016_3DB	3	25	2	2	2	0.522	
016_3DB	3	26	2	2	1	0.403	
016_3DB	3	27	2	1	1	0.471	
016_3DB	3	28	1	1	1	0.384	
016_3DB	3	29	1	1	1	0.358	
016_3DB	3	30	2	1	1	0.514	
016_3DB	3	31	1	1	1	0.333	
016_3DB	3	32	2	1	1	0.513	
016_3DB	3	33	2	2	1	0.324	
016_3DB	3	34	1	2	2	0.414	
016_3DB	3	35	1	1	1	0.413	
016_3DB	3	36	2	2	2	0.412	
016_3DB	3	37	1	1	1	0.396	
016_3DB	3	38	1	1	1	0.358	
016_3DB	3	39	2	1	1	0.411	
016_3DB	3	40	2	2	1	0.378	
016_3DB	3	41	1	2	2	0.414	
016_3DB	3	42	1	1	1	0.410	
016_3DB	3	43	1	2	2	0.416	
016_3DB	3	44	2	2	2	0.427	
016_3DB	3	45	2	1	2	0.406	
016_3DB	3	46	1	1	1	0.422	
016_3DB	3	47	1	2	2	0.409	
016_3DB	3	48	2	1	1	0.417	
016_3DB	3	49	2	1	1	1.412	
016_3DB	3	50	1	1	1	0.434	
016_3DB	3	51	2	1	1	0.455	
016_3DB	3	52	1	2	2	0.436	
016_3DB	3	53	2	1	1	0.470	
016_3DB	3	54	1	2	2	0.427	
016_3DB	3	55	2	2	2	0.552	
