sub	block	trial	congr	stim	resp	RT	
001_3DB	0	0	1	1	1	0.528	
001_3DB	0	1	2	1	1	0.551	
001_3DB	0	2	1	1	1	0.381	
001_3DB	0	3	2	2	2	0.454	
001_3DB	0	4	1	1	1	0.383	
001_3DB	0	5	1	1	1	0.382	
001_3DB	0	6	1	1	1	0.331	
001_3DB	0	7	1	1	1	0.364	
001_3DB	0	8	1	1	1	0.382	
001_3DB	0	9	1	2	2	0.435	
001_3DB	0	10	2	1	1	0.408	
001_3DB	0	11	2	1	1	0.445	
001_3DB	0	12	2	1	1	0.420	
001_3DB	0	13	2	2	2	0.557	
001_3DB	0	14	2	2	2	0.477	
001_3DB	0	15	2	2	2	0.485	
001_3DB	0	16	1	2	2	0.415	
001_3DB	0	17	2	2	2	0.480	
001_3DB	0	18	2	2	2	0.524	
001_3DB	0	19	2	1	1	0.460	
001_3DB	0	20	1	1	1	0.420	
001_3DB	0	21	2	2	2	0.721	
001_3DB	0	22	1	1	1	0.749	
001_3DB	0	23	2	2	2	0.445	
001_3DB	0	24	1	1	1	0.393	
001_3DB	0	25	1	2	2	0.415	
001_3DB	0	26	2	1	1	0.442	
001_3DB	0	27	1	1	1	0.357	
001_3DB	0	28	2	1	1	0.425	
001_3DB	0	29	2	2	2	0.442	
001_3DB	0	30	2	1	1	0.427	
001_3DB	0	31	2	1	1	0.419	
001_3DB	0	32	1	2	2	0.392	
001_3DB	0	33	2	2	2	0.412	
001_3DB	0	34	2	1	1	0.434	
001_3DB	0	35	2	1	1	0.385	
001_3DB	0	36	2	1	1	0.431	
001_3DB	0	37	2	1	1	0.469	
001_3DB	0	38	1	2	2	0.530	
001_3DB	0	39	1	1	1	0.416	
001_3DB	0	40	1	2	2	0.748	
001_3DB	0	41	1	2	2	0.435	
001_3DB	0	42	1	1	1	0.392	
001_3DB	0	43	2	2	2	0.582	
001_3DB	0	44	2	2	2	0.472	
001_3DB	0	45	1	2	2	0.395	
001_3DB	0	46	1	2	2	0.397	
001_3DB	0	47	1	1	1	0.407	
001_3DB	0	48	1	2	2	0.365	
001_3DB	0	49	1	2	2	0.421	
001_3DB	0	50	1	2	2	0.434	
001_3DB	0	51	2	2	2	0.469	
001_3DB	0	52	1	2	2	0.424	
001_3DB	0	53	2	2	2	0.452	
001_3DB	0	54	2	1	1	0.521	
001_3DB	0	55	1	2	2	0.402	
001_3DB	1	0	1	1	1	0.471	
001_3DB	1	1	1	1	1	0.366	
001_3DB	1	2	1	1	1	0.396	
001_3DB	1	3	1	2	2	0.533	
001_3DB	1	4	1	2	2	0.406	
001_3DB	1	5	2	2	2	0.495	
001_3DB	1	6	2	1	1	0.542	
001_3DB	1	7	1	2	2	0.542	
001_3DB	1	8	1	2	2	0.437	
001_3DB	1	9	1	2	2	0.409	
001_3DB	1	10	2	1	1	0.425	
001_3DB	1	11	2	2	2	0.462	
001_3DB	1	12	2	1	1	0.420	
001_3DB	1	13	1	2	2	0.368	
001_3DB	1	14	2	2	2	0.472	
001_3DB	1	15	1	1	1	0.412	
001_3DB	1	16	2	2	2	0.445	
001_3DB	1	17	1	1	1	0.424	
001_3DB	1	18	2	2	2	0.424	
001_3DB	1	19	1	2	2	0.416	
001_3DB	1	20	1	2	2	0.427	
001_3DB	1	21	1	2	2	0.449	
001_3DB	1	22	2	1	1	0.711	
001_3DB	1	23	2	1	1	0.466	
001_3DB	1	24	2	2	2	0.515	
001_3DB	1	25	1	2	2	0.375	
001_3DB	1	26	2	2	2	0.403	
001_3DB	1	27	1	1	1	0.369	
001_3DB	1	28	2	1	1	0.454	
001_3DB	1	29	2	1	1	0.476	
001_3DB	1	30	1	2	1	0.374	
001_3DB	1	31	2	1	1	0.507	
001_3DB	1	32	1	2	2	0.441	
001_3DB	1	33	2	1	1	0.453	
001_3DB	1	34	2	2	2	0.431	
001_3DB	1	35	2	2	2	0.458	
001_3DB	1	36	1	2	2	0.422	
001_3DB	1	37	2	1	1	0.521	
001_3DB	1	38	2	2	2	0.415	
001_3DB	1	39	2	2	2	0.452	
001_3DB	1	40	1	1	1	0.408	
001_3DB	1	41	2	2	2	0.465	
001_3DB	1	42	1	1	1	0.404	
001_3DB	1	43	2	1	1	0.451	
001_3DB	1	44	1	1	1	0.401	
001_3DB	1	45	2	2	2	0.549	
001_3DB	1	46	1	1	1	0.431	
001_3DB	1	47	2	2	2	0.495	
001_3DB	1	48	2	1	1	0.611	
001_3DB	1	49	1	1	1	0.420	
001_3DB	1	50	1	1	1	0.393	
001_3DB	1	51	1	1	1	0.462	
001_3DB	1	52	1	1	1	0.352	
001_3DB	1	53	1	2	2	0.425	
001_3DB	1	54	2	1	1	0.419	
001_3DB	1	55	2	1	1	0.567	
001_3DB	2	0	2	2	2	0.574	
001_3DB	2	1	2	2	2	0.627	
001_3DB	2	2	1	1	1	0.443	
001_3DB	2	3	1	2	2	0.514	
001_3DB	2	4	2	2	2	0.499	
001_3DB	2	5	2	1	1	0.522	
001_3DB	2	6	2	1	1	0.450	
001_3DB	2	7	1	1	1	0.450	
001_3DB	2	8	2	2	2	0.662	
001_3DB	2	9	1	2	2	0.404	
001_3DB	2	10	1	1	1	0.399	
001_3DB	2	11	1	1	1	0.399	
001_3DB	2	12	2	1	1	0.478	
001_3DB	2	13	2	1	1	0.753	
001_3DB	2	14	2	2	2	0.485	
001_3DB	2	15	1	2	2	0.432	
001_3DB	2	16	2	1	1	0.483	
001_3DB	2	17	2	2	2	0.588	
001_3DB	2	18	2	1	1	0.465	
001_3DB	2	19	1	1	1	0.426	
001_3DB	2	20	1	1	1	0.425	
001_3DB	2	21	2	2	2	0.452	
001_3DB	2	22	2	2	2	0.534	
001_3DB	2	23	2	2	2	0.401	
001_3DB	2	24	1	2	2	0.409	
001_3DB	2	25	2	2	2	0.490	
001_3DB	2	26	1	1	1	0.469	
001_3DB	2	27	1	1	1	0.442	
001_3DB	2	28	2	2	2	0.442	
001_3DB	2	29	2	1	1	0.454	
001_3DB	2	30	1	2	2	0.384	
001_3DB	2	31	2	1	1	0.399	
001_3DB	2	32	2	2	2	0.443	
001_3DB	2	33	1	2	2	0.514	
001_3DB	2	34	1	2	2	0.422	
001_3DB	2	35	1	1	1	0.436	
001_3DB	2	36	1	2	2	0.388	
001_3DB	2	37	1	1	1	0.380	
001_3DB	2	38	1	2	2	0.513	
001_3DB	2	39	1	2	2	0.412	
001_3DB	2	40	1	1	1	0.519	
001_3DB	2	41	2	1	1	0.621	
001_3DB	2	42	1	2	2	0.386	
001_3DB	2	43	2	1	1	0.436	
001_3DB	2	44	2	1	1	0.465	
001_3DB	2	45	1	1	1	0.409	
001_3DB	2	46	1	2	2	0.432	
001_3DB	2	47	2	1	1	0.479	
001_3DB	2	48	2	1	1	0.454	
001_3DB	2	49	1	2	2	0.492	
001_3DB	2	50	1	2	2	0.416	
001_3DB	2	51	2	1	1	0.442	
001_3DB	2	52	2	2	2	0.488	
001_3DB	2	53	1	1	1	0.380	
001_3DB	2	54	1	1	1	0.410	
001_3DB	2	55	2	2	2	0.413	
001_3DB	3	0	1	2	2	0.455	
001_3DB	3	1	1	1	1	0.473	
001_3DB	3	2	2	2	2	0.482	
001_3DB	3	3	2	1	1	0.567	
001_3DB	3	4	1	2	2	0.420	
001_3DB	3	5	2	2	2	0.462	
001_3DB	3	6	2	2	2	0.509	
001_3DB	3	7	1	2	2	0.415	
001_3DB	3	8	2	1	2	0.474	
001_3DB	3	9	1	1	1	0.483	
001_3DB	3	10	2	2	2	0.529	
001_3DB	3	11	2	1	1	0.405	
001_3DB	3	12	2	1	1	0.408	
001_3DB	3	13	1	1	1	0.473	
001_3DB	3	14	1	1	1	0.418	
001_3DB	3	15	1	2	2	0.416	
001_3DB	3	16	1	1	1	0.400	
001_3DB	3	17	1	1	1	0.427	
001_3DB	3	18	2	2	2	0.552	
001_3DB	3	19	2	1	1	0.509	
001_3DB	3	20	2	1	1	0.482	
001_3DB	3	21	1	2	2	0.490	
001_3DB	3	22	2	2	2	0.501	
001_3DB	3	23	2	2	2	0.460	
001_3DB	3	24	1	1	1	0.542	
001_3DB	3	25	1	2	2	0.474	
001_3DB	3	26	1	2	2	0.407	
001_3DB	3	27	2	1	1	0.603	
001_3DB	3	28	2	1	1	0.736	
001_3DB	3	29	1	2	2	0.424	
001_3DB	3	30	1	1	1	0.398	
001_3DB	3	31	1	2	2	0.679	
001_3DB	3	32	1	1	1	0.414	
001_3DB	3	33	1	1	1	0.470	
001_3DB	3	34	2	2	2	0.591	
001_3DB	3	35	1	2	2	0.399	
001_3DB	3	36	2	1	1	0.727	
001_3DB	3	37	1	1	1	0.412	
001_3DB	3	38	1	2	2	0.426	
001_3DB	3	39	2	1	1	0.487	
001_3DB	3	40	2	2	2	0.471	
001_3DB	3	41	2	2	2	0.606	
001_3DB	3	42	2	1	1	0.571	
001_3DB	3	43	1	2	2	0.386	
001_3DB	3	44	2	1	1	0.444	
001_3DB	3	45	2	1	1	0.516	
001_3DB	3	46	1	2	2	0.438	
001_3DB	3	47	2	1	1	0.542	
001_3DB	3	48	1	2	2	0.429	
001_3DB	3	49	1	1	1	0.391	
001_3DB	3	50	2	2	2	0.495	
001_3DB	3	51	2	2	2	0.453	
001_3DB	3	52	1	1	1	0.400	
001_3DB	3	53	2	2	2	0.484	
001_3DB	3	54	1	1	1	0.533	
001_3DB	3	55	2	2	2	0.797	
