sub	block	trial	congr	stim	resp	RT	
012_1KM	0	0	1	2	2	0.594	
012_1KM	0	1	1	2	2	0.506	
012_1KM	0	2	2	1	1	0.401	
012_1KM	0	3	1	1	1	0.382	
012_1KM	0	4	2	2	2	0.371	
012_1KM	0	5	1	1	1	0.359	
012_1KM	0	6	1	1	1	0.330	
012_1KM	0	7	2	2	2	0.377	
012_1KM	0	8	2	2	2	0.397	
012_1KM	0	9	1	1	1	0.341	
012_1KM	0	10	1	2	2	0.379	
012_1KM	0	11	2	2	2	0.352	
012_1KM	0	12	2	2	2	0.372	
012_1KM	0	13	2	1	1	0.356	
012_1KM	0	14	1	1	1	0.386	
012_1KM	0	15	1	1	1	0.356	
012_1KM	0	16	2	2	2	0.365	
012_1KM	0	17	1	1	1	0.338	
012_1KM	0	18	2	2	2	0.420	
012_1KM	0	19	2	1	1	0.391	
012_1KM	0	20	1	2	2	0.401	
012_1KM	0	21	1	1	1	0.307	
012_1KM	0	22	1	2	2	0.338	
012_1KM	0	23	1	1	1	0.373	
012_1KM	0	24	2	2	2	0.403	
012_1KM	0	25	1	1	1	0.358	
012_1KM	0	26	1	1	1	0.376	
012_1KM	0	27	1	2	2	0.324	
012_1KM	0	28	1	2	2	0.359	
012_1KM	0	29	2	1	1	0.406	
012_1KM	0	30	2	1	1	0.441	
012_1KM	0	31	2	2	2	0.382	
012_1KM	0	32	1	1	1	0.388	
012_1KM	0	33	2	2	1	0.420	
012_1KM	0	34	2	2	2	0.414	
012_1KM	0	35	2	1	1	0.633	
012_1KM	0	36	2	2	2	0.438	
012_1KM	0	37	1	2	2	0.387	
012_1KM	0	38	2	2	2	0.347	
012_1KM	0	39	1	2	2	0.316	
012_1KM	0	40	1	1	1	0.348	
012_1KM	0	41	2	1	2	0.396	
012_1KM	0	42	1	2	2	0.403	
012_1KM	0	43	1	2	2	0.385	
012_1KM	0	44	1	1	1	0.421	
012_1KM	0	45	1	2	2	0.341	
012_1KM	0	46	2	1	1	0.364	
012_1KM	0	47	2	1	1	0.360	
012_1KM	0	48	2	1	1	0.733	
012_1KM	0	49	2	1	1	0.387	
012_1KM	0	50	2	1	1	0.350	
012_1KM	0	51	2	2	2	0.399	
012_1KM	0	52	1	2	2	0.303	
012_1KM	0	53	2	1	1	0.338	
012_1KM	0	54	2	1	1	0.362	
012_1KM	0	55	1	2	2	0.374	
012_1KM	1	0	1	2	2	0.366	
012_1KM	1	1	1	2	2	0.338	
012_1KM	1	2	1	1	1	0.400	
012_1KM	1	3	1	1	1	0.363	
012_1KM	1	4	1	2	2	0.386	
012_1KM	1	5	1	1	1	0.375	
012_1KM	1	6	2	2	2	0.545	
012_1KM	1	7	1	1	1	0.366	
012_1KM	1	8	2	2	2	0.427	
012_1KM	1	9	2	2	2	0.572	
012_1KM	1	10	1	1	1	0.373	
012_1KM	1	11	2	1	2	0.377	
012_1KM	1	12	1	2	2	0.349	
012_1KM	1	13	2	2	2	0.375	
012_1KM	1	14	2	1	1	0.415	
012_1KM	1	15	2	1	2	0.409	
012_1KM	1	16	1	2	2	0.551	
012_1KM	1	17	2	1	1	0.316	
012_1KM	1	18	2	2	1	0.383	
012_1KM	1	19	2	1	1	0.399	
012_1KM	1	20	2	1	1	0.548	
012_1KM	1	21	1	1	1	0.413	
012_1KM	1	22	1	2	2	0.390	
012_1KM	1	23	2	2	2	0.404	
012_1KM	1	24	2	2	2	0.398	
012_1KM	1	25	1	1	1	0.360	
012_1KM	1	26	2	1	1	0.479	
012_1KM	1	27	2	2	2	0.540	
012_1KM	1	28	2	1	1	0.383	
012_1KM	1	29	1	1	1	0.364	
012_1KM	1	30	1	1	1	0.350	
012_1KM	1	31	1	2	2	0.370	
012_1KM	1	32	1	1	1	0.489	
012_1KM	1	33	1	1	1	0.381	
012_1KM	1	34	1	2	2	0.357	
012_1KM	1	35	2	2	2	0.582	
012_1KM	1	36	1	1	1	0.371	
012_1KM	1	37	1	2	2	0.347	
012_1KM	1	38	1	2	2	0.321	
012_1KM	1	39	2	2	2	0.418	
012_1KM	1	40	2	2	2	0.401	
012_1KM	1	41	2	1	1	0.402	
012_1KM	1	42	2	2	2	0.376	
012_1KM	1	43	2	1	1	0.407	
012_1KM	1	44	2	1	1	0.374	
012_1KM	1	45	1	2	2	0.373	
012_1KM	1	46	2	1	1	0.426	
012_1KM	1	47	2	1	1	0.454	
012_1KM	1	48	1	2	2	0.387	
012_1KM	1	49	2	1	1	0.396	
012_1KM	1	50	1	2	2	0.369	
012_1KM	1	51	2	2	2	0.360	
012_1KM	1	52	1	1	1	0.466	
012_1KM	1	53	1	1	1	0.536	
012_1KM	1	54	2	2	2	0.379	
012_1KM	1	55	1	2	2	0.337	
012_1KM	2	0	1	2	2	0.351	
012_1KM	2	1	1	1	1	0.536	
012_1KM	2	2	1	1	1	0.356	
012_1KM	2	3	1	1	1	0.340	
012_1KM	2	4	1	2	2	0.342	
012_1KM	2	5	2	2	2	0.361	
012_1KM	2	6	2	2	2	0.324	
012_1KM	2	7	2	1	1	0.424	
012_1KM	2	8	2	1	1	0.428	
012_1KM	2	9	2	2	1	0.357	
012_1KM	2	10	1	1	1	0.403	
012_1KM	2	11	1	2	2	0.358	
012_1KM	2	12	2	1	1	0.460	
012_1KM	2	13	1	2	2	0.434	
012_1KM	2	14	1	2	2	0.612	
012_1KM	2	15	2	1	1	0.415	
012_1KM	2	16	2	1	2	0.368	
012_1KM	2	17	1	2	2	0.403	
012_1KM	2	18	1	2	2	0.395	
012_1KM	2	19	2	2	2	0.409	
012_1KM	2	20	2	2	2	0.351	
012_1KM	2	21	2	2	2	0.441	
012_1KM	2	22	2	2	2	0.393	
012_1KM	2	23	1	1	1	0.350	
012_1KM	2	24	2	1	1	0.438	
012_1KM	2	25	1	1	1	0.345	
012_1KM	2	26	2	1	1	0.421	
012_1KM	2	27	1	2	2	0.388	
012_1KM	2	28	1	1	1	0.331	
012_1KM	2	29	1	1	1	0.325	
012_1KM	2	30	2	1	1	0.488	
012_1KM	2	31	2	2	2	0.398	
012_1KM	2	32	1	2	2	0.341	
012_1KM	2	33	2	1	1	0.523	
012_1KM	2	34	2	2	2	0.404	
012_1KM	2	35	2	2	2	0.411	
012_1KM	2	36	1	2	2	0.316	
012_1KM	2	37	1	1	1	0.450	
012_1KM	2	38	2	1	1	0.485	
012_1KM	2	39	1	1	1	0.318	
012_1KM	2	40	1	2	2	0.364	
012_1KM	2	41	2	2	2	0.406	
012_1KM	2	42	2	1	2	0.341	
012_1KM	2	43	2	2	2	0.479	
012_1KM	2	44	1	2	2	0.452	
012_1KM	2	45	1	1	1	0.397	
012_1KM	2	46	1	1	1	0.392	
012_1KM	2	47	2	1	1	0.555	
012_1KM	2	48	2	1	1	0.363	
012_1KM	2	49	2	2	2	0.427	
012_1KM	2	50	2	1	1	0.392	
012_1KM	2	51	2	2	2	0.399	
012_1KM	2	52	1	1	1	0.400	
012_1KM	2	53	1	1	1	0.674	
012_1KM	2	54	1	2	2	0.446	
012_1KM	2	55	1	2	2	0.526	
012_1KM	3	0	2	1	1	0.482	
012_1KM	3	1	2	2	2	0.447	
012_1KM	3	2	2	1	1	0.400	
012_1KM	3	3	1	1	1	0.391	
012_1KM	3	4	1	2	2	0.385	
012_1KM	3	5	2	1	1	0.393	
012_1KM	3	6	2	2	2	0.447	
012_1KM	3	7	1	1	1	0.387	
012_1KM	3	8	1	1	1	0.348	
012_1KM	3	9	2	1	1	0.472	
012_1KM	3	10	1	2	2	0.343	
012_1KM	3	11	1	1	1	0.329	
012_1KM	3	12	2	2	2	0.387	
012_1KM	3	13	1	2	2	0.402	
012_1KM	3	14	1	2	2	0.373	
012_1KM	3	15	1	1	1	0.402	
012_1KM	3	16	1	1	1	0.361	
012_1KM	3	17	1	1	1	0.356	
012_1KM	3	18	1	1	1	0.367	
012_1KM	3	19	1	1	1	0.375	
012_1KM	3	20	1	1	1	0.353	
012_1KM	3	21	2	2	2	0.504	
012_1KM	3	22	2	1	1	0.399	
012_1KM	3	23	1	2	2	0.396	
012_1KM	3	24	1	1	1	0.521	
012_1KM	3	25	1	2	2	0.386	
012_1KM	3	26	2	2	2	0.382	
012_1KM	3	27	2	2	2	0.423	
012_1KM	3	28	1	2	2	0.352	
012_1KM	3	29	2	2	2	0.413	
012_1KM	3	30	2	1	1	0.395	
012_1KM	3	31	1	1	1	0.354	
012_1KM	3	32	1	2	2	0.395	
012_1KM	3	33	2	1	1	0.494	
012_1KM	3	34	2	1	1	0.417	
012_1KM	3	35	2	2	2	0.362	
012_1KM	3	36	2	2	2	0.331	
012_1KM	3	37	1	1	1	0.414	
012_1KM	3	38	1	2	2	0.398	
012_1KM	3	39	2	1	1	0.404	
012_1KM	3	40	1	1	1	0.378	
012_1KM	3	41	1	2	2	0.420	
012_1KM	3	42	2	2	2	0.556	
012_1KM	3	43	2	1	1	0.402	
012_1KM	3	44	1	2	2	0.402	
012_1KM	3	45	2	2	2	0.404	
012_1KM	3	46	1	2	2	0.346	
012_1KM	3	47	2	1	1	0.481	
012_1KM	3	48	2	1	1	0.546	
012_1KM	3	49	1	2	2	0.361	
012_1KM	3	50	2	1	1	0.632	
012_1KM	3	51	2	2	2	0.436	
012_1KM	3	52	2	2	2	0.374	
012_1KM	3	53	2	1	1	0.394	
012_1KM	3	54	2	2	2	0.464	
012_1KM	3	55	1	2	2	0.378	
