sub	block	trial	congr	stim	resp	RT	
004_2NM	0	0	1	1	1	0.848	
004_2NM	0	1	1	2	2	0.466	
004_2NM	0	2	2	2	2	0.449	
004_2NM	0	3	1	2	2	0.411	
004_2NM	0	4	1	1	1	0.390	
004_2NM	0	5	1	1	1	0.415	
004_2NM	0	6	1	2	2	0.419	
004_2NM	0	7	2	1	1	0.399	
004_2NM	0	8	2	2	2	0.468	
004_2NM	0	9	2	1	1	0.366	
004_2NM	0	10	2	2	2	0.322	
004_2NM	0	11	1	2	2	0.388	
004_2NM	0	12	1	1	1	0.372	
004_2NM	0	13	2	1	2	0.399	
004_2NM	0	14	1	2	2	0.380	
004_2NM	0	15	1	1	1	0.351	
004_2NM	0	16	1	1	1	0.388	
004_2NM	0	17	1	2	2	0.400	
004_2NM	0	18	1	1	1	0.381	
004_2NM	0	19	2	1	1	0.368	
004_2NM	0	20	2	2	2	0.425	
004_2NM	0	21	2	1	1	0.401	
004_2NM	0	22	1	2	2	0.348	
004_2NM	0	23	1	1	1	0.362	
004_2NM	0	24	2	1	1	0.327	
004_2NM	0	25	2	1	1	0.546	
004_2NM	0	26	2	2	2	0.398	
004_2NM	0	27	1	1	1	0.346	
004_2NM	0	28	1	1	1	0.344	
004_2NM	0	29	2	1	1	0.383	
004_2NM	0	30	1	2	2	0.336	
004_2NM	0	31	2	1	1	0.387	
004_2NM	0	32	1	2	2	0.331	
004_2NM	0	33	1	2	2	0.354	
004_2NM	0	34	1	1	1	0.374	
004_2NM	0	35	2	2	2	0.424	
004_2NM	0	36	2	2	2	0.462	
004_2NM	0	37	2	1	1	0.440	
004_2NM	0	38	2	2	1	0.356	
004_2NM	0	39	2	1	1	0.412	
004_2NM	0	40	1	2	2	0.341	
004_2NM	0	41	2	2	2	0.415	
004_2NM	0	42	2	1	1	0.350	
004_2NM	0	43	2	1	1	0.446	
004_2NM	0	44	1	2	2	0.328	
004_2NM	0	45	1	1	1	0.382	
004_2NM	0	46	1	2	2	0.439	
004_2NM	0	47	1	1	1	0.314	
004_2NM	0	48	1	1	1	0.376	
004_2NM	0	49	2	2	1	0.402	
004_2NM	0	50	2	2	2	0.518	
004_2NM	0	51	2	2	2	0.469	
004_2NM	0	52	2	2	2	0.458	
004_2NM	0	53	2	2	2	0.439	
004_2NM	0	54	2	1	1	0.403	
004_2NM	0	55	1	2	2	0.417	
004_2NM	1	0	2	2	1	0.379	
004_2NM	1	1	1	1	1	0.397	
004_2NM	1	2	2	2	2	0.341	
004_2NM	1	3	2	2	2	0.379	
004_2NM	1	4	1	1	1	0.384	
004_2NM	1	5	2	2	2	0.428	
004_2NM	1	6	1	1	1	0.401	
004_2NM	1	7	2	2	2	0.452	
004_2NM	1	8	1	1	1	0.400	
004_2NM	1	9	2	1	1	0.457	
004_2NM	1	10	1	2	2	0.378	
004_2NM	1	11	2	2	2	0.403	
004_2NM	1	12	2	1	1	0.405	
004_2NM	1	13	1	2	2	0.344	
004_2NM	1	14	1	2	2	0.382	
004_2NM	1	15	1	2	2	0.321	
004_2NM	1	16	1	1	1	0.355	
004_2NM	1	17	2	1	1	0.418	
004_2NM	1	18	2	2	2	0.421	
004_2NM	1	19	1	2	2	0.370	
004_2NM	1	20	2	2	2	0.365	
004_2NM	1	21	2	1	1	0.406	
004_2NM	1	22	2	1	1	0.467	
004_2NM	1	23	1	1	1	0.364	
004_2NM	1	24	2	1	1	0.465	
004_2NM	1	25	1	2	2	0.404	
004_2NM	1	26	1	2	2	0.354	
004_2NM	1	27	1	1	1	0.398	
004_2NM	1	28	2	1	1	0.457	
004_2NM	1	29	1	2	2	0.395	
004_2NM	1	30	1	2	2	0.353	
004_2NM	1	31	2	1	1	0.421	
004_2NM	1	32	2	1	1	0.456	
004_2NM	1	33	1	1	1	0.362	
004_2NM	1	34	1	1	1	0.374	
004_2NM	1	35	2	1	1	0.427	
004_2NM	1	36	1	2	2	0.371	
004_2NM	1	37	1	2	2	0.340	
004_2NM	1	38	2	1	1	0.468	
004_2NM	1	39	2	2	2	0.384	
004_2NM	1	40	2	2	1	0.423	
004_2NM	1	41	2	2	2	0.457	
004_2NM	1	42	1	1	1	0.382	
004_2NM	1	43	1	2	2	0.384	
004_2NM	1	44	1	1	1	0.379	
004_2NM	1	45	2	1	1	0.392	
004_2NM	1	46	1	1	1	0.395	
004_2NM	1	47	1	2	2	0.373	
004_2NM	1	48	2	2	2	0.368	
004_2NM	1	49	2	2	2	0.388	
004_2NM	1	50	1	1	1	0.416	
004_2NM	1	51	2	2	2	0.402	
004_2NM	1	52	2	1	1	0.402	
004_2NM	1	53	1	1	1	0.329	
004_2NM	1	54	2	1	1	0.457	
004_2NM	1	55	1	2	2	0.395	
004_2NM	2	0	2	1	1	0.644	
004_2NM	2	1	2	2	2	0.402	
004_2NM	2	2	2	1	1	0.422	
004_2NM	2	3	1	1	1	0.411	
004_2NM	2	4	2	1	1	0.440	
004_2NM	2	5	1	2	2	0.393	
004_2NM	2	6	1	2	2	0.347	
004_2NM	2	7	2	2	1	0.431	
004_2NM	2	8	2	2	2	0.504	
004_2NM	2	9	2	1	1	0.386	
004_2NM	2	10	1	1	1	0.447	
004_2NM	2	11	1	1	1	0.446	
004_2NM	2	12	2	1	1	0.441	
004_2NM	2	13	2	1	1	0.434	
004_2NM	2	14	2	1	1	0.424	
004_2NM	2	15	1	2	2	0.406	
004_2NM	2	16	1	2	2	0.411	
004_2NM	2	17	1	1	1	0.436	
004_2NM	2	18	1	1	1	0.386	
004_2NM	2	19	1	2	2	0.408	
004_2NM	2	20	2	1	1	0.443	
004_2NM	2	21	1	1	1	0.365	
004_2NM	2	22	1	2	2	0.415	
004_2NM	2	23	2	1	1	0.431	
004_2NM	2	24	2	1	1	0.401	
004_2NM	2	25	1	2	2	0.352	
004_2NM	2	26	1	2	2	0.405	
004_2NM	2	27	1	1	1	0.378	
004_2NM	2	28	2	2	2	0.345	
004_2NM	2	29	2	2	2	0.366	
004_2NM	2	30	2	2	2	0.442	
004_2NM	2	31	1	1	1	0.458	
004_2NM	2	32	2	2	2	0.430	
004_2NM	2	33	2	2	2	0.442	
004_2NM	2	34	2	2	2	0.388	
004_2NM	2	35	2	2	2	0.395	
004_2NM	2	36	1	1	1	0.377	
004_2NM	2	37	2	1	1	0.467	
004_2NM	2	38	1	2	2	0.403	
004_2NM	2	39	1	2	2	0.318	
004_2NM	2	40	1	2	2	0.347	
004_2NM	2	41	2	1	1	0.417	
004_2NM	2	42	1	2	2	0.338	
004_2NM	2	43	1	1	1	0.367	
004_2NM	2	44	2	2	2	0.483	
004_2NM	2	45	1	2	2	0.379	
004_2NM	2	46	1	1	1	0.388	
004_2NM	2	47	1	1	1	0.367	
004_2NM	2	48	1	1	1	0.434	
004_2NM	2	49	2	2	2	0.474	
004_2NM	2	50	2	1	1	0.409	
004_2NM	2	51	2	1	1	0.489	
004_2NM	2	52	2	2	1	0.422	
004_2NM	2	53	1	2	2	0.389	
004_2NM	2	54	1	1	1	0.377	
004_2NM	2	55	2	2	2	0.377	
004_2NM	3	0	1	2	2	0.409	
004_2NM	3	1	1	1	1	0.388	
004_2NM	3	2	2	1	1	0.396	
004_2NM	3	3	2	2	1	0.432	
004_2NM	3	4	2	2	2	0.457	
004_2NM	3	5	1	1	1	0.357	
004_2NM	3	6	2	1	1	0.409	
004_2NM	3	7	2	1	1	0.420	
004_2NM	3	8	2	2	2	0.424	
004_2NM	3	9	2	1	1	0.391	
004_2NM	3	10	1	2	2	0.407	
004_2NM	3	11	2	1	1	0.402	
004_2NM	3	12	2	1	2	0.319	
004_2NM	3	13	2	2	2	0.562	
004_2NM	3	14	2	2	1	0.441	
004_2NM	3	15	1	2	2	0.376	
004_2NM	3	16	2	1	1	0.435	
004_2NM	3	17	1	2	2	0.421	
004_2NM	3	18	2	2	2	0.509	
004_2NM	3	19	1	2	2	0.373	
004_2NM	3	20	2	1	1	0.430	
004_2NM	3	21	1	1	1	0.412	
004_2NM	3	22	1	2	2	0.352	
004_2NM	3	23	2	2	1	0.432	
004_2NM	3	24	2	1	1	0.440	
004_2NM	3	25	2	2	2	0.411	
004_2NM	3	26	2	1	1	0.405	
004_2NM	3	27	1	2	2	0.371	
004_2NM	3	28	1	1	1	0.377	
004_2NM	3	29	1	1	1	0.368	
004_2NM	3	30	1	2	2	0.386	
004_2NM	3	31	2	2	2	0.378	
004_2NM	3	32	2	1	1	0.402	
004_2NM	3	33	2	2	2	0.418	
004_2NM	3	34	1	2	2	0.353	
004_2NM	3	35	2	2	2	0.397	
004_2NM	3	36	2	2	2	0.450	
004_2NM	3	37	1	2	2	0.443	
004_2NM	3	38	1	1	1	0.395	
004_2NM	3	39	1	2	2	0.362	
004_2NM	3	40	2	2	1	0.367	
004_2NM	3	41	2	1	1	0.432	
004_2NM	3	42	1	2	2	0.380	
004_2NM	3	43	1	2	2	0.300	
004_2NM	3	44	1	1	1	0.360	
004_2NM	3	45	1	1	1	0.396	
004_2NM	3	46	1	1	1	0.334	
004_2NM	3	47	1	2	2	0.363	
004_2NM	3	48	1	1	1	0.356	
004_2NM	3	49	1	1	1	0.378	
004_2NM	3	50	1	1	1	0.393	
004_2NM	3	51	2	1	1	0.423	
004_2NM	3	52	1	1	1	0.299	
004_2NM	3	53	1	1	1	0.284	
004_2NM	3	54	2	1	1	0.461	
004_2NM	3	55	2	2	2	0.473	
