sub	block	trial	congr	stim	resp	RT	
014	0	0	1	1	1	0.442	
014	0	1	2	1	2	0.283	
014	0	2	2	1	1	0.345	
014	0	3	1	1	1	0.350	
014	0	4	1	1	1	0.332	
014	0	5	2	2	2	0.342	
014	0	6	2	2	2	0.416	
014	0	7	2	2	2	0.452	
014	0	8	1	2	2	0.332	
014	0	9	1	2	2	0.296	
014	0	10	2	1	1	0.477	
014	0	11	1	1	1	0.292	
014	0	12	1	1	1	0.310	
014	0	13	2	2	1	0.282	
014	0	14	1	2	2	0.299	
014	0	15	2	1	1	0.577	
014	0	16	1	2	2	0.394	
014	0	17	1	2	2	0.323	
014	0	18	2	1	2	0.328	
014	0	19	2	1	1	0.334	
014	0	20	2	1	1	0.377	
014	0	21	1	2	2	0.381	
014	0	22	2	1	1	0.331	
014	0	23	1	1	1	0.314	
014	0	24	2	2	2	0.426	
014	0	25	1	2	2	0.393	
014	0	26	1	1	1	0.403	
014	0	27	2	1	2	0.331	
014	0	28	2	2	2	0.406	
014	0	29	1	2	2	0.404	
014	0	30	2	2	2	0.347	
014	0	31	2	2	1	0.326	
014	0	32	1	2	2	0.334	
014	0	33	1	1	1	0.407	
014	0	34	2	2	2	0.502	
014	0	35	2	2	2	0.497	
014	0	36	1	2	2	0.322	
014	0	37	2	1	1	0.439	
014	0	38	1	1	1	0.341	
014	0	39	2	2	2	0.411	
014	0	40	2	2	2	0.486	
014	0	41	1	2	2	0.333	
014	0	42	1	1	1	0.394	
014	0	43	1	2	2	0.400	
014	0	44	2	1	1	0.391	
014	0	45	1	1	1	0.386	
014	0	46	2	1	1	0.386	
014	0	47	1	2	2	0.409	
014	0	48	1	1	1	0.381	
014	0	49	2	1	1	0.487	
014	0	50	2	2	1	0.359	
014	0	51	1	1	1	0.444	
014	0	52	2	1	1	0.581	
014	0	53	2	2	2	0.442	
014	0	54	1	2	2	0.408	
014	0	55	1	1	1	0.413	
014	1	0	1	1	1	0.420	
014	1	1	1	2	2	0.402	
014	1	2	2	2	2	0.415	
014	1	3	2	1	1	0.539	
014	1	4	2	2	2	0.375	
014	1	5	2	1	1	0.415	
014	1	6	2	1	1	0.364	
014	1	7	2	2	2	0.396	
014	1	8	2	1	1	0.389	
014	1	9	1	1	1	0.367	
014	1	10	1	2	2	0.350	
014	1	11	1	2	2	0.371	
014	1	12	2	1	1	0.441	
014	1	13	2	1	1	0.378	
014	1	14	2	1	1	0.443	
014	1	15	2	1	1	0.476	
014	1	16	1	2	2	0.372	
014	1	17	2	1	1	0.369	
014	1	18	1	1	1	0.341	
014	1	19	2	1	1	0.373	
014	1	20	2	2	1	0.323	
014	1	21	2	1	1	0.530	
014	1	22	1	1	1	0.394	
014	1	23	1	1	1	0.425	
014	1	24	2	2	1	0.471	
014	1	25	2	2	2	0.446	
014	1	26	1	2	2	0.309	
014	1	27	1	1	1	0.467	
014	1	28	1	2	2	0.384	
014	1	29	1	2	2	0.345	
014	1	30	1	2	2	0.339	
014	1	31	1	2	2	0.340	
014	1	32	1	1	1	0.514	
014	1	33	1	1	1	0.439	
014	1	34	2	2	2	0.460	
014	1	35	2	2	2	0.505	
014	1	36	1	1	1	0.410	
014	1	37	1	1	1	0.412	
014	1	38	1	2	2	0.339	
014	1	39	2	2	2	0.368	
014	1	40	2	2	1	0.391	
014	1	41	1	2	2	0.346	
014	1	42	2	2	2	0.376	
014	1	43	1	2	2	0.375	
014	1	44	2	2	2	0.393	
014	1	45	1	1	1	0.434	
014	1	46	2	2	2	0.475	
014	1	47	2	1	1	0.380	
014	1	48	2	2	2	0.484	
014	1	49	1	2	2	0.362	
014	1	50	2	1	1	0.466	
014	1	51	1	1	1	0.428	
014	1	52	2	1	1	0.467	
014	1	53	1	2	2	0.453	
014	1	54	1	1	1	0.420	
014	1	55	1	1	1	0.381	
014	2	0	2	2	1	0.445	
014	2	1	1	1	1	0.425	
014	2	2	1	1	1	0.371	
014	2	3	2	2	2	0.440	
014	2	4	1	1	1	0.398	
014	2	5	2	1	1	0.461	
014	2	6	2	2	2	0.389	
014	2	7	2	1	1	0.453	
014	2	8	1	2	2	0.342	
014	2	9	1	2	2	0.381	
014	2	10	1	1	1	0.429	
014	2	11	2	1	1	0.388	
014	2	12	2	2	2	0.407	
014	2	13	2	1	2	0.368	
014	2	14	1	2	2	0.341	
014	2	15	2	1	1	0.414	
014	2	16	1	1	1	0.398	
014	2	17	1	2	2	0.401	
014	2	18	2	1	1	0.392	
014	2	19	2	2	2	0.418	
014	2	20	1	1	1	0.356	
014	2	21	1	2	2	0.381	
014	2	22	2	1	1	0.409	
014	2	23	2	2	2	0.517	
014	2	24	1	2	2	0.383	
014	2	25	2	1	1	0.432	
014	2	26	1	2	2	0.322	
014	2	27	1	1	1	0.369	
014	2	28	2	1	1	0.386	
014	2	29	2	2	2	0.437	
014	2	30	2	1	1	0.352	
014	2	31	1	2	2	0.356	
014	2	32	2	1	1	0.438	
014	2	33	1	2	2	0.329	
014	2	34	1	1	1	0.398	
014	2	35	1	2	2	0.328	
014	2	36	1	1	1	0.379	
014	2	37	2	2	2	0.397	
014	2	38	2	2	2	0.500	
014	2	39	1	2	2	0.344	
014	2	40	2	2	2	0.407	
014	2	41	1	2	2	0.320	
014	2	42	2	1	2	0.342	
014	2	43	2	1	1	0.427	
014	2	44	2	2	2	0.494	
014	2	45	1	2	2	0.408	
014	2	46	2	1	1	0.607	
014	2	47	2	2	2	0.469	
014	2	48	1	1	1	0.291	
014	2	49	1	1	1	0.330	
014	2	50	1	1	1	0.383	
014	2	51	1	2	2	0.399	
014	2	52	1	1	1	0.427	
014	2	53	1	1	1	0.382	
014	2	54	2	2	2	0.482	
014	2	55	2	2	2	0.385	
014	3	0	1	1	1	0.342	
014	3	1	1	2	2	0.329	
014	3	2	2	1	1	0.489	
014	3	3	1	1	1	0.357	
014	3	4	2	2	1	0.369	
014	3	5	1	2	2	0.378	
014	3	6	1	1	1	0.433	
014	3	7	2	1	2	0.356	
014	3	8	2	1	1	0.537	
014	3	9	1	2	2	0.395	
014	3	10	1	1	1	0.345	
014	3	11	2	2	2	0.478	
014	3	12	2	1	1	0.480	
014	3	13	1	2	2	0.420	
014	3	14	1	2	2	0.339	
014	3	15	2	2	2	0.404	
014	3	16	2	1	1	0.376	
014	3	17	2	1	1	0.449	
014	3	18	1	1	1	0.398	
014	3	19	2	2	2	0.532	
014	3	20	1	1	1	0.349	
014	3	21	1	2	2	0.424	
014	3	22	1	2	2	0.334	
014	3	23	2	1	1	0.515	
014	3	24	2	2	2	0.382	
014	3	25	1	2	2	0.344	
014	3	26	2	1	1	0.365	
014	3	27	1	2	2	0.373	
014	3	28	1	2	2	0.372	
014	3	29	1	2	2	0.388	
014	3	30	1	1	1	0.405	
014	3	31	2	2	2	0.362	
014	3	32	2	2	1	0.334	
014	3	33	2	2	2	0.402	
014	3	34	1	1	1	0.400	
014	3	35	2	2	2	0.456	
014	3	36	2	1	1	0.462	
014	3	37	1	2	2	0.355	
014	3	38	1	2	2	0.317	
014	3	39	2	1	1	0.375	
014	3	40	1	1	1	0.355	
014	3	41	1	1	1	0.345	
014	3	42	2	1	1	0.392	
014	3	43	2	2	2	0.568	
014	3	44	1	1	1	0.407	
014	3	45	2	1	1	0.399	
014	3	46	1	1	1	0.381	
014	3	47	2	1	1	0.338	
014	3	48	2	2	2	0.419	
014	3	49	1	1	1	0.384	
014	3	50	2	2	1	0.360	
014	3	51	2	1	1	0.432	
014	3	52	1	2	2	0.372	
014	3	53	2	2	2	0.464	
014	3	54	1	1	1	0.412	
014	3	55	2	2	2	0.542	
