sub	block	trial	congr	stim	resp	RT	
017_3DB	0	0	1	2	2	0.531	
017_3DB	0	1	2	2	2	0.533	
017_3DB	0	2	1	2	2	0.384	
017_3DB	0	3	2	2	2	0.514	
017_3DB	0	4	1	2	2	0.422	
017_3DB	0	5	1	1	1	0.434	
017_3DB	0	6	1	1	1	0.449	
017_3DB	0	7	1	1	1	0.369	
017_3DB	0	8	2	2	2	0.493	
017_3DB	0	9	1	2	2	0.442	
017_3DB	0	10	1	1	1	0.394	
017_3DB	0	11	2	1	1	0.624	
017_3DB	0	12	1	2	2	0.649	
017_3DB	0	13	1	2	2	0.432	
017_3DB	0	14	1	2	2	0.361	
017_3DB	0	15	1	2	2	0.367	
017_3DB	0	16	2	2	2	0.587	
017_3DB	0	17	1	1	1	0.637	
017_3DB	0	18	2	1	1	0.570	
017_3DB	0	19	2	2	2	0.444	
017_3DB	0	20	2	1	1	0.523	
017_3DB	0	21	2	1	1	0.445	
017_3DB	0	22	1	1	1	0.378	
017_3DB	0	23	2	2	2	0.465	
017_3DB	0	24	2	1	1	0.436	
017_3DB	0	25	2	1	1	0.490	
017_3DB	0	26	2	1	1	0.461	
017_3DB	0	27	1	2	2	0.440	
017_3DB	0	28	1	2	2	0.391	
017_3DB	0	29	1	1	1	0.389	
017_3DB	0	30	2	2	2	0.457	
017_3DB	0	31	2	1	1	0.462	
017_3DB	0	32	2	1	1	0.500	
017_3DB	0	33	1	1	1	0.522	
017_3DB	0	34	2	1	1	0.443	
017_3DB	0	35	2	1	1	0.414	
017_3DB	0	36	2	1	1	0.447	
017_3DB	0	37	2	2	2	0.553	
017_3DB	0	38	2	2	2	0.501	
017_3DB	0	39	1	2	2	0.570	
017_3DB	0	40	2	2	2	0.488	
017_3DB	0	41	2	1	1	0.605	
017_3DB	0	42	1	2	2	0.550	
017_3DB	0	43	1	1	1	0.441	
017_3DB	0	44	2	2	2	0.468	
017_3DB	0	45	1	2	2	0.470	
017_3DB	0	46	1	1	1	0.444	
017_3DB	0	47	2	1	1	0.475	
017_3DB	0	48	1	1	1	0.513	
017_3DB	0	49	1	1	1	0.477	
017_3DB	0	50	2	2	2	0.700	
017_3DB	0	51	2	2	2	0.472	
017_3DB	0	52	2	2	2	0.477	
017_3DB	0	53	1	2	2	0.398	
017_3DB	0	54	1	1	1	0.460	
017_3DB	0	55	1	1	1	0.596	
017_3DB	1	0	1	1	1	0.668	
017_3DB	1	1	2	2	2	0.461	
017_3DB	1	2	2	1	1	0.468	
017_3DB	1	3	2	1	1	0.504	
017_3DB	1	4	1	2	2	0.433	
017_3DB	1	5	1	1	1	0.499	
017_3DB	1	6	1	2	2	0.452	
017_3DB	1	7	1	1	1	0.427	
017_3DB	1	8	2	2	2	0.654	
017_3DB	1	9	1	2	2	0.475	
017_3DB	1	10	1	1	1	0.530	
017_3DB	1	11	2	2	2	0.602	
017_3DB	1	12	2	1	1	0.627	
017_3DB	1	13	2	2	2	0.619	
017_3DB	1	14	2	2	2	0.603	
017_3DB	1	15	1	1	1	0.582	
017_3DB	1	16	2	1	1	0.696	
017_3DB	1	17	1	1	1	0.745	
017_3DB	1	18	1	2	2	0.464	
017_3DB	1	19	2	1	1	0.532	
017_3DB	1	20	2	2	2	0.444	
017_3DB	1	21	1	1	1	0.470	
017_3DB	1	22	1	1	1	0.411	
017_3DB	1	23	1	2	2	0.440	
017_3DB	1	24	2	2	2	0.557	
017_3DB	1	25	2	1	1	0.705	
017_3DB	1	26	2	2	2	0.527	
017_3DB	1	27	2	2	2	0.684	
017_3DB	1	28	1	2	2	0.617	
017_3DB	1	29	2	1	1	0.584	
017_3DB	1	30	2	1	1	0.490	
017_3DB	1	31	1	1	1	0.436	
017_3DB	1	32	2	1	1	0.541	
017_3DB	1	33	1	2	2	0.423	
017_3DB	1	34	1	2	2	0.569	
017_3DB	1	35	1	1	1	0.483	
017_3DB	1	36	2	2	2	0.696	
017_3DB	1	37	1	2	2	0.451	
017_3DB	1	38	2	2	2	0.459	
017_3DB	1	39	1	2	2	0.382	
017_3DB	1	40	2	1	1	0.601	
017_3DB	1	41	1	2	2	0.458	
017_3DB	1	42	1	1	1	0.448	
017_3DB	1	43	2	1	1	0.529	
017_3DB	1	44	2	1	1	0.436	
017_3DB	1	45	1	1	1	0.409	
017_3DB	1	46	2	2	2	0.472	
017_3DB	1	47	1	1	1	0.533	
017_3DB	1	48	2	2	2	0.437	
017_3DB	1	49	1	2	2	0.376	
017_3DB	1	50	1	2	2	0.410	
017_3DB	1	51	1	1	1	0.431	
017_3DB	1	52	2	1	1	0.728	
017_3DB	1	53	2	1	1	0.523	
017_3DB	1	54	1	2	2	0.482	
017_3DB	1	55	2	2	2	0.550	
017_3DB	2	0	1	1	1	0.620	
017_3DB	2	1	2	1	1	0.495	
017_3DB	2	2	2	1	1	0.469	
017_3DB	2	3	2	2	2	0.483	
017_3DB	2	4	2	2	2	0.470	
017_3DB	2	5	1	2	2	0.407	
017_3DB	2	6	2	1	1	0.452	
017_3DB	2	7	1	1	1	0.426	
017_3DB	2	8	1	2	2	0.439	
017_3DB	2	9	2	2	2	0.510	
017_3DB	2	10	1	2	2	0.402	
017_3DB	2	11	1	2	2	0.462	
017_3DB	2	12	2	2	2	0.537	
017_3DB	2	13	2	1	1	0.618	
017_3DB	2	14	1	2	2	0.564	
017_3DB	2	15	1	1	1	0.455	
017_3DB	2	16	2	2	2	0.568	
017_3DB	2	17	1	1	1	0.788	
017_3DB	2	18	2	2	2	0.568	
017_3DB	2	19	2	1	1	0.470	
017_3DB	2	20	1	2	2	0.513	
017_3DB	2	21	2	1	1	0.581	
017_3DB	2	22	2	2	2	0.507	
017_3DB	2	23	2	1	1	0.525	
017_3DB	2	24	1	2	2	0.536	
017_3DB	2	25	2	1	1	0.456	
017_3DB	2	26	2	2	2	0.462	
017_3DB	2	27	1	1	1	0.431	
017_3DB	2	28	2	1	1	0.563	
017_3DB	2	29	2	1	1	0.778	
017_3DB	2	30	2	1	1	0.733	
017_3DB	2	31	1	2	2	0.665	
017_3DB	2	32	1	1	1	0.754	
017_3DB	2	33	1	1	1	0.493	
017_3DB	2	34	2	2	2	0.494	
017_3DB	2	35	1	1	1	0.510	
017_3DB	2	36	1	2	2	0.444	
017_3DB	2	37	2	2	2	0.468	
017_3DB	2	38	2	1	1	0.519	
017_3DB	2	39	1	1	1	0.480	
017_3DB	2	40	1	2	2	0.490	
017_3DB	2	41	2	1	1	0.764	
017_3DB	2	42	2	2	2	0.505	
017_3DB	2	43	1	2	2	0.400	
017_3DB	2	44	1	1	1	0.667	
017_3DB	2	45	1	2	2	0.616	
017_3DB	2	46	1	1	1	0.529	
017_3DB	2	47	2	2	2	0.471	
017_3DB	2	48	1	2	2	0.403	
017_3DB	2	49	2	2	2	0.491	
017_3DB	2	50	2	2	2	0.456	
017_3DB	2	51	1	2	2	0.357	
017_3DB	2	52	2	1	1	0.487	
017_3DB	2	53	1	1	1	0.461	
017_3DB	2	54	1	1	1	0.404	
017_3DB	2	55	1	1	1	0.631	
017_3DB	3	0	2	2	2	0.708	
017_3DB	3	1	1	2	2	0.431	
017_3DB	3	2	1	2	2	0.417	
017_3DB	3	3	2	1	1	0.477	
017_3DB	3	4	2	1	1	0.509	
017_3DB	3	5	1	2	2	0.389	
017_3DB	3	6	1	2	2	0.410	
017_3DB	3	7	2	2	2	0.493	
017_3DB	3	8	2	2	2	0.512	
017_3DB	3	9	2	2	2	0.492	
017_3DB	3	10	2	2	2	0.484	
017_3DB	3	11	2	2	2	0.467	
017_3DB	3	12	1	1	1	0.515	
017_3DB	3	13	2	1	1	0.467	
017_3DB	3	14	1	1	1	0.571	
017_3DB	3	15	1	2	2	0.496	
017_3DB	3	16	2	1	1	0.512	
017_3DB	3	17	1	1	1	0.475	
017_3DB	3	18	2	1	1	0.524	
017_3DB	3	19	2	2	2	0.540	
017_3DB	3	20	2	2	2	0.582	
017_3DB	3	21	2	1	1	0.613	
017_3DB	3	22	2	1	1	0.455	
017_3DB	3	23	1	1	1	0.441	
017_3DB	3	24	1	2	2	0.380	
017_3DB	3	25	1	1	1	0.543	
017_3DB	3	26	1	1	1	0.628	
017_3DB	3	27	2	2	2	0.592	
017_3DB	3	28	2	1	1	0.532	
017_3DB	3	29	2	2	2	0.465	
017_3DB	3	30	1	1	1	0.402	
017_3DB	3	31	1	2	2	0.540	
017_3DB	3	32	1	1	1	0.442	
017_3DB	3	33	2	1	1	0.499	
017_3DB	3	34	1	2	2	0.437	
017_3DB	3	35	2	2	2	0.443	
017_3DB	3	36	1	2	2	0.437	
017_3DB	3	37	2	1	1	0.480	
017_3DB	3	38	2	1	1	0.475	
017_3DB	3	39	1	1	1	0.484	
017_3DB	3	40	2	2	2	0.588	
017_3DB	3	41	2	2	2	0.485	
017_3DB	3	42	2	1	1	0.476	
017_3DB	3	43	1	2	2	0.391	
017_3DB	3	44	1	2	2	0.413	
017_3DB	3	45	1	2	2	0.410	
017_3DB	3	46	2	2	2	0.446	
017_3DB	3	47	1	2	2	0.489	
017_3DB	3	48	1	1	1	0.458	
017_3DB	3	49	2	1	1	0.766	
017_3DB	3	50	1	1	1	0.482	
017_3DB	3	51	2	1	1	0.464	
017_3DB	3	52	1	2	2	0.596	
017_3DB	3	53	1	1	1	0.435	
017_3DB	3	54	1	1	1	0.569	
017_3DB	3	55	1	1	1	0.427	
