sub	block	trial	congr	stim	resp	RT	
010_1BL	0	0	1	1	1	0.528	
010_1BL	0	1	1	2	2	0.387	
010_1BL	0	2	2	1	1	0.451	
010_1BL	0	3	2	1	1	0.552	
010_1BL	0	4	1	1	1	0.369	
010_1BL	0	5	2	2	2	0.458	
010_1BL	0	6	1	2	2	0.417	
010_1BL	0	7	2	2	2	0.432	
010_1BL	0	8	1	1	1	0.364	
010_1BL	0	9	2	1	1	0.488	
010_1BL	0	10	2	1	1	0.471	
010_1BL	0	11	2	1	1	0.400	
010_1BL	0	12	2	2	2	0.453	
010_1BL	0	13	1	2	2	0.349	
010_1BL	0	14	2	1	1	0.434	
010_1BL	0	15	1	1	1	0.372	
010_1BL	0	16	1	2	2	0.408	
010_1BL	0	17	1	2	2	0.423	
010_1BL	0	18	2	1	1	0.402	
010_1BL	0	19	1	1	1	0.408	
010_1BL	0	20	2	2	2	0.428	
010_1BL	0	21	1	1	1	0.408	
010_1BL	0	22	2	1	1	0.441	
010_1BL	0	23	1	2	2	0.378	
010_1BL	0	24	1	2	2	0.384	
010_1BL	0	25	2	2	2	0.490	
010_1BL	0	26	2	2	2	0.432	
010_1BL	0	27	2	1	1	0.643	
010_1BL	0	28	2	2	2	0.465	
010_1BL	0	29	1	1	1	0.440	
010_1BL	0	30	1	2	2	0.427	
010_1BL	0	31	2	2	2	0.485	
010_1BL	0	32	2	1	1	0.513	
010_1BL	0	33	2	1	1	0.455	
010_1BL	0	34	1	2	2	0.430	
010_1BL	0	35	2	1	1	0.436	
010_1BL	0	36	2	1	1	0.456	
010_1BL	0	37	1	2	2	0.407	
010_1BL	0	38	1	1	1	0.405	
010_1BL	0	39	2	2	2	0.498	
010_1BL	0	40	2	2	2	0.486	
010_1BL	0	41	2	2	2	0.489	
010_1BL	0	42	1	2	2	0.367	
010_1BL	0	43	1	1	1	0.407	
010_1BL	0	44	1	1	1	0.403	
010_1BL	0	45	1	2	2	0.404	
010_1BL	0	46	1	1	1	0.424	
010_1BL	0	47	2	1	1	0.466	
010_1BL	0	48	1	1	1	0.448	
010_1BL	0	49	1	2	2	0.490	
010_1BL	0	50	1	2	2	0.399	
010_1BL	0	51	1	1	1	0.427	
010_1BL	0	52	2	2	2	0.415	
010_1BL	0	53	1	1	1	0.398	
010_1BL	0	54	2	2	2	0.475	
010_1BL	0	55	2	2	2	0.512	
010_1BL	1	0	2	2	2	0.437	
010_1BL	1	1	2	2	2	0.436	
010_1BL	1	2	2	1	1	0.465	
010_1BL	1	3	1	2	2	0.419	
010_1BL	1	4	2	1	1	0.512	
010_1BL	1	5	2	2	2	0.400	
010_1BL	1	6	2	1	1	0.468	
010_1BL	1	7	2	2	2	0.434	
010_1BL	1	8	1	2	2	0.421	
010_1BL	1	9	2	2	2	0.454	
010_1BL	1	10	2	2	2	0.424	
010_1BL	1	11	1	1	1	0.388	
010_1BL	1	12	2	1	1	0.499	
010_1BL	1	13	1	1	1	0.430	
010_1BL	1	14	1	1	1	0.371	
010_1BL	1	15	1	2	2	0.399	
010_1BL	1	16	1	1	1	0.440	
010_1BL	1	17	2	2	2	0.456	
010_1BL	1	18	1	1	1	0.422	
010_1BL	1	19	1	1	1	0.389	
010_1BL	1	20	2	2	2	0.434	
010_1BL	1	21	1	2	2	0.414	
010_1BL	1	22	2	1	1	0.490	
010_1BL	1	23	2	1	1	0.405	
010_1BL	1	24	1	1	1	0.414	
010_1BL	1	25	2	1	1	0.487	
010_1BL	1	26	2	2	2	0.466	
010_1BL	1	27	1	1	1	0.445	
010_1BL	1	28	2	2	2	0.467	
010_1BL	1	29	2	2	2	0.461	
010_1BL	1	30	1	1	1	0.373	
010_1BL	1	31	1	2	2	0.428	
010_1BL	1	32	1	1	1	0.384	
010_1BL	1	33	2	2	2	0.439	
010_1BL	1	34	2	1	1	0.430	
010_1BL	1	35	2	1	1	0.471	
010_1BL	1	36	2	1	1	0.458	
010_1BL	1	37	2	1	1	0.466	
010_1BL	1	38	1	1	1	0.439	
010_1BL	1	39	1	2	2	0.503	
010_1BL	1	40	1	2	2	0.406	
010_1BL	1	41	1	1	1	0.424	
010_1BL	1	42	1	2	2	0.405	
010_1BL	1	43	1	2	2	0.426	
010_1BL	1	44	2	2	2	0.509	
010_1BL	1	45	1	2	2	0.441	
010_1BL	1	46	1	2	2	0.420	
010_1BL	1	47	1	2	2	0.424	
010_1BL	1	48	1	1	1	0.389	
010_1BL	1	49	2	1	1	0.514	
010_1BL	1	50	1	2	2	0.450	
010_1BL	1	51	2	1	1	0.419	
010_1BL	1	52	1	2	2	0.427	
010_1BL	1	53	2	2	2	0.479	
010_1BL	1	54	1	1	1	0.458	
010_1BL	1	55	2	1	1	0.459	
010_1BL	2	0	1	1	1	0.472	
010_1BL	2	1	1	2	2	0.403	
010_1BL	2	2	1	1	1	0.419	
010_1BL	2	3	1	2	2	0.395	
010_1BL	2	4	2	1	1	0.472	
010_1BL	2	5	1	1	1	0.374	
010_1BL	2	6	1	2	2	0.368	
010_1BL	2	7	2	2	2	0.482	
010_1BL	2	8	1	1	1	0.432	
010_1BL	2	9	1	1	1	0.422	
010_1BL	2	10	2	1	1	0.585	
010_1BL	2	11	2	2	2	0.411	
010_1BL	2	12	2	1	1	0.462	
010_1BL	2	13	1	1	1	0.445	
010_1BL	2	14	2	2	2	0.374	
010_1BL	2	15	2	2	2	0.437	
010_1BL	2	16	2	2	2	0.490	
010_1BL	2	17	2	1	1	0.469	
010_1BL	2	18	2	1	1	0.510	
010_1BL	2	19	2	2	2	0.492	
010_1BL	2	20	2	1	1	0.561	
010_1BL	2	21	2	2	2	0.479	
010_1BL	2	22	1	2	2	0.443	
010_1BL	2	23	1	2	2	0.419	
010_1BL	2	24	1	1	1	0.472	
010_1BL	2	25	1	1	1	0.427	
010_1BL	2	26	1	1	1	0.453	
010_1BL	2	27	2	2	2	0.444	
010_1BL	2	28	1	1	1	0.461	
010_1BL	2	29	2	2	2	0.462	
010_1BL	2	30	1	2	2	0.463	
010_1BL	2	31	2	1	1	0.499	
010_1BL	2	32	1	1	1	0.636	
010_1BL	2	33	1	1	1	0.480	
010_1BL	2	34	2	1	1	0.547	
010_1BL	2	35	1	2	2	0.439	
010_1BL	2	36	1	1	1	0.429	
010_1BL	2	37	1	2	2	0.406	
010_1BL	2	38	1	2	2	0.583	
010_1BL	2	39	2	1	1	0.478	
010_1BL	2	40	1	1	1	0.406	
010_1BL	2	41	1	2	2	0.396	
010_1BL	2	42	1	2	2	0.407	
010_1BL	2	43	2	1	1	0.501	
010_1BL	2	44	2	1	1	0.434	
010_1BL	2	45	2	1	1	0.460	
010_1BL	2	46	2	2	2	0.528	
010_1BL	2	47	1	2	2	0.454	
010_1BL	2	48	2	2	2	0.481	
010_1BL	2	49	1	2	2	0.425	
010_1BL	2	50	2	2	2	0.487	
010_1BL	2	51	2	1	1	0.500	
010_1BL	2	52	2	2	2	0.482	
010_1BL	2	53	1	2	2	0.465	
010_1BL	2	54	2	1	1	0.501	
010_1BL	2	55	2	2	2	0.516	
010_1BL	3	0	2	2	2	0.479	
010_1BL	3	1	1	2	2	0.434	
010_1BL	3	2	1	2	2	0.422	
010_1BL	3	3	2	1	1	0.558	
010_1BL	3	4	1	1	1	0.420	
010_1BL	3	5	2	1	1	0.448	
010_1BL	3	6	2	1	1	0.466	
010_1BL	3	7	2	1	1	0.457	
010_1BL	3	8	1	2	2	0.436	
010_1BL	3	9	1	1	1	0.389	
010_1BL	3	10	2	2	2	0.498	
010_1BL	3	11	1	1	1	0.406	
010_1BL	3	12	1	1	1	0.414	
010_1BL	3	13	2	1	1	0.464	
010_1BL	3	14	2	1	1	0.462	
010_1BL	3	15	1	1	1	0.398	
010_1BL	3	16	2	2	2	0.438	
010_1BL	3	17	1	2	2	0.450	
010_1BL	3	18	2	2	2	0.525	
010_1BL	3	19	2	2	2	0.494	
010_1BL	3	20	1	1	1	0.405	
010_1BL	3	21	2	2	2	0.479	
010_1BL	3	22	1	1	1	0.427	
010_1BL	3	23	2	1	1	0.464	
010_1BL	3	24	1	2	2	0.423	
010_1BL	3	25	1	2	2	0.480	
010_1BL	3	26	1	2	2	0.455	
010_1BL	3	27	2	1	1	0.448	
010_1BL	3	28	2	2	2	0.474	
010_1BL	3	29	1	2	2	0.451	
010_1BL	3	30	2	2	2	0.635	
010_1BL	3	31	2	2	2	0.527	
010_1BL	3	32	1	1	1	0.519	
010_1BL	3	33	1	1	1	0.374	
010_1BL	3	34	2	2	2	0.542	
010_1BL	3	35	2	1	1	0.496	
010_1BL	3	36	1	2	2	0.431	
010_1BL	3	37	2	2	2	0.471	
010_1BL	3	38	1	2	2	0.409	
010_1BL	3	39	1	2	2	0.454	
010_1BL	3	40	1	2	2	0.403	
010_1BL	3	41	1	1	1	0.421	
010_1BL	3	42	1	1	1	0.459	
010_1BL	3	43	1	2	2	0.452	
010_1BL	3	44	1	1	1	0.424	
010_1BL	3	45	2	2	2	0.526	
010_1BL	3	46	2	1	1	0.498	
010_1BL	3	47	2	2	2	0.514	
010_1BL	3	48	2	1	1	0.543	
010_1BL	3	49	2	1	1	0.516	
010_1BL	3	50	2	2	2	0.463	
010_1BL	3	51	1	1	1	0.483	
010_1BL	3	52	1	1	1	0.460	
010_1BL	3	53	2	1	1	0.525	
010_1BL	3	54	1	2	2	0.418	
010_1BL	3	55	2	1	1	0.498	
