sub	block	trial	congr	stim	resp	RT	
005_1BL	0	0	2	1	1	0.731	
005_1BL	0	1	1	2	2	0.430	
005_1BL	0	2	1	1	1	0.361	
005_1BL	0	3	2	1	1	0.451	
005_1BL	0	4	1	1	1	0.506	
005_1BL	0	5	2	2	2	0.375	
005_1BL	0	6	2	2	2	0.511	
005_1BL	0	7	2	1	1	0.401	
005_1BL	0	8	1	2	2	0.412	
005_1BL	0	9	1	2	2	0.428	
005_1BL	0	10	2	2	2	0.467	
005_1BL	0	11	1	1	1	0.383	
005_1BL	0	12	2	1	1	0.502	
005_1BL	0	13	2	2	2	0.433	
005_1BL	0	14	2	1	1	0.495	
005_1BL	0	15	1	2	2	0.350	
005_1BL	0	16	1	2	2	0.394	
005_1BL	0	17	1	1	1	0.392	
005_1BL	0	18	1	1	1	0.350	
005_1BL	0	19	2	1	1	0.544	
005_1BL	0	20	1	1	1	0.346	
005_1BL	0	21	1	2	2	0.504	
005_1BL	0	22	1	1	1	0.396	
005_1BL	0	23	1	1	1	0.454	
005_1BL	0	24	1	1	1	0.409	
005_1BL	0	25	2	2	2	0.524	
005_1BL	0	26	1	1	1	0.430	
005_1BL	0	27	1	2	2	0.422	
005_1BL	0	28	2	2	2	0.463	
005_1BL	0	29	1	2	2	0.452	
005_1BL	0	30	2	2	2	0.495	
005_1BL	0	31	2	1	1	0.469	
005_1BL	0	32	2	2	2	0.488	
005_1BL	0	33	2	2	2	0.437	
005_1BL	0	34	1	1	1	0.462	
005_1BL	0	35	1	1	1	0.448	
005_1BL	0	36	2	2	2	0.387	
005_1BL	0	37	1	2	2	0.421	
005_1BL	0	38	2	1	1	0.466	
005_1BL	0	39	2	1	1	0.500	
005_1BL	0	40	1	2	2	0.391	
005_1BL	0	41	1	2	2	0.429	
005_1BL	0	42	2	1	1	0.428	
005_1BL	0	43	1	1	1	0.424	
005_1BL	0	44	1	1	1	0.442	
005_1BL	0	45	2	2	2	0.475	
005_1BL	0	46	2	1	1	0.444	
005_1BL	0	47	2	2	2	0.593	
005_1BL	0	48	2	2	1	0.529	
005_1BL	0	49	2	1	1	0.383	
005_1BL	0	50	2	2	2	0.485	
005_1BL	0	51	2	1	1	0.552	
005_1BL	0	52	1	2	2	0.384	
005_1BL	0	53	1	2	2	0.370	
005_1BL	0	54	2	1	1	0.486	
005_1BL	0	55	1	2	2	0.437	
005_1BL	1	0	1	1	1	0.445	
005_1BL	1	1	2	1	1	0.576	
005_1BL	1	2	2	1	1	0.495	
005_1BL	1	3	1	1	1	0.386	
005_1BL	1	4	1	2	2	0.448	
005_1BL	1	5	2	2	1	0.339	
005_1BL	1	6	1	1	1	0.335	
005_1BL	1	7	1	1	1	0.395	
005_1BL	1	8	1	2	2	0.417	
005_1BL	1	9	2	2	2	0.481	
005_1BL	1	10	2	1	1	0.564	
005_1BL	1	11	2	1	1	0.556	
005_1BL	1	12	2	1	1	0.594	
005_1BL	1	13	1	1	1	0.425	
005_1BL	1	14	1	1	1	0.423	
005_1BL	1	15	2	2	2	0.461	
005_1BL	1	16	1	1	1	0.441	
005_1BL	1	17	2	1	1	0.490	
005_1BL	1	18	2	1	1	0.575	
005_1BL	1	19	1	1	1	0.428	
005_1BL	1	20	1	2	2	0.478	
005_1BL	1	21	2	2	2	0.494	
005_1BL	1	22	1	1	1	0.367	
005_1BL	1	23	2	1	1	0.489	
005_1BL	1	24	2	2	2	0.523	
005_1BL	1	25	1	2	2	0.450	
005_1BL	1	26	1	2	2	0.438	
005_1BL	1	27	1	1	1	0.558	
005_1BL	1	28	1	1	1	0.441	
005_1BL	1	29	1	1	1	0.403	
005_1BL	1	30	2	2	2	0.462	
005_1BL	1	31	2	1	1	0.573	
005_1BL	1	32	2	1	1	0.525	
005_1BL	1	33	1	2	2	0.433	
005_1BL	1	34	1	2	2	0.495	
005_1BL	1	35	1	1	1	0.457	
005_1BL	1	36	1	2	2	0.503	
005_1BL	1	37	2	2	2	0.410	
005_1BL	1	38	2	2	2	0.520	
005_1BL	1	39	2	2	2	0.449	
005_1BL	1	40	2	2	2	0.379	
005_1BL	1	41	2	1	1	0.515	
005_1BL	1	42	2	1	1	0.568	
005_1BL	1	43	1	2	2	0.432	
005_1BL	1	44	1	2	2	0.444	
005_1BL	1	45	1	2	2	0.432	
005_1BL	1	46	2	1	1	0.496	
005_1BL	1	47	1	2	2	0.432	
005_1BL	1	48	1	2	2	0.412	
005_1BL	1	49	2	2	2	0.554	
005_1BL	1	50	1	2	2	0.398	
005_1BL	1	51	2	1	1	0.483	
005_1BL	1	52	2	2	2	0.534	
005_1BL	1	53	2	2	2	0.584	
005_1BL	1	54	1	1	1	0.524	
005_1BL	1	55	2	2	2	0.688	
005_1BL	2	0	2	1	1	0.486	
005_1BL	2	1	1	1	1	0.458	
005_1BL	2	2	2	2	2	0.439	
005_1BL	2	3	1	2	2	0.445	
005_1BL	2	4	2	1	1	0.521	
005_1BL	2	5	1	2	2	0.386	
005_1BL	2	6	2	1	1	0.467	
005_1BL	2	7	2	1	1	0.393	
005_1BL	2	8	2	2	2	0.536	
005_1BL	2	9	2	1	1	0.496	
005_1BL	2	10	1	1	1	0.503	
005_1BL	2	11	1	2	2	0.649	
005_1BL	2	12	1	1	1	0.388	
005_1BL	2	13	2	2	2	0.422	
005_1BL	2	14	1	1	1	0.395	
005_1BL	2	15	1	2	2	0.520	
005_1BL	2	16	2	1	1	0.490	
005_1BL	2	17	2	2	2	0.501	
005_1BL	2	18	1	2	2	0.546	
005_1BL	2	19	1	2	2	0.414	
005_1BL	2	20	2	1	1	0.606	
005_1BL	2	21	2	2	2	0.471	
005_1BL	2	22	2	2	2	0.526	
005_1BL	2	23	1	1	1	0.413	
005_1BL	2	24	2	1	1	0.503	
005_1BL	2	25	1	2	2	0.397	
005_1BL	2	26	2	1	1	0.457	
005_1BL	2	27	2	2	2	0.790	
005_1BL	2	28	1	2	2	0.436	
005_1BL	2	29	2	2	2	0.528	
005_1BL	2	30	1	2	2	0.378	
005_1BL	2	31	1	1	1	0.446	
005_1BL	2	32	1	1	1	0.419	
005_1BL	2	33	1	1	1	0.435	
005_1BL	2	34	2	2	2	0.475	
005_1BL	2	35	1	2	2	0.434	
005_1BL	2	36	2	2	2	0.506	
005_1BL	2	37	1	1	1	0.487	
005_1BL	2	38	1	1	1	0.538	
005_1BL	2	39	1	2	2	0.435	
005_1BL	2	40	1	2	2	0.478	
005_1BL	2	41	2	1	1	0.427	
005_1BL	2	42	2	1	1	0.529	
005_1BL	2	43	1	1	1	0.436	
005_1BL	2	44	1	1	1	0.384	
005_1BL	2	45	1	1	1	0.470	
005_1BL	2	46	1	2	2	0.516	
005_1BL	2	47	1	2	2	0.474	
005_1BL	2	48	2	2	2	0.507	
005_1BL	2	49	2	1	1	0.517	
005_1BL	2	50	2	2	2	0.527	
005_1BL	2	51	2	2	2	0.432	
005_1BL	2	52	2	2	2	0.623	
005_1BL	2	53	2	1	1	0.505	
005_1BL	2	54	1	1	1	0.420	
005_1BL	2	55	2	1	1	0.522	
005_1BL	3	0	2	1	1	0.576	
005_1BL	3	1	1	1	1	0.410	
005_1BL	3	2	1	2	2	0.457	
005_1BL	3	3	1	1	1	0.426	
005_1BL	3	4	1	1	1	0.398	
005_1BL	3	5	2	1	1	0.505	
005_1BL	3	6	1	2	2	0.419	
005_1BL	3	7	1	1	1	0.425	
005_1BL	3	8	2	2	2	0.577	
005_1BL	3	9	1	2	2	0.440	
005_1BL	3	10	1	2	2	0.438	
005_1BL	3	11	2	2	2	0.522	
005_1BL	3	12	1	2	2	0.454	
005_1BL	3	13	2	2	2	0.404	
005_1BL	3	14	2	1	1	0.537	
005_1BL	3	15	2	1	1	0.539	
005_1BL	3	16	2	2	2	0.555	
005_1BL	3	17	1	1	1	0.425	
005_1BL	3	18	2	2	2	0.486	
005_1BL	3	19	1	2	2	0.664	
005_1BL	3	20	1	1	1	0.423	
005_1BL	3	21	1	2	2	0.364	
005_1BL	3	22	1	2	2	0.427	
005_1BL	3	23	1	2	2	0.384	
005_1BL	3	24	2	1	1	0.441	
005_1BL	3	25	1	1	1	0.448	
005_1BL	3	26	2	2	2	0.472	
005_1BL	3	27	2	1	1	0.418	
005_1BL	3	28	1	1	1	0.462	
005_1BL	3	29	2	2	2	0.479	
005_1BL	3	30	2	1	1	0.512	
005_1BL	3	31	1	1	1	0.423	
005_1BL	3	32	1	1	1	0.403	
005_1BL	3	33	2	1	1	0.427	
005_1BL	3	34	1	1	1	0.393	
005_1BL	3	35	2	1	1	0.539	
005_1BL	3	36	2	2	2	0.450	
005_1BL	3	37	2	2	2	0.539	
005_1BL	3	38	1	2	2	0.561	
005_1BL	3	39	1	2	2	0.408	
005_1BL	3	40	2	2	2	0.537	
005_1BL	3	41	1	2	2	0.487	
005_1BL	3	42	1	2	2	0.380	
005_1BL	3	43	2	2	2	0.449	
005_1BL	3	44	1	2	2	0.396	
005_1BL	3	45	1	1	1	0.738	
005_1BL	3	46	2	1	1	0.507	
005_1BL	3	47	2	2	2	0.493	
005_1BL	3	48	2	1	1	0.415	
005_1BL	3	49	2	2	2	0.445	
005_1BL	3	50	1	1	1	0.501	
005_1BL	3	51	1	1	1	0.507	
005_1BL	3	52	2	1	1	0.705	
005_1BL	3	53	2	1	1	0.468	
005_1BL	3	54	2	1	1	0.536	
005_1BL	3	55	2	2	2	0.621	
