sub	block	trial	congr	stim	resp	RT	
003_1KM	0	0	2	1	1	0.619	
003_1KM	0	1	1	2	2	0.485	
003_1KM	0	2	2	2	2	0.534	
003_1KM	0	3	2	1	1	0.507	
003_1KM	0	4	1	1	1	0.581	
003_1KM	0	5	2	2	2	0.516	
003_1KM	0	6	2	2	2	0.539	
003_1KM	0	7	1	1	1	0.533	
003_1KM	0	8	2	1	1	0.564	
003_1KM	0	9	1	1	1	0.535	
003_1KM	0	10	2	2	2	0.565	
003_1KM	0	11	2	1	1	0.571	
003_1KM	0	12	2	1	1	0.569	
003_1KM	0	13	2	1	1	0.548	
003_1KM	0	14	2	2	2	0.532	
003_1KM	0	15	2	2	2	0.701	
003_1KM	0	16	1	1	1	0.884	
003_1KM	0	17	1	2	2	0.538	
003_1KM	0	18	1	2	2	0.441	
003_1KM	0	19	1	1	1	0.525	
003_1KM	0	20	2	2	2	0.478	
003_1KM	0	21	2	2	2	0.441	
003_1KM	0	22	2	2	2	0.433	
003_1KM	0	23	2	2	2	0.476	
003_1KM	0	24	1	2	2	0.510	
003_1KM	0	25	1	2	2	0.443	
003_1KM	0	26	2	2	2	0.514	
003_1KM	0	27	2	1	1	0.527	
003_1KM	0	28	1	1	1	0.457	
003_1KM	0	29	1	2	2	0.477	
003_1KM	0	30	2	1	1	0.509	
003_1KM	0	31	2	1	1	0.548	
003_1KM	0	32	1	2	2	0.497	
003_1KM	0	33	1	2	2	0.456	
003_1KM	0	34	2	1	1	0.458	
003_1KM	0	35	1	2	2	0.477	
003_1KM	0	36	1	1	1	0.469	
003_1KM	0	37	2	1	1	0.470	
003_1KM	0	38	2	2	2	0.443	
003_1KM	0	39	1	1	1	0.409	
003_1KM	0	40	1	2	2	0.420	
003_1KM	0	41	1	1	1	0.472	
003_1KM	0	42	1	1	1	0.451	
003_1KM	0	43	2	1	1	0.460	
003_1KM	0	44	1	2	2	0.417	
003_1KM	0	45	2	1	1	0.557	
003_1KM	0	46	1	1	1	0.527	
003_1KM	0	47	1	2	2	0.443	
003_1KM	0	48	1	1	1	0.426	
003_1KM	0	49	2	1	1	0.509	
003_1KM	0	50	1	1	1	0.590	
003_1KM	0	51	1	2	2	0.388	
003_1KM	0	52	1	1	1	0.381	
003_1KM	0	53	2	2	2	0.461	
003_1KM	0	54	2	2	2	0.437	
003_1KM	0	55	1	2	2	0.376	
003_1KM	1	0	1	1	1	0.653	
003_1KM	1	1	1	1	1	0.412	
003_1KM	1	2	1	1	1	0.449	
003_1KM	1	3	1	1	1	0.420	
003_1KM	1	4	2	2	2	0.434	
003_1KM	1	5	2	2	2	0.485	
003_1KM	1	6	1	2	2	0.393	
003_1KM	1	7	1	2	2	0.415	
003_1KM	1	8	1	2	2	0.446	
003_1KM	1	9	2	2	2	0.485	
003_1KM	1	10	1	2	2	0.470	
003_1KM	1	11	2	1	1	0.507	
003_1KM	1	12	2	2	2	0.700	
003_1KM	1	13	1	1	1	0.417	
003_1KM	1	14	2	2	2	0.474	
003_1KM	1	15	1	2	2	0.420	
003_1KM	1	16	1	2	2	0.471	
003_1KM	1	17	2	1	1	0.440	
003_1KM	1	18	1	1	1	0.461	
003_1KM	1	19	2	1	1	0.485	
003_1KM	1	20	1	2	2	0.419	
003_1KM	1	21	2	2	2	0.427	
003_1KM	1	22	2	1	1	0.466	
003_1KM	1	23	2	1	1	0.499	
003_1KM	1	24	2	2	2	0.443	
003_1KM	1	25	2	2	2	0.467	
003_1KM	1	26	2	1	1	0.491	
003_1KM	1	27	2	1	1	0.459	
003_1KM	1	28	2	2	2	0.441	
003_1KM	1	29	1	2	2	0.412	
003_1KM	1	30	2	1	1	0.547	
003_1KM	1	31	1	1	1	0.438	
003_1KM	1	32	2	2	2	0.469	
003_1KM	1	33	2	1	1	0.454	
003_1KM	1	34	2	1	1	0.458	
003_1KM	1	35	2	2	2	0.462	
003_1KM	1	36	1	1	1	0.408	
003_1KM	1	37	1	2	2	0.466	
003_1KM	1	38	2	2	2	0.515	
003_1KM	1	39	1	1	1	0.431	
003_1KM	1	40	2	2	2	0.469	
003_1KM	1	41	1	1	1	0.462	
003_1KM	1	42	2	2	2	0.576	
003_1KM	1	43	1	1	1	0.432	
003_1KM	1	44	1	1	1	0.412	
003_1KM	1	45	1	2	2	0.463	
003_1KM	1	46	1	2	2	0.470	
003_1KM	1	47	1	1	1	0.460	
003_1KM	1	48	2	1	1	0.550	
003_1KM	1	49	1	2	2	0.507	
003_1KM	1	50	1	1	1	0.481	
003_1KM	1	51	1	2	2	0.416	
003_1KM	1	52	1	2	2	0.406	
003_1KM	1	53	2	1	1	0.481	
003_1KM	1	54	2	1	1	0.441	
003_1KM	1	55	2	1	1	0.465	
003_1KM	2	0	2	2	2	0.630	
003_1KM	2	1	2	2	2	0.458	
003_1KM	2	2	2	1	1	0.458	
003_1KM	2	3	2	2	2	0.465	
003_1KM	2	4	2	2	2	0.537	
003_1KM	2	5	1	2	2	0.410	
003_1KM	2	6	1	2	2	0.386	
003_1KM	2	7	2	2	2	0.449	
003_1KM	2	8	1	2	2	0.389	
003_1KM	2	9	1	1	1	0.402	
003_1KM	2	10	1	2	2	0.385	
003_1KM	2	11	2	1	1	0.503	
003_1KM	2	12	2	1	1	0.463	
003_1KM	2	13	2	1	1	0.440	
003_1KM	2	14	2	2	2	0.455	
003_1KM	2	15	1	1	1	0.465	
003_1KM	2	16	1	2	2	0.408	
003_1KM	2	17	1	1	1	0.422	
003_1KM	2	18	1	1	1	0.416	
003_1KM	2	19	2	1	1	0.438	
003_1KM	2	20	2	1	1	0.420	
003_1KM	2	21	2	2	2	0.443	
003_1KM	2	22	2	2	2	0.474	
003_1KM	2	23	1	1	1	0.455	
003_1KM	2	24	1	1	1	0.369	
003_1KM	2	25	2	2	2	0.464	
003_1KM	2	26	1	1	1	0.427	
003_1KM	2	27	2	1	1	0.515	
003_1KM	2	28	2	1	1	0.485	
003_1KM	2	29	1	1	1	0.540	
003_1KM	2	30	1	2	2	0.416	
003_1KM	2	31	2	1	1	0.480	
003_1KM	2	32	1	2	2	0.425	
003_1KM	2	33	2	2	2	0.541	
003_1KM	2	34	1	2	2	0.512	
003_1KM	2	35	1	1	1	0.451	
003_1KM	2	36	1	2	2	0.476	
003_1KM	2	37	2	1	1	0.473	
003_1KM	2	38	2	2	2	0.507	
003_1KM	2	39	1	1	1	0.439	
003_1KM	2	40	1	2	2	0.517	
003_1KM	2	41	2	1	1	0.460	
003_1KM	2	42	1	1	1	0.527	
003_1KM	2	43	2	2	2	0.434	
003_1KM	2	44	1	2	2	0.453	
003_1KM	2	45	2	1	1	0.525	
003_1KM	2	46	1	2	2	0.379	
003_1KM	2	47	2	2	2	0.532	
003_1KM	2	48	1	1	1	0.427	
003_1KM	2	49	1	1	1	0.436	
003_1KM	2	50	1	2	2	0.407	
003_1KM	2	51	1	2	2	0.386	
003_1KM	2	52	2	2	2	0.495	
003_1KM	2	53	2	1	1	0.405	
003_1KM	2	54	2	1	1	0.422	
003_1KM	2	55	1	1	1	0.378	
003_1KM	3	0	2	2	2	0.513	
003_1KM	3	1	1	2	2	0.420	
003_1KM	3	2	2	2	2	0.448	
003_1KM	3	3	1	2	2	0.414	
003_1KM	3	4	1	2	2	0.363	
003_1KM	3	5	1	1	2	0.418	
003_1KM	3	6	1	1	1	0.515	
003_1KM	3	7	1	2	2	0.417	
003_1KM	3	8	2	1	1	0.429	
003_1KM	3	9	2	2	2	0.448	
003_1KM	3	10	1	2	2	0.383	
003_1KM	3	11	2	2	2	0.464	
003_1KM	3	12	2	1	1	0.433	
003_1KM	3	13	1	2	2	0.437	
003_1KM	3	14	1	2	2	0.433	
003_1KM	3	15	1	2	2	0.365	
003_1KM	3	16	1	1	1	0.448	
003_1KM	3	17	2	2	2	0.766	
003_1KM	3	18	1	1	1	0.444	
003_1KM	3	19	2	1	1	0.477	
003_1KM	3	20	1	2	2	0.412	
003_1KM	3	21	2	2	2	0.454	
003_1KM	3	22	2	2	2	0.477	
003_1KM	3	23	1	1	1	0.443	
003_1KM	3	24	2	2	2	0.461	
003_1KM	3	25	1	1	1	0.474	
003_1KM	3	26	2	1	1	0.510	
003_1KM	3	27	2	1	1	0.465	
003_1KM	3	28	2	1	1	0.510	
003_1KM	3	29	2	1	1	0.487	
003_1KM	3	30	2	2	2	0.451	
003_1KM	3	31	1	1	1	0.390	
003_1KM	3	32	1	1	1	0.364	
003_1KM	3	33	1	1	1	0.411	
003_1KM	3	34	2	1	1	0.425	
003_1KM	3	35	1	2	2	0.432	
003_1KM	3	36	2	1	1	0.408	
003_1KM	3	37	2	1	1	0.369	
003_1KM	3	38	2	1	1	0.465	
003_1KM	3	39	2	2	2	0.487	
003_1KM	3	40	1	1	1	0.449	
003_1KM	3	41	1	2	2	0.428	
003_1KM	3	42	2	2	2	0.488	
003_1KM	3	43	2	1	1	0.518	
003_1KM	3	44	1	2	2	0.468	
003_1KM	3	45	2	1	1	0.473	
003_1KM	3	46	1	1	1	0.543	
003_1KM	3	47	1	2	2	0.449	
003_1KM	3	48	1	1	1	0.415	
003_1KM	3	49	2	2	2	0.519	
003_1KM	3	50	2	2	2	0.513	
003_1KM	3	51	1	1	1	0.434	
003_1KM	3	52	2	1	1	0.533	
003_1KM	3	53	2	2	2	0.549	
003_1KM	3	54	1	2	2	0.469	
003_1KM	3	55	1	1	1	0.442	
