sub	block	trial	congr	stim	resp	RT	
005_5LB	0	0	2	2	2	0.539	
005_5LB	0	1	1	1	1	0.425	
005_5LB	0	2	1	1	1	0.378	
005_5LB	0	3	1	1	1	0.412	
005_5LB	0	4	1	2	2	0.462	
005_5LB	0	5	2	1	1	0.477	
005_5LB	0	6	1	2	2	0.419	
005_5LB	0	7	2	1	1	0.511	
005_5LB	0	8	1	2	2	0.497	
005_5LB	0	9	2	2	2	0.459	
005_5LB	0	10	1	1	1	0.763	
005_5LB	0	11	1	2	2	0.490	
005_5LB	0	12	1	1	1	0.591	
005_5LB	0	13	2	2	2	0.797	
005_5LB	0	14	2	1	1	0.524	
005_5LB	0	15	1	1	1	0.516	
005_5LB	0	16	1	1	1	0.452	
005_5LB	0	17	1	1	1	0.443	
005_5LB	0	18	2	1	1	0.491	
005_5LB	0	19	1	2	2	0.548	
005_5LB	0	20	1	2	2	0.683	
005_5LB	0	21	2	2	2	0.495	
005_5LB	0	22	2	2	2	0.598	
005_5LB	0	23	1	2	2	0.478	
005_5LB	0	24	2	1	1	0.754	
005_5LB	0	25	1	2	2	0.464	
005_5LB	0	26	1	2	2	0.567	
005_5LB	0	27	2	2	2	0.506	
005_5LB	0	28	2	2	2	0.461	
005_5LB	0	29	2	2	2	0.514	
005_5LB	0	30	2	2	2	0.414	
005_5LB	0	31	2	1	1	0.544	
005_5LB	0	32	2	2	2	0.448	
005_5LB	0	33	1	1	1	0.396	
005_5LB	0	34	2	1	1	0.502	
005_5LB	0	35	2	1	1	0.502	
005_5LB	0	36	1	2	2	0.457	
005_5LB	0	37	1	2	2	0.442	
005_5LB	0	38	1	1	1	0.510	
005_5LB	0	39	1	2	2	0.502	
005_5LB	0	40	2	1	1	0.482	
005_5LB	0	41	1	1	1	0.440	
005_5LB	0	42	2	1	1	0.580	
005_5LB	0	43	1	2	2	0.385	
005_5LB	0	44	2	2	2	0.453	
005_5LB	0	45	1	1	1	0.497	
005_5LB	0	46	2	1	1	0.510	
005_5LB	0	47	2	1	1	0.476	
005_5LB	0	48	2	2	2	0.511	
005_5LB	0	49	2	2	2	0.622	
005_5LB	0	50	1	1	1	0.461	
005_5LB	0	51	2	1	1	0.515	
005_5LB	0	52	1	2	2	0.454	
005_5LB	0	53	2	1	1	0.517	
005_5LB	0	54	1	1	1	0.459	
005_5LB	0	55	2	2	2	0.548	
005_5LB	1	0	2	1	1	0.532	
005_5LB	1	1	1	2	2	0.433	
005_5LB	1	2	1	2	2	0.387	
005_5LB	1	3	2	2	2	0.394	
005_5LB	1	4	2	2	2	0.458	
005_5LB	1	5	1	1	1	0.481	
005_5LB	1	6	1	1	1	0.482	
005_5LB	1	7	2	2	2	0.481	
005_5LB	1	8	1	1	1	0.466	
005_5LB	1	9	2	2	2	0.459	
005_5LB	1	10	1	1	1	0.439	
005_5LB	1	11	1	2	2	0.550	
005_5LB	1	12	2	2	2	0.590	
005_5LB	1	13	2	2	2	0.694	
005_5LB	1	14	2	1	1	0.526	
005_5LB	1	15	2	1	1	0.545	
005_5LB	1	16	2	2	2	0.492	
005_5LB	1	17	2	2	2	0.505	
005_5LB	1	18	2	1	1	0.828	
005_5LB	1	19	2	1	1	0.536	
005_5LB	1	20	2	2	2	0.434	
005_5LB	1	21	1	2	2	0.387	
005_5LB	1	22	1	1	1	0.635	
005_5LB	1	23	1	1	1	0.498	
005_5LB	1	24	2	1	1	0.585	
005_5LB	1	25	1	2	2	0.461	
005_5LB	1	26	2	1	1	0.505	
005_5LB	1	27	2	2	2	0.734	
005_5LB	1	28	2	1	1	0.536	
005_5LB	1	29	1	2	2	0.598	
005_5LB	1	30	1	2	2	0.384	
005_5LB	1	31	2	1	1	0.462	
005_5LB	1	32	1	2	2	0.569	
005_5LB	1	33	1	1	2	0.492	
005_5LB	1	34	1	1	1	0.391	
005_5LB	1	35	2	2	2	0.642	
005_5LB	1	36	1	2	2	0.493	
005_5LB	1	37	2	2	2	0.512	
005_5LB	1	38	1	2	2	0.425	
005_5LB	1	39	1	1	1	0.477	
005_5LB	1	40	2	2	2	0.562	
005_5LB	1	41	2	1	1	0.554	
005_5LB	1	42	1	1	1	0.476	
005_5LB	1	43	1	2	2	0.532	
005_5LB	1	44	2	1	1	0.540	
005_5LB	1	45	2	1	1	0.561	
005_5LB	1	46	1	2	2	0.490	
005_5LB	1	47	1	1	1	0.771	
005_5LB	1	48	2	1	1	0.486	
005_5LB	1	49	1	2	2	0.419	
005_5LB	1	50	2	1	1	0.489	
005_5LB	1	51	1	1	1	0.397	
005_5LB	1	52	1	1	1	0.373	
005_5LB	1	53	2	2	2	0.423	
005_5LB	1	54	1	2	2	0.445	
005_5LB	1	55	1	1	1	0.439	
005_5LB	2	0	2	1	1	0.488	
005_5LB	2	1	2	2	2	0.473	
005_5LB	2	2	2	2	2	0.476	
005_5LB	2	3	2	1	1	0.479	
005_5LB	2	4	1	2	2	0.454	
005_5LB	2	5	2	1	1	0.480	
005_5LB	2	6	1	1	1	0.490	
005_5LB	2	7	1	1	1	0.428	
005_5LB	2	8	1	1	1	0.449	
005_5LB	2	9	1	2	2	0.517	
005_5LB	2	10	1	2	2	0.619	
005_5LB	2	11	1	2	2	0.410	
005_5LB	2	12	2	2	2	0.376	
005_5LB	2	13	1	2	2	0.447	
005_5LB	2	14	1	1	1	0.644	
005_5LB	2	15	1	1	1	0.731	
005_5LB	2	16	2	2	2	0.478	
005_5LB	2	17	2	2	2	0.485	
005_5LB	2	18	1	1	1	0.549	
005_5LB	2	19	2	2	2	0.426	
005_5LB	2	20	1	1	1	0.445	
005_5LB	2	21	2	1	1	0.525	
005_5LB	2	22	1	1	1	0.375	
005_5LB	2	23	2	2	2	0.498	
005_5LB	2	24	2	2	2	0.605	
005_5LB	2	25	2	1	1	0.472	
005_5LB	2	26	2	2	2	0.513	
005_5LB	2	27	2	2	2	0.484	
005_5LB	2	28	2	2	2	0.484	
005_5LB	2	29	1	2	2	0.389	
005_5LB	2	30	1	2	2	0.489	
005_5LB	2	31	1	2	2	0.394	
005_5LB	2	32	2	1	1	0.515	
005_5LB	2	33	2	1	1	0.547	
005_5LB	2	34	1	1	1	0.406	
005_5LB	2	35	1	1	1	0.457	
005_5LB	2	36	1	2	2	0.518	
005_5LB	2	37	2	1	1	0.503	
005_5LB	2	38	2	1	1	0.492	
005_5LB	2	39	1	2	2	0.514	
005_5LB	2	40	1	2	2	0.486	
005_5LB	2	41	1	2	2	0.635	
005_5LB	2	42	2	1	1	0.525	
005_5LB	2	43	1	1	1	0.465	
005_5LB	2	44	2	2	2	0.526	
005_5LB	2	45	2	2	2	0.424	
005_5LB	2	46	1	1	1	0.446	
005_5LB	2	47	2	1	1	0.506	
005_5LB	2	48	1	1	1	0.494	
005_5LB	2	49	2	1	1	0.550	
005_5LB	2	50	1	1	1	0.459	
005_5LB	2	51	2	1	1	0.403	
005_5LB	2	52	1	2	2	0.626	
005_5LB	2	53	2	1	1	0.416	
005_5LB	2	54	1	2	2	0.487	
005_5LB	2	55	2	2	2	0.481	
005_5LB	3	0	2	1	1	0.562	
005_5LB	3	1	1	1	1	0.611	
005_5LB	3	2	1	2	2	0.515	
005_5LB	3	3	1	2	2	0.441	
005_5LB	3	4	1	2	2	0.565	
005_5LB	3	5	2	1	1	0.595	
005_5LB	3	6	1	2	2	0.415	
005_5LB	3	7	1	2	2	0.513	
005_5LB	3	8	1	2	2	0.453	
005_5LB	3	9	2	1	1	0.508	
005_5LB	3	10	2	1	1	0.487	
005_5LB	3	11	2	2	2	0.500	
005_5LB	3	12	2	2	2	0.523	
005_5LB	3	13	1	2	2	0.429	
005_5LB	3	14	1	1	1	0.464	
005_5LB	3	15	2	1	1	0.553	
005_5LB	3	16	1	1	1	0.417	
005_5LB	3	17	1	1	1	0.403	
005_5LB	3	18	2	2	2	0.434	
005_5LB	3	19	2	1	1	0.575	
005_5LB	3	20	2	2	2	0.492	
005_5LB	3	21	2	1	1	0.456	
005_5LB	3	22	1	1	1	0.519	
005_5LB	3	23	1	2	2	0.625	
005_5LB	3	24	1	1	1	0.488	
005_5LB	3	25	2	1	1	0.447	
005_5LB	3	26	1	2	2	0.481	
005_5LB	3	27	2	2	2	0.463	
005_5LB	3	28	1	2	2	0.711	
005_5LB	3	29	1	2	2	0.465	
005_5LB	3	30	2	2	2	0.515	
005_5LB	3	31	1	1	1	0.506	
005_5LB	3	32	2	2	2	0.539	
005_5LB	3	33	2	2	2	0.394	
005_5LB	3	34	1	1	1	0.468	
005_5LB	3	35	2	1	1	0.546	
005_5LB	3	36	1	1	1	0.495	
005_5LB	3	37	2	2	2	0.705	
005_5LB	3	38	1	1	1	0.506	
005_5LB	3	39	2	1	1	0.487	
005_5LB	3	40	1	1	1	0.421	
005_5LB	3	41	2	2	2	0.610	
005_5LB	3	42	2	1	1	0.484	
005_5LB	3	43	1	1	1	0.515	
005_5LB	3	44	2	2	2	0.549	
005_5LB	3	45	2	2	2	0.541	
005_5LB	3	46	2	1	1	0.537	
005_5LB	3	47	1	2	2	0.439	
005_5LB	3	48	2	1	1	0.491	
005_5LB	3	49	2	2	2	0.524	
005_5LB	3	50	1	1	1	0.441	
005_5LB	3	51	1	2	2	0.435	
005_5LB	3	52	1	2	2	0.485	
005_5LB	3	53	2	1	1	0.543	
005_5LB	3	54	1	1	1	0.484	
005_5LB	3	55	2	2	2	0.465	
