sub	block	trial	congr	stim	resp	RT	
008_5LB	0	0	2	2	1	0.436	
008_5LB	0	1	1	1	1	0.407	
008_5LB	0	2	2	1	1	0.545	
008_5LB	0	3	1	1	1	0.413	
008_5LB	0	4	2	1	1	0.468	
008_5LB	0	5	2	2	2	0.494	
008_5LB	0	6	1	1	1	0.436	
008_5LB	0	7	2	2	2	0.453	
008_5LB	0	8	2	2	2	0.451	
008_5LB	0	9	1	2	2	0.507	
008_5LB	0	10	1	1	1	0.424	
008_5LB	0	11	2	1	1	0.522	
008_5LB	0	12	1	2	2	0.470	
008_5LB	0	13	2	1	1	0.525	
008_5LB	0	14	1	2	2	0.459	
008_5LB	0	15	1	2	2	0.439	
008_5LB	0	16	1	2	2	0.446	
008_5LB	0	17	1	2	2	0.429	
008_5LB	0	18	1	1	1	0.576	
008_5LB	0	19	2	1	1	0.532	
008_5LB	0	20	1	2	2	0.426	
008_5LB	0	21	1	2	2	0.423	
008_5LB	0	22	2	1	1	0.426	
008_5LB	0	23	2	1	1	0.541	
008_5LB	0	24	2	2	2	0.463	
008_5LB	0	25	1	1	1	0.403	
008_5LB	0	26	1	2	2	0.396	
008_5LB	0	27	1	2	2	0.392	
008_5LB	0	28	2	2	2	0.480	
008_5LB	0	29	2	2	2	0.397	
008_5LB	0	30	1	1	1	0.427	
008_5LB	0	31	1	2	2	0.395	
008_5LB	0	32	1	2	2	0.378	
008_5LB	0	33	2	1	1	0.418	
008_5LB	0	34	2	1	1	0.454	
008_5LB	0	35	2	2	2	0.408	
008_5LB	0	36	1	1	1	0.543	
008_5LB	0	37	2	2	2	0.462	
008_5LB	0	38	2	1	1	0.475	
008_5LB	0	39	1	1	1	0.444	
008_5LB	0	40	2	2	2	0.459	
008_5LB	0	41	2	2	2	0.595	
008_5LB	0	42	2	2	2	0.431	
008_5LB	0	43	1	1	1	0.395	
008_5LB	0	44	2	1	1	0.486	
008_5LB	0	45	2	2	2	0.487	
008_5LB	0	46	1	1	1	0.410	
008_5LB	0	47	1	1	1	0.421	
008_5LB	0	48	1	2	2	0.437	
008_5LB	0	49	2	2	2	0.524	
008_5LB	0	50	2	1	1	0.540	
008_5LB	0	51	2	1	1	0.508	
008_5LB	0	52	2	1	1	0.532	
008_5LB	0	53	1	1	1	0.387	
008_5LB	0	54	1	1	1	0.364	
008_5LB	0	55	1	2	2	0.409	
008_5LB	1	0	1	2	2	0.433	
008_5LB	1	1	2	1	1	0.453	
008_5LB	1	2	1	1	1	0.426	
008_5LB	1	3	1	2	2	0.385	
008_5LB	1	4	1	1	1	0.420	
008_5LB	1	5	1	1	1	0.426	
008_5LB	1	6	1	1	1	0.409	
008_5LB	1	7	2	1	1	0.467	
008_5LB	1	8	2	2	2	0.451	
008_5LB	1	9	2	2	2	0.516	
008_5LB	1	10	1	1	1	0.423	
008_5LB	1	11	2	2	2	0.556	
008_5LB	1	12	2	1	1	0.492	
008_5LB	1	13	1	2	2	0.410	
008_5LB	1	14	2	2	2	0.480	
008_5LB	1	15	2	2	2	0.389	
008_5LB	1	16	2	1	1	0.453	
008_5LB	1	17	2	1	1	0.460	
008_5LB	1	18	2	2	2	0.505	
008_5LB	1	19	2	2	2	0.489	
008_5LB	1	20	1	1	1	0.348	
008_5LB	1	21	1	2	2	0.333	
008_5LB	1	22	1	2	2	0.378	
008_5LB	1	23	2	1	1	0.432	
008_5LB	1	24	2	1	1	0.482	
008_5LB	1	25	1	2	2	0.412	
008_5LB	1	26	1	2	2	0.491	
008_5LB	1	27	1	1	1	0.425	
008_5LB	1	28	1	1	1	0.402	
008_5LB	1	29	2	1	1	0.429	
008_5LB	1	30	2	1	1	0.514	
008_5LB	1	31	1	1	1	0.360	
008_5LB	1	32	1	2	2	0.407	
008_5LB	1	33	1	2	2	0.361	
008_5LB	1	34	2	1	2	0.306	
008_5LB	1	35	2	1	1	0.487	
008_5LB	1	36	2	2	2	0.439	
008_5LB	1	37	2	2	2	0.468	
008_5LB	1	38	2	1	1	0.504	
008_5LB	1	39	2	2	2	0.551	
008_5LB	1	40	2	2	2	0.521	
008_5LB	1	41	1	1	1	0.446	
008_5LB	1	42	2	2	2	0.421	
008_5LB	1	43	1	2	2	0.386	
008_5LB	1	44	2	2	2	0.481	
008_5LB	1	45	1	2	2	0.360	
008_5LB	1	46	1	2	2	0.340	
008_5LB	1	47	1	1	2	0.435	
008_5LB	1	48	2	1	1	0.522	
008_5LB	1	49	1	1	1	0.569	
008_5LB	1	50	1	2	2	0.516	
008_5LB	1	51	2	2	2	0.522	
008_5LB	1	52	1	1	1	0.447	
008_5LB	1	53	2	1	1	0.537	
008_5LB	1	54	1	2	2	0.417	
008_5LB	1	55	1	1	1	0.378	
008_5LB	2	0	1	1	1	0.492	
008_5LB	2	1	1	2	2	0.422	
008_5LB	2	2	1	1	1	0.374	
008_5LB	2	3	1	2	2	0.389	
008_5LB	2	4	2	2	2	0.522	
008_5LB	2	5	2	2	2	0.485	
008_5LB	2	6	1	1	1	0.408	
008_5LB	2	7	2	2	2	0.533	
008_5LB	2	8	2	2	2	0.404	
008_5LB	2	9	2	2	2	0.429	
008_5LB	2	10	2	1	1	0.548	
008_5LB	2	11	1	1	1	0.433	
008_5LB	2	12	1	1	1	0.408	
008_5LB	2	13	1	2	2	0.387	
008_5LB	2	14	1	2	2	0.376	
008_5LB	2	15	1	2	2	0.392	
008_5LB	2	16	1	1	1	0.426	
008_5LB	2	17	2	2	2	0.504	
008_5LB	2	18	1	1	1	0.436	
008_5LB	2	19	1	1	1	0.608	
008_5LB	2	20	2	1	1	0.543	
008_5LB	2	21	2	2	2	0.438	
008_5LB	2	22	1	2	2	0.372	
008_5LB	2	23	2	1	1	0.593	
008_5LB	2	24	2	2	2	0.468	
008_5LB	2	25	1	1	1	0.500	
008_5LB	2	26	1	1	1	0.457	
008_5LB	2	27	2	1	1	0.497	
008_5LB	2	28	1	2	2	0.420	
008_5LB	2	29	2	1	1	0.457	
008_5LB	2	30	2	1	1	0.522	
008_5LB	2	31	1	2	2	0.394	
008_5LB	2	32	2	2	2	0.442	
008_5LB	2	33	2	1	1	0.484	
008_5LB	2	34	1	2	2	0.395	
008_5LB	2	35	2	2	2	0.520	
008_5LB	2	36	1	2	2	0.399	
008_5LB	2	37	2	2	2	0.503	
008_5LB	2	38	1	2	2	0.421	
008_5LB	2	39	2	1	1	0.521	
008_5LB	2	40	2	2	2	0.498	
008_5LB	2	41	1	2	2	0.375	
008_5LB	2	42	1	1	1	0.490	
008_5LB	2	43	2	1	2	0.407	
008_5LB	2	44	2	1	1	0.522	
008_5LB	2	45	2	2	2	0.474	
008_5LB	2	46	2	1	1	0.474	
008_5LB	2	47	2	1	1	0.499	
008_5LB	2	48	2	1	1	0.419	
008_5LB	2	49	1	2	2	0.412	
008_5LB	2	50	1	1	1	0.341	
008_5LB	2	51	1	2	2	0.433	
008_5LB	2	52	1	1	1	0.410	
008_5LB	2	53	1	1	1	0.418	
008_5LB	2	54	2	2	2	0.417	
008_5LB	2	55	2	1	1	0.491	
008_5LB	3	0	2	2	2	0.465	
008_5LB	3	1	2	2	2	0.458	
008_5LB	3	2	1	2	2	0.399	
008_5LB	3	3	2	2	2	0.444	
008_5LB	3	4	1	2	2	0.361	
008_5LB	3	5	2	1	1	0.435	
008_5LB	3	6	2	1	1	0.436	
008_5LB	3	7	2	1	1	0.421	
008_5LB	3	8	1	2	2	0.413	
008_5LB	3	9	2	1	1	0.431	
008_5LB	3	10	2	1	1	0.447	
008_5LB	3	11	2	1	1	0.355	
008_5LB	3	12	2	2	1	0.346	
008_5LB	3	13	1	1	1	0.361	
008_5LB	3	14	1	2	2	0.474	
008_5LB	3	15	1	1	1	0.430	
008_5LB	3	16	1	1	1	0.368	
008_5LB	3	17	2	2	2	0.444	
008_5LB	3	18	1	1	1	0.450	
008_5LB	3	19	2	2	2	0.477	
008_5LB	3	20	1	1	1	0.373	
008_5LB	3	21	1	2	2	0.377	
008_5LB	3	22	2	2	2	0.432	
008_5LB	3	23	1	1	1	0.427	
008_5LB	3	24	2	2	2	0.513	
008_5LB	3	25	1	2	2	0.407	
008_5LB	3	26	1	1	1	0.448	
008_5LB	3	27	2	2	2	0.415	
008_5LB	3	28	2	2	2	0.482	
008_5LB	3	29	2	2	2	0.468	
008_5LB	3	30	1	2	2	0.581	
008_5LB	3	31	2	2	2	0.471	
008_5LB	3	32	1	1	1	0.480	
008_5LB	3	33	1	2	2	0.396	
008_5LB	3	34	1	1	1	0.409	
008_5LB	3	35	2	1	2	0.393	
008_5LB	3	36	1	2	2	0.396	
008_5LB	3	37	2	2	2	0.453	
008_5LB	3	38	1	1	1	0.561	
008_5LB	3	39	1	2	2	0.473	
008_5LB	3	40	2	1	1	0.422	
008_5LB	3	41	1	2	2	0.440	
008_5LB	3	42	2	2	2	0.551	
008_5LB	3	43	1	2	2	0.396	
008_5LB	3	44	2	1	1	0.509	
008_5LB	3	45	1	1	1	0.422	
008_5LB	3	46	2	1	1	0.489	
008_5LB	3	47	1	1	1	0.424	
008_5LB	3	48	2	1	1	0.561	
008_5LB	3	49	2	1	1	0.538	
008_5LB	3	50	1	1	1	0.419	
008_5LB	3	51	1	2	2	0.438	
008_5LB	3	52	2	1	1	0.405	
008_5LB	3	53	1	2	2	0.368	
008_5LB	3	54	1	1	1	0.375	
008_5LB	3	55	2	1	1	0.465	
