sub	block	trial	congr	stim	resp	RT	
009_4PH	0	0	1	1	1	0.555	
009_4PH	0	1	1	1	1	0.423	
009_4PH	0	2	2	2	1	0.470	
009_4PH	0	3	1	1	1	0.543	
009_4PH	0	4	1	2	2	0.512	
009_4PH	0	5	2	1	1	0.613	
009_4PH	0	6	2	1	1	0.582	
009_4PH	0	7	2	1	1	0.594	
009_4PH	0	8	1	2	2	0.518	
009_4PH	0	9	1	2	2	0.560	
009_4PH	0	10	1	1	1	0.516	
009_4PH	0	11	2	1	1	0.578	
009_4PH	0	12	2	2	2	0.716	
009_4PH	0	13	2	2	2	0.637	
009_4PH	0	14	2	2	2	0.596	
009_4PH	0	15	1	1	1	0.531	
009_4PH	0	16	2	2	2	0.510	
009_4PH	0	17	1	1	1	0.474	
009_4PH	0	18	2	1	1	0.586	
009_4PH	0	19	2	2	2	0.520	
009_4PH	0	20	1	1	1	0.532	
009_4PH	0	21	1	1	1	0.522	
009_4PH	0	22	1	2	2	0.669	
009_4PH	0	23	2	1	1	0.579	
009_4PH	0	24	2	2	2	0.573	
009_4PH	0	25	2	1	1	0.590	
009_4PH	0	26	2	2	2	0.498	
009_4PH	0	27	1	1	1	0.495	
009_4PH	0	28	1	1	1	0.509	
009_4PH	0	29	2	1	1	0.634	
009_4PH	0	30	2	1	1	0.513	
009_4PH	0	31	2	2	2	0.597	
009_4PH	0	32	2	1	1	0.564	
009_4PH	0	33	2	2	2	0.630	
009_4PH	0	34	2	1	1	0.611	
009_4PH	0	35	1	2	2	0.489	
009_4PH	0	36	2	1	1	0.499	
009_4PH	0	37	1	1	1	0.501	
009_4PH	0	38	1	2	2	0.464	
009_4PH	0	39	2	1	1	0.496	
009_4PH	0	40	1	1	1	0.495	
009_4PH	0	41	1	1	1	0.442	
009_4PH	0	42	2	2	2	0.556	
009_4PH	0	43	2	1	1	0.613	
009_4PH	0	44	1	2	2	0.499	
009_4PH	0	45	2	2	2	0.509	
009_4PH	0	46	1	2	2	0.468	
009_4PH	0	47	1	2	2	0.534	
009_4PH	0	48	1	2	2	0.492	
009_4PH	0	49	1	2	2	0.535	
009_4PH	0	50	2	2	2	0.643	
009_4PH	0	51	1	2	2	0.500	
009_4PH	0	52	1	1	1	0.531	
009_4PH	0	53	1	2	2	0.510	
009_4PH	0	54	1	2	2	0.458	
009_4PH	0	55	2	2	2	0.542	
009_4PH	1	0	2	1	1	0.751	
009_4PH	1	1	2	2	2	0.515	
009_4PH	1	2	1	1	1	0.537	
009_4PH	1	3	2	1	1	0.635	
009_4PH	1	4	1	2	2	0.549	
009_4PH	1	5	2	2	2	0.578	
009_4PH	1	6	2	1	1	0.580	
009_4PH	1	7	2	1	1	0.617	
009_4PH	1	8	1	1	1	0.619	
009_4PH	1	9	1	2	2	0.475	
009_4PH	1	10	1	1	1	0.516	
009_4PH	1	11	2	1	1	0.528	
009_4PH	1	12	1	2	2	0.542	
009_4PH	1	13	2	2	2	0.571	
009_4PH	1	14	1	1	1	0.505	
009_4PH	1	15	2	1	1	0.647	
009_4PH	1	16	1	2	2	0.518	
009_4PH	1	17	2	2	2	0.558	
009_4PH	1	18	1	1	1	0.575	
009_4PH	1	19	1	1	1	0.472	
009_4PH	1	20	2	1	1	0.634	
009_4PH	1	21	2	2	2	0.595	
009_4PH	1	22	1	2	2	0.525	
009_4PH	1	23	2	2	2	0.615	
009_4PH	1	24	2	2	2	0.562	
009_4PH	1	25	2	1	1	0.672	
009_4PH	1	26	2	2	2	0.522	
009_4PH	1	27	1	2	2	0.454	
009_4PH	1	28	1	1	1	0.501	
009_4PH	1	29	2	1	1	0.566	
009_4PH	1	30	1	2	2	0.470	
009_4PH	1	31	1	2	2	0.560	
009_4PH	1	32	2	2	2	0.614	
009_4PH	1	33	2	2	2	0.628	
009_4PH	1	34	2	2	2	0.587	
009_4PH	1	35	1	1	1	0.544	
009_4PH	1	36	2	1	1	0.631	
009_4PH	1	37	2	2	2	0.808	
009_4PH	1	38	2	2	2	0.586	
009_4PH	1	39	2	1	1	0.531	
009_4PH	1	40	1	2	2	0.467	
009_4PH	1	41	1	1	1	0.505	
009_4PH	1	42	2	1	1	0.805	
009_4PH	1	43	1	1	1	0.593	
009_4PH	1	44	1	1	1	0.474	
009_4PH	1	45	1	2	2	0.470	
009_4PH	1	46	2	2	2	0.518	
009_4PH	1	47	1	2	2	0.453	
009_4PH	1	48	2	1	1	0.525	
009_4PH	1	49	1	1	1	0.423	
009_4PH	1	50	1	1	1	0.484	
009_4PH	1	51	1	1	1	0.478	
009_4PH	1	52	1	2	2	0.489	
009_4PH	1	53	1	2	2	0.507	
009_4PH	1	54	2	1	1	0.500	
009_4PH	1	55	1	2	2	0.449	
009_4PH	2	0	1	2	2	0.705	
009_4PH	2	1	1	2	2	0.570	
009_4PH	2	2	1	1	1	0.527	
009_4PH	2	3	2	2	2	0.570	
009_4PH	2	4	1	2	2	0.467	
009_4PH	2	5	1	1	1	0.499	
009_4PH	2	6	2	1	1	0.601	
009_4PH	2	7	2	2	2	0.544	
009_4PH	2	8	1	1	1	0.497	
009_4PH	2	9	2	2	2	0.582	
009_4PH	2	10	2	1	1	0.559	
009_4PH	2	11	1	1	1	0.477	
009_4PH	2	12	1	2	2	0.474	
009_4PH	2	13	1	1	1	0.506	
009_4PH	2	14	2	2	2	0.553	
009_4PH	2	15	2	1	1	0.507	
009_4PH	2	16	1	2	2	0.478	
009_4PH	2	17	2	2	2	0.608	
009_4PH	2	18	2	1	1	0.523	
009_4PH	2	19	2	1	1	0.542	
009_4PH	2	20	2	2	2	0.673	
009_4PH	2	21	1	2	2	0.488	
009_4PH	2	22	2	1	1	0.520	
009_4PH	2	23	1	1	1	0.483	
009_4PH	2	24	2	1	1	0.570	
009_4PH	2	25	2	1	1	0.544	
009_4PH	2	26	2	2	2	0.472	
009_4PH	2	27	1	2	2	0.453	
009_4PH	2	28	2	2	2	0.575	
009_4PH	2	29	2	2	2	0.561	
009_4PH	2	30	1	1	1	0.507	
009_4PH	2	31	1	2	2	0.475	
009_4PH	2	32	1	2	2	0.424	
009_4PH	2	33	2	1	1	0.553	
009_4PH	2	34	1	2	2	0.487	
009_4PH	2	35	2	1	1	0.527	
009_4PH	2	36	1	1	1	0.487	
009_4PH	2	37	2	2	2	0.482	
009_4PH	2	38	1	1	1	0.596	
009_4PH	2	39	1	1	1	0.435	
009_4PH	2	40	2	2	2	0.458	
009_4PH	2	41	1	1	1	0.450	
009_4PH	2	42	2	1	1	0.549	
009_4PH	2	43	1	2	2	0.464	
009_4PH	2	44	1	2	2	0.480	
009_4PH	2	45	2	2	2	0.535	
009_4PH	2	46	1	2	2	0.531	
009_4PH	2	47	2	1	1	0.506	
009_4PH	2	48	1	1	1	0.462	
009_4PH	2	49	2	2	2	0.489	
009_4PH	2	50	2	1	1	0.696	
009_4PH	2	51	1	1	1	0.477	
009_4PH	2	52	1	2	2	0.453	
009_4PH	2	53	2	2	2	0.527	
009_4PH	2	54	2	1	1	0.588	
009_4PH	2	55	1	1	1	0.480	
009_4PH	3	0	2	1	1	0.628	
009_4PH	3	1	2	2	2	0.571	
009_4PH	3	2	1	2	2	0.504	
009_4PH	3	3	1	2	2	0.471	
009_4PH	3	4	1	2	2	0.459	
009_4PH	3	5	2	1	1	0.449	
009_4PH	3	6	1	1	1	0.509	
009_4PH	3	7	1	1	1	0.491	
009_4PH	3	8	2	2	2	0.519	
009_4PH	3	9	2	2	2	0.515	
009_4PH	3	10	2	1	1	0.525	
009_4PH	3	11	2	2	2	0.557	
009_4PH	3	12	2	1	1	0.501	
009_4PH	3	13	1	2	2	0.453	
009_4PH	3	14	1	1	1	0.450	
009_4PH	3	15	1	2	2	0.455	
009_4PH	3	16	2	2	2	0.618	
009_4PH	3	17	2	2	2	0.624	
009_4PH	3	18	1	2	2	0.530	
009_4PH	3	19	1	1	1	0.499	
009_4PH	3	20	2	2	2	0.523	
009_4PH	3	21	1	1	1	0.522	
009_4PH	3	22	1	1	1	0.487	
009_4PH	3	23	1	2	2	0.476	
009_4PH	3	24	2	2	2	0.550	
009_4PH	3	25	1	1	1	0.441	
009_4PH	3	26	1	2	2	0.419	
009_4PH	3	27	1	2	2	0.469	
009_4PH	3	28	2	2	2	0.517	
009_4PH	3	29	2	1	1	0.557	
009_4PH	3	30	2	1	1	0.612	
009_4PH	3	31	2	2	2	0.498	
009_4PH	3	32	2	2	2	0.503	
009_4PH	3	33	2	2	2	0.564	
009_4PH	3	34	1	2	2	0.449	
009_4PH	3	35	1	1	1	0.549	
009_4PH	3	36	1	2	2	0.456	
009_4PH	3	37	2	2	2	0.576	
009_4PH	3	38	2	1	1	0.566	
009_4PH	3	39	1	2	2	0.461	
009_4PH	3	40	2	1	1	0.590	
009_4PH	3	41	2	1	1	0.496	
009_4PH	3	42	2	1	1	0.514	
009_4PH	3	43	1	1	1	0.460	
009_4PH	3	44	1	2	2	0.489	
009_4PH	3	45	2	1	1	0.562	
009_4PH	3	46	2	1	1	0.571	
009_4PH	3	47	2	1	1	0.523	
009_4PH	3	48	2	1	1	0.482	
009_4PH	3	49	2	2	2	0.560	
009_4PH	3	50	1	1	1	0.482	
009_4PH	3	51	1	1	1	0.475	
009_4PH	3	52	1	1	1	0.466	
009_4PH	3	53	1	1	1	0.426	
009_4PH	3	54	1	1	1	0.504	
009_4PH	3	55	1	2	2	0.519	
