sub	block	trial	congr	stim	resp	RT	
012_6GS	0	0	1	1	1	0.385	
012_6GS	0	1	2	2	2	0.444	
012_6GS	0	2	2	2	2	0.379	
012_6GS	0	3	1	1	1	0.441	
012_6GS	0	4	1	2	2	0.381	
012_6GS	0	5	2	2	1	0.375	
012_6GS	0	6	1	1	1	0.441	
012_6GS	0	7	2	1	1	0.466	
012_6GS	0	8	1	2	2	0.410	
012_6GS	0	9	1	2	2	0.359	
012_6GS	0	10	2	1	1	0.413	
012_6GS	0	11	2	1	1	0.398	
012_6GS	0	12	2	1	1	0.523	
012_6GS	0	13	1	2	2	0.373	
012_6GS	0	14	1	1	2	0.349	
012_6GS	0	15	1	2	2	0.360	
012_6GS	0	16	1	1	1	0.348	
012_6GS	0	17	1	2	2	0.375	
012_6GS	0	18	1	2	2	0.352	
012_6GS	0	19	1	2	2	0.353	
012_6GS	0	20	2	2	2	0.388	
012_6GS	0	21	1	1	1	0.330	
012_6GS	0	22	2	1	1	0.443	
012_6GS	0	23	1	1	1	0.365	
012_6GS	0	24	1	1	1	0.334	
012_6GS	0	25	2	2	2	0.407	
012_6GS	0	26	1	2	2	0.442	
012_6GS	0	27	2	1	1	0.377	
012_6GS	0	28	2	2	2	0.384	
012_6GS	0	29	1	1	1	0.373	
012_6GS	0	30	2	2	2	0.662	
012_6GS	0	31	2	2	2	0.396	
012_6GS	0	32	2	1	1	0.361	
012_6GS	0	33	2	1	1	0.331	
012_6GS	0	34	2	2	2	0.386	
012_6GS	0	35	1	1	1	0.325	
012_6GS	0	36	1	2	2	0.366	
012_6GS	0	37	2	1	1	0.411	
012_6GS	0	38	1	1	1	0.374	
012_6GS	0	39	1	1	1	0.308	
012_6GS	0	40	2	1	1	0.486	
012_6GS	0	41	2	2	1	0.442	
012_6GS	0	42	1	2	2	0.301	
012_6GS	0	43	1	1	1	0.373	
012_6GS	0	44	2	1	1	0.322	
012_6GS	0	45	2	1	1	0.404	
012_6GS	0	46	1	1	1	0.330	
012_6GS	0	47	2	2	2	0.453	
012_6GS	0	48	2	1	1	0.376	
012_6GS	0	49	1	2	2	0.350	
012_6GS	0	50	2	1	1	0.449	
012_6GS	0	51	2	2	2	0.397	
012_6GS	0	52	2	2	2	0.356	
012_6GS	0	53	1	2	2	0.312	
012_6GS	0	54	1	2	2	0.358	
012_6GS	0	55	2	2	2	0.393	
012_6GS	1	0	1	1	1	0.428	
012_6GS	1	1	2	1	1	0.495	
012_6GS	1	2	2	2	2	0.442	
012_6GS	1	3	1	1	1	0.352	
012_6GS	1	4	2	1	1	0.388	
012_6GS	1	5	2	1	1	0.376	
012_6GS	1	6	2	2	2	0.476	
012_6GS	1	7	2	2	2	0.377	
012_6GS	1	8	1	1	1	0.368	
012_6GS	1	9	2	1	1	0.454	
012_6GS	1	10	1	2	2	0.343	
012_6GS	1	11	2	1	1	0.372	
012_6GS	1	12	1	1	1	0.361	
012_6GS	1	13	1	2	2	0.365	
012_6GS	1	14	1	2	2	0.379	
012_6GS	1	15	1	1	1	0.377	
012_6GS	1	16	2	2	2	0.540	
012_6GS	1	17	1	1	1	0.364	
012_6GS	1	18	2	1	1	0.348	
012_6GS	1	19	1	2	1	0.394	
012_6GS	1	20	2	2	2	0.458	
012_6GS	1	21	2	2	2	0.469	
012_6GS	1	22	2	2	2	0.427	
012_6GS	1	23	1	2	2	0.339	
012_6GS	1	24	2	2	2	0.438	
012_6GS	1	25	2	1	1	0.422	
012_6GS	1	26	2	2	2	0.496	
012_6GS	1	27	1	1	1	0.481	
012_6GS	1	28	1	1	1	0.381	
012_6GS	1	29	1	2	2	0.516	
012_6GS	1	30	2	2	1	0.419	
012_6GS	1	31	1	1	1	0.396	
012_6GS	1	32	1	1	1	0.364	
012_6GS	1	33	1	2	2	0.412	
012_6GS	1	34	2	1	1	0.439	
012_6GS	1	35	1	2	2	0.389	
012_6GS	1	36	2	2	1	0.373	
012_6GS	1	37	1	2	2	0.344	
012_6GS	1	38	2	1	1	0.485	
012_6GS	1	39	2	1	1	0.425	
012_6GS	1	40	1	1	1	0.392	
012_6GS	1	41	2	1	1	0.433	
012_6GS	1	42	1	2	2	0.388	
012_6GS	1	43	1	1	1	0.421	
012_6GS	1	44	2	1	1	0.429	
012_6GS	1	45	2	2	2	0.430	
012_6GS	1	46	1	2	2	0.422	
012_6GS	1	47	2	1	1	0.385	
012_6GS	1	48	2	1	1	0.436	
012_6GS	1	49	1	1	1	0.610	
012_6GS	1	50	1	1	1	0.355	
012_6GS	1	51	2	2	1	0.331	
012_6GS	1	52	1	2	2	0.388	
012_6GS	1	53	1	2	2	0.355	
012_6GS	1	54	1	2	2	0.320	
012_6GS	1	55	2	2	2	0.381	
012_6GS	2	0	1	2	2	0.506	
012_6GS	2	1	2	1	1	0.438	
012_6GS	2	2	1	1	1	0.370	
012_6GS	2	3	1	2	2	0.380	
012_6GS	2	4	2	1	1	0.424	
012_6GS	2	5	1	2	2	0.378	
012_6GS	2	6	2	2	2	0.598	
012_6GS	2	7	2	2	2	0.380	
012_6GS	2	8	2	2	2	0.353	
012_6GS	2	9	2	2	2	0.326	
012_6GS	2	10	1	1	1	0.389	
012_6GS	2	11	1	1	1	0.447	
012_6GS	2	12	2	2	2	0.459	
012_6GS	2	13	1	2	2	0.445	
012_6GS	2	14	1	1	1	0.377	
012_6GS	2	15	1	1	1	0.342	
012_6GS	2	16	1	2	2	0.386	
012_6GS	2	17	2	2	1	0.409	
012_6GS	2	18	1	2	2	0.317	
012_6GS	2	19	2	1	1	0.688	
012_6GS	2	20	1	2	2	0.443	
012_6GS	2	21	2	1	1	0.459	
012_6GS	2	22	1	1	1	0.357	
012_6GS	2	23	2	2	2	0.434	
012_6GS	2	24	2	1	1	0.374	
012_6GS	2	25	1	1	1	0.326	
012_6GS	2	26	2	2	2	0.566	
012_6GS	2	27	1	2	2	0.313	
012_6GS	2	28	2	2	2	0.341	
012_6GS	2	29	2	2	2	0.361	
012_6GS	2	30	1	2	2	0.327	
012_6GS	2	31	1	2	2	0.351	
012_6GS	2	32	1	1	1	0.396	
012_6GS	2	33	1	2	2	0.383	
012_6GS	2	34	2	1	1	0.393	
012_6GS	2	35	1	2	2	0.377	
012_6GS	2	36	2	2	2	0.336	
012_6GS	2	37	2	2	2	0.363	
012_6GS	2	38	2	1	1	0.538	
012_6GS	2	39	2	2	2	0.533	
012_6GS	2	40	2	1	1	0.426	
012_6GS	2	41	1	1	1	0.340	
012_6GS	2	42	1	2	2	0.424	
012_6GS	2	43	1	1	1	0.397	
012_6GS	2	44	2	1	1	0.421	
012_6GS	2	45	1	2	2	0.413	
012_6GS	2	46	2	1	1	0.426	
012_6GS	2	47	1	1	1	0.372	
012_6GS	2	48	1	1	1	0.367	
012_6GS	2	49	2	1	1	0.436	
012_6GS	2	50	2	2	1	0.359	
012_6GS	2	51	1	1	1	0.442	
012_6GS	2	52	1	1	1	0.400	
012_6GS	2	53	2	1	1	0.362	
012_6GS	2	54	2	1	1	0.357	
012_6GS	2	55	2	1	1	0.385	
012_6GS	3	0	2	1	1	0.467	
012_6GS	3	1	2	1	1	0.440	
012_6GS	3	2	2	2	2	0.438	
012_6GS	3	3	1	2	2	0.399	
012_6GS	3	4	1	2	2	0.386	
012_6GS	3	5	2	2	2	0.448	
012_6GS	3	6	1	1	1	0.421	
012_6GS	3	7	1	1	1	0.353	
012_6GS	3	8	2	2	2	0.415	
012_6GS	3	9	2	2	2	0.431	
012_6GS	3	10	2	1	1	0.445	
012_6GS	3	11	2	1	1	0.404	
012_6GS	3	12	2	1	1	0.396	
012_6GS	3	13	1	2	2	0.393	
012_6GS	3	14	1	1	1	0.573	
012_6GS	3	15	2	2	2	0.417	
012_6GS	3	16	1	1	1	0.380	
012_6GS	3	17	2	2	2	0.647	
012_6GS	3	18	1	1	1	0.466	
012_6GS	3	19	1	2	2	0.442	
012_6GS	3	20	1	1	1	0.369	
012_6GS	3	21	1	2	2	0.354	
012_6GS	3	22	2	2	2	0.437	
012_6GS	3	23	1	2	2	0.365	
012_6GS	3	24	1	1	1	0.332	
012_6GS	3	25	1	2	2	0.775	
012_6GS	3	26	2	1	1	0.682	
012_6GS	3	27	1	2	2	0.429	
012_6GS	3	28	2	2	2	0.546	
012_6GS	3	29	2	1	1	0.408	
012_6GS	3	30	2	1	1	0.377	
012_6GS	3	31	2	2	2	0.353	
012_6GS	3	32	2	1	1	0.392	
012_6GS	3	33	2	2	1	0.398	
012_6GS	3	34	2	2	2	0.373	
012_6GS	3	35	1	1	1	0.512	
012_6GS	3	36	1	2	2	0.406	
012_6GS	3	37	2	2	2	0.397	
012_6GS	3	38	2	1	1	0.436	
012_6GS	3	39	1	1	1	0.363	
012_6GS	3	40	2	1	1	0.406	
012_6GS	3	41	2	1	1	0.387	
012_6GS	3	42	1	2	2	0.342	
012_6GS	3	43	2	1	1	0.380	
012_6GS	3	44	1	1	1	0.353	
012_6GS	3	45	1	1	1	0.377	
012_6GS	3	46	1	2	2	0.371	
012_6GS	3	47	1	2	2	0.546	
012_6GS	3	48	1	1	1	0.387	
012_6GS	3	49	2	2	2	0.384	
012_6GS	3	50	1	2	2	0.331	
012_6GS	3	51	2	2	2	0.553	
012_6GS	3	52	1	1	1	0.405	
012_6GS	3	53	2	1	1	0.404	
012_6GS	3	54	1	2	2	0.349	
012_6GS	3	55	1	1	1	0.362	
