sub	block	trial	congr	stim	resp	RT	
015_5GS	0	0	1	1	1	0.576	
015_5GS	0	1	1	1	1	0.456	
015_5GS	0	2	1	1	1	0.413	
015_5GS	0	3	1	1	1	0.502	
015_5GS	0	4	2	1	1	0.633	
015_5GS	0	5	1	2	2	0.514	
015_5GS	0	6	2	2	2	0.475	
015_5GS	0	7	1	2	2	0.450	
015_5GS	0	8	1	2	2	0.382	
015_5GS	0	9	2	1	1	0.511	
015_5GS	0	10	2	1	1	0.607	
015_5GS	0	11	2	1	1	0.506	
015_5GS	0	12	1	2	2	0.443	
015_5GS	0	13	2	2	2	0.389	
015_5GS	0	14	1	1	1	0.469	
015_5GS	0	15	2	1	1	0.575	
015_5GS	0	16	1	2	2	0.463	
015_5GS	0	17	2	2	1	0.473	
015_5GS	0	18	2	2	2	0.619	
015_5GS	0	19	2	2	2	0.766	
015_5GS	0	20	1	2	2	0.433	
015_5GS	0	21	1	2	2	0.471	
015_5GS	0	22	2	2	2	0.537	
015_5GS	0	23	2	1	1	0.573	
015_5GS	0	24	1	1	1	0.461	
015_5GS	0	25	1	2	2	0.506	
015_5GS	0	26	2	2	2	0.474	
015_5GS	0	27	2	1	1	0.552	
015_5GS	0	28	1	2	2	0.453	
015_5GS	0	29	1	1	1	0.455	
015_5GS	0	30	1	1	1	0.475	
015_5GS	0	31	2	2	2	0.499	
015_5GS	0	32	1	1	1	0.459	
015_5GS	0	33	2	2	2	0.431	
015_5GS	0	34	2	1	1	0.589	
015_5GS	0	35	1	1	1	0.507	
015_5GS	0	36	1	2	2	0.467	
015_5GS	0	37	2	2	2	0.475	
015_5GS	0	38	1	1	1	0.458	
015_5GS	0	39	1	2	2	0.397	
015_5GS	0	40	2	1	1	0.455	
015_5GS	0	41	2	1	1	0.427	
015_5GS	0	42	1	1	1	0.444	
015_5GS	0	43	2	1	1	0.458	
015_5GS	0	44	2	2	2	0.496	
015_5GS	0	45	2	1	1	0.531	
015_5GS	0	46	2	2	2	0.468	
015_5GS	0	47	2	2	2	0.531	
015_5GS	0	48	1	2	2	0.394	
015_5GS	0	49	2	2	2	0.489	
015_5GS	0	50	1	1	1	0.547	
015_5GS	0	51	2	1	1	0.456	
015_5GS	0	52	2	1	1	0.486	
015_5GS	0	53	1	2	2	0.490	
015_5GS	0	54	1	1	1	0.468	
015_5GS	0	55	1	2	2	0.475	
015_5GS	1	0	2	2	2	1.176	
015_5GS	1	1	1	1	1	0.486	
015_5GS	1	2	2	2	2	0.466	
015_5GS	1	3	1	2	2	0.395	
015_5GS	1	4	1	1	1	0.467	
015_5GS	1	5	1	2	2	0.479	
015_5GS	1	6	1	2	2	0.431	
015_5GS	1	7	1	1	1	0.505	
015_5GS	1	8	1	1	1	0.436	
015_5GS	1	9	1	1	1	0.433	
015_5GS	1	10	1	1	1	0.429	
015_5GS	1	11	1	1	1	0.464	
015_5GS	1	12	2	1	1	0.570	
015_5GS	1	13	2	2	2	0.492	
015_5GS	1	14	2	2	2	0.537	
015_5GS	1	15	1	2	2	0.477	
015_5GS	1	16	2	1	1	0.501	
015_5GS	1	17	2	1	1	0.443	
015_5GS	1	18	1	1	1	0.458	
015_5GS	1	19	1	2	2	0.483	
015_5GS	1	20	2	1	1	0.537	
015_5GS	1	21	2	2	2	0.533	
015_5GS	1	22	2	1	1	0.473	
015_5GS	1	23	2	1	1	0.553	
015_5GS	1	24	2	1	1	0.520	
015_5GS	1	25	2	2	2	0.516	
015_5GS	1	26	2	2	2	0.506	
015_5GS	1	27	1	2	2	0.377	
015_5GS	1	28	1	2	2	0.446	
015_5GS	1	29	2	2	2	0.729	
015_5GS	1	30	2	1	1	0.592	
015_5GS	1	31	1	1	1	0.417	
015_5GS	1	32	1	1	1	0.459	
015_5GS	1	33	1	2	2	0.433	
015_5GS	1	34	2	2	2	0.461	
015_5GS	1	35	1	1	1	0.456	
015_5GS	1	36	2	2	2	0.435	
015_5GS	1	37	2	1	1	0.543	
015_5GS	1	38	1	2	2	0.423	
015_5GS	1	39	2	1	1	0.489	
015_5GS	1	40	2	2	2	0.582	
015_5GS	1	41	1	1	1	0.435	
015_5GS	1	42	2	2	2	0.527	
015_5GS	1	43	1	2	2	0.434	
015_5GS	1	44	2	1	1	0.520	
015_5GS	1	45	1	2	2	0.451	
015_5GS	1	46	1	1	1	0.503	
015_5GS	1	47	2	1	1	0.573	
015_5GS	1	48	2	1	1	0.481	
015_5GS	1	49	2	2	2	0.488	
015_5GS	1	50	1	2	2	0.393	
015_5GS	1	51	2	1	1	0.507	
015_5GS	1	52	1	1	1	0.470	
015_5GS	1	53	1	2	2	0.472	
015_5GS	1	54	2	2	2	0.785	
015_5GS	1	55	1	2	2	0.623	
015_5GS	2	0	1	1	1	1.160	
015_5GS	2	1	1	1	1	0.596	
015_5GS	2	2	1	1	1	0.512	
015_5GS	2	3	2	1	1	0.711	
015_5GS	2	4	1	2	2	0.407	
015_5GS	2	5	1	2	2	0.406	
015_5GS	2	6	1	2	2	0.504	
015_5GS	2	7	1	2	2	0.372	
015_5GS	2	8	2	2	2	0.484	
015_5GS	2	9	1	1	1	0.504	
015_5GS	2	10	2	1	1	0.635	
015_5GS	2	11	2	2	2	0.495	
015_5GS	2	12	2	1	1	0.508	
015_5GS	2	13	2	2	2	0.591	
015_5GS	2	14	2	1	1	0.491	
015_5GS	2	15	1	1	1	0.451	
015_5GS	2	16	1	2	2	0.427	
015_5GS	2	17	1	1	1	0.458	
015_5GS	2	18	1	2	2	0.475	
015_5GS	2	19	1	2	2	0.509	
015_5GS	2	20	1	1	1	0.391	
015_5GS	2	21	2	1	1	0.572	
015_5GS	2	22	2	1	1	0.538	
015_5GS	2	23	2	1	1	0.700	
015_5GS	2	24	1	1	1	0.467	
015_5GS	2	25	1	1	1	0.412	
015_5GS	2	26	2	1	1	0.623	
015_5GS	2	27	1	1	1	0.451	
015_5GS	2	28	2	1	1	0.553	
015_5GS	2	29	1	1	1	0.455	
015_5GS	2	30	2	2	2	0.660	
015_5GS	2	31	2	1	1	0.531	
015_5GS	2	32	2	2	2	0.575	
015_5GS	2	33	2	1	1	0.480	
015_5GS	2	34	2	2	2	0.473	
015_5GS	2	35	2	1	1	0.489	
015_5GS	2	36	1	2	2	0.429	
015_5GS	2	37	1	2	2	0.449	
015_5GS	2	38	2	2	2	0.541	
015_5GS	2	39	2	2	2	0.557	
015_5GS	2	40	2	2	2	0.568	
015_5GS	2	41	2	2	2	0.510	
015_5GS	2	42	1	2	2	0.507	
015_5GS	2	43	1	2	2	0.531	
015_5GS	2	44	1	2	2	0.438	
015_5GS	2	45	1	1	1	0.514	
015_5GS	2	46	2	2	2	0.509	
015_5GS	2	47	2	2	2	0.711	
015_5GS	2	48	1	2	2	0.510	
015_5GS	2	49	1	2	2	0.626	
015_5GS	2	50	1	1	1	0.464	
015_5GS	2	51	2	2	2	0.540	
015_5GS	2	52	2	1	1	0.466	
015_5GS	2	53	1	1	1	0.438	
015_5GS	2	54	2	1	1	0.617	
015_5GS	2	55	2	2	2	0.556	
015_5GS	3	0	1	2	2	0.524	
015_5GS	3	1	2	1	1	0.536	
015_5GS	3	2	2	1	1	0.637	
015_5GS	3	3	1	1	1	0.487	
015_5GS	3	4	2	2	2	0.545	
015_5GS	3	5	1	2	2	0.444	
015_5GS	3	6	1	2	2	0.559	
015_5GS	3	7	2	1	1	0.512	
015_5GS	3	8	1	2	2	0.467	
015_5GS	3	9	2	2	2	0.547	
015_5GS	3	10	1	1	1	0.532	
015_5GS	3	11	2	1	1	0.619	
015_5GS	3	12	2	1	1	0.564	
015_5GS	3	13	2	2	2	0.504	
015_5GS	3	14	2	2	2	0.527	
015_5GS	3	15	1	1	1	0.641	
015_5GS	3	16	2	2	2	0.547	
015_5GS	3	17	2	2	2	0.563	
015_5GS	3	18	1	1	1	0.482	
015_5GS	3	19	2	2	2	0.639	
015_5GS	3	20	2	2	2	0.514	
015_5GS	3	21	2	1	1	0.548	
015_5GS	3	22	2	1	1	0.656	
015_5GS	3	23	2	2	2	0.541	
015_5GS	3	24	1	2	2	0.537	
015_5GS	3	25	1	2	2	0.441	
015_5GS	3	26	1	2	2	0.442	
015_5GS	3	27	1	1	1	0.500	
015_5GS	3	28	2	1	1	0.546	
015_5GS	3	29	1	1	1	0.581	
015_5GS	3	30	1	1	1	0.565	
015_5GS	3	31	1	1	1	0.491	
015_5GS	3	32	1	2	2	0.460	
015_5GS	3	33	2	2	2	0.523	
015_5GS	3	34	1	2	2	0.481	
015_5GS	3	35	1	1	1	0.507	
015_5GS	3	36	1	2	2	0.488	
015_5GS	3	37	1	2	2	0.538	
015_5GS	3	38	1	1	1	0.647	
015_5GS	3	39	1	1	1	0.477	
015_5GS	3	40	1	2	2	0.553	
015_5GS	3	41	1	1	1	0.587	
015_5GS	3	42	2	1	1	0.565	
015_5GS	3	43	2	2	2	0.633	
015_5GS	3	44	1	1	1	0.508	
015_5GS	3	45	1	2	2	0.441	
015_5GS	3	46	2	2	2	0.494	
015_5GS	3	47	2	1	1	0.619	
015_5GS	3	48	2	2	2	0.490	
015_5GS	3	49	2	1	1	0.523	
015_5GS	3	50	1	2	2	0.586	
015_5GS	3	51	1	1	1	0.476	
015_5GS	3	52	2	1	1	0.559	
015_5GS	3	53	2	1	1	0.552	
015_5GS	3	54	2	1	1	0.626	
015_5GS	3	55	2	2	2	0.540	
