sub	block	trial	congr	stim	resp	RT	
009_3DB	0	0	2	2	2	0.884	
009_3DB	0	1	2	1	1	0.565	
009_3DB	0	2	2	2	2	0.640	
009_3DB	0	3	1	2	2	0.547	
009_3DB	0	4	2	1	1	0.675	
009_3DB	0	5	1	1	1	0.501	
009_3DB	0	6	1	1	1	0.459	
009_3DB	0	7	1	1	1	0.445	
009_3DB	0	8	1	2	2	0.546	
009_3DB	0	9	2	1	1	0.630	
009_3DB	0	10	1	2	2	0.556	
009_3DB	0	11	2	1	1	0.598	
009_3DB	0	12	1	1	1	0.503	
009_3DB	0	13	1	1	1	0.463	
009_3DB	0	14	2	2	2	0.540	
009_3DB	0	15	1	1	1	0.432	
009_3DB	0	16	2	2	2	0.585	
009_3DB	0	17	1	2	2	0.491	
009_3DB	0	18	1	1	1	0.450	
009_3DB	0	19	1	2	2	0.466	
009_3DB	0	20	2	1	1	0.557	
009_3DB	0	21	1	1	1	0.445	
009_3DB	0	22	2	1	1	0.562	
009_3DB	0	23	2	2	2	0.636	
009_3DB	0	24	1	1	1	0.439	
009_3DB	0	25	1	1	1	0.488	
009_3DB	0	26	2	2	2	0.505	
009_3DB	0	27	2	2	2	0.562	
009_3DB	0	28	1	1	1	0.445	
009_3DB	0	29	1	1	1	0.432	
009_3DB	0	30	2	1	1	0.546	
009_3DB	0	31	1	2	2	0.515	
009_3DB	0	32	2	2	2	0.610	
009_3DB	0	33	2	2	2	0.647	
009_3DB	0	34	1	2	2	0.430	
009_3DB	0	35	2	1	1	0.537	
009_3DB	0	36	1	2	2	0.465	
009_3DB	0	37	2	1	1	0.511	
009_3DB	0	38	2	1	1	0.594	
009_3DB	0	39	2	2	2	0.512	
009_3DB	0	40	2	2	2	0.640	
009_3DB	0	41	1	1	1	0.561	
009_3DB	0	42	2	2	2	0.587	
009_3DB	0	43	1	2	2	0.474	
009_3DB	0	44	2	2	2	0.567	
009_3DB	0	45	1	2	2	0.527	
009_3DB	0	46	2	1	1	0.558	
009_3DB	0	47	1	2	2	0.430	
009_3DB	0	48	2	1	1	0.538	
009_3DB	0	49	1	1	1	0.489	
009_3DB	0	50	2	1	1	0.553	
009_3DB	0	51	2	1	1	0.553	
009_3DB	0	52	1	2	2	0.507	
009_3DB	0	53	1	2	2	0.462	
009_3DB	0	54	1	2	2	0.399	
009_3DB	0	55	2	2	2	0.623	
009_3DB	1	0	1	1	1	0.575	
009_3DB	1	1	1	2	2	0.459	
009_3DB	1	2	2	1	1	0.554	
009_3DB	1	3	1	2	2	0.510	
009_3DB	1	4	1	1	1	0.496	
009_3DB	1	5	1	1	1	0.431	
009_3DB	1	6	1	2	2	0.780	
009_3DB	1	7	2	1	1	0.513	
009_3DB	1	8	2	1	1	0.587	
009_3DB	1	9	1	2	2	0.513	
009_3DB	1	10	2	1	1	0.533	
009_3DB	1	11	1	2	2	0.546	
009_3DB	1	12	1	2	2	0.505	
009_3DB	1	13	2	2	2	0.551	
009_3DB	1	14	1	1	1	0.506	
009_3DB	1	15	2	2	2	0.496	
009_3DB	1	16	2	1	1	0.537	
009_3DB	1	17	2	2	2	0.599	
009_3DB	1	18	1	1	1	0.567	
009_3DB	1	19	2	2	2	0.502	
009_3DB	1	20	2	1	1	0.563	
009_3DB	1	21	1	1	1	0.490	
009_3DB	1	22	1	1	1	0.566	
009_3DB	1	23	1	1	1	0.449	
009_3DB	1	24	2	2	2	0.591	
009_3DB	1	25	1	2	2	0.534	
009_3DB	1	26	1	2	2	0.487	
009_3DB	1	27	2	1	1	0.507	
009_3DB	1	28	1	1	1	0.448	
009_3DB	1	29	2	2	2	0.529	
009_3DB	1	30	2	1	1	0.513	
009_3DB	1	31	2	1	2	0.365	
009_3DB	1	32	1	2	2	0.567	
009_3DB	1	33	1	2	2	0.491	
009_3DB	1	34	2	2	2	0.621	
009_3DB	1	35	1	2	2	0.526	
009_3DB	1	36	1	2	2	0.483	
009_3DB	1	37	2	2	2	0.586	
009_3DB	1	38	2	2	2	0.566	
009_3DB	1	39	1	1	1	0.486	
009_3DB	1	40	1	2	2	0.546	
009_3DB	1	41	2	2	2	0.632	
009_3DB	1	42	1	2	2	0.477	
009_3DB	1	43	2	1	1	0.603	
009_3DB	1	44	2	2	2	0.532	
009_3DB	1	45	2	2	2	0.557	
009_3DB	1	46	1	1	1	0.528	
009_3DB	1	47	2	2	2	0.669	
009_3DB	1	48	2	2	2	0.535	
009_3DB	1	49	1	1	1	0.500	
009_3DB	1	50	2	1	1	0.586	
009_3DB	1	51	2	1	1	0.580	
009_3DB	1	52	2	1	1	0.511	
009_3DB	1	53	2	1	1	0.567	
009_3DB	1	54	1	1	1	0.523	
009_3DB	1	55	1	1	1	0.484	
009_3DB	2	0	2	1	1	0.545	
009_3DB	2	1	1	1	1	0.520	
009_3DB	2	2	1	2	2	0.751	
009_3DB	2	3	1	2	2	0.552	
009_3DB	2	4	2	1	1	0.583	
009_3DB	2	5	2	2	2	0.596	
009_3DB	2	6	2	2	2	0.574	
009_3DB	2	7	1	2	2	0.504	
009_3DB	2	8	2	1	1	0.536	
009_3DB	2	9	1	2	2	0.522	
009_3DB	2	10	1	1	1	0.463	
009_3DB	2	11	1	1	1	0.433	
009_3DB	2	12	2	1	1	0.585	
009_3DB	2	13	2	1	1	0.574	
009_3DB	2	14	2	2	2	0.623	
009_3DB	2	15	2	1	1	0.564	
009_3DB	2	16	2	1	1	0.595	
009_3DB	2	17	1	1	1	0.469	
009_3DB	2	18	1	2	2	0.484	
009_3DB	2	19	1	1	1	0.586	
009_3DB	2	20	1	2	2	0.572	
009_3DB	2	21	1	2	2	0.499	
009_3DB	2	22	2	1	1	0.516	
009_3DB	2	23	1	1	1	0.484	
009_3DB	2	24	2	2	2	0.625	
009_3DB	2	25	1	2	2	0.483	
009_3DB	2	26	2	2	2	0.756	
009_3DB	2	27	1	1	1	0.503	
009_3DB	2	28	2	1	1	0.499	
009_3DB	2	29	2	2	2	0.558	
009_3DB	2	30	2	2	2	0.526	
009_3DB	2	31	1	1	1	0.473	
009_3DB	2	32	1	2	2	0.532	
009_3DB	2	33	1	1	1	0.502	
009_3DB	2	34	2	1	1	0.612	
009_3DB	2	35	2	1	1	0.490	
009_3DB	2	36	2	1	1	0.583	
009_3DB	2	37	1	1	1	0.465	
009_3DB	2	38	2	2	2	0.581	
009_3DB	2	39	1	2	2	0.475	
009_3DB	2	40	2	2	2	0.593	
009_3DB	2	41	2	2	2	0.630	
009_3DB	2	42	1	2	2	0.506	
009_3DB	2	43	1	2	2	0.480	
009_3DB	2	44	2	2	2	0.559	
009_3DB	2	45	1	2	2	0.466	
009_3DB	2	46	1	1	1	0.526	
009_3DB	2	47	2	2	2	0.572	
009_3DB	2	48	1	2	2	0.519	
009_3DB	2	49	2	1	1	0.799	
009_3DB	2	50	2	2	2	0.535	
009_3DB	2	51	2	2	2	0.519	
009_3DB	2	52	1	1	1	0.478	
009_3DB	2	53	1	1	1	0.447	
009_3DB	2	54	2	1	1	0.571	
009_3DB	2	55	1	1	1	0.500	
009_3DB	3	0	2	2	2	0.823	
009_3DB	3	1	1	2	2	0.486	
009_3DB	3	2	2	1	1	0.531	
009_3DB	3	3	2	1	1	0.542	
009_3DB	3	4	1	1	1	0.484	
009_3DB	3	5	1	1	1	0.511	
009_3DB	3	6	2	2	2	0.484	
009_3DB	3	7	1	1	1	0.410	
009_3DB	3	8	2	2	2	0.596	
009_3DB	3	9	2	1	1	0.552	
009_3DB	3	10	1	1	1	0.461	
009_3DB	3	11	2	1	1	0.627	
009_3DB	3	12	1	2	2	0.522	
009_3DB	3	13	1	2	2	0.506	
009_3DB	3	14	2	1	1	0.631	
009_3DB	3	15	1	1	1	0.441	
009_3DB	3	16	2	2	2	0.579	
009_3DB	3	17	2	1	1	0.603	
009_3DB	3	18	2	1	1	0.558	
009_3DB	3	19	1	1	1	0.465	
009_3DB	3	20	2	2	2	0.496	
009_3DB	3	21	1	2	2	0.586	
009_3DB	3	22	1	2	2	0.470	
009_3DB	3	23	1	1	1	0.518	
009_3DB	3	24	1	2	2	0.655	
009_3DB	3	25	2	2	2	0.746	
009_3DB	3	26	2	2	2	0.594	
009_3DB	3	27	2	1	1	0.625	
009_3DB	3	28	1	2	2	0.508	
009_3DB	3	29	1	2	2	0.494	
009_3DB	3	30	1	1	1	0.635	
009_3DB	3	31	1	1	1	0.513	
009_3DB	3	32	1	1	1	0.476	
009_3DB	3	33	2	1	1	0.617	
009_3DB	3	34	1	1	1	0.531	
009_3DB	3	35	2	2	2	0.767	
009_3DB	3	36	1	2	2	0.501	
009_3DB	3	37	2	2	2	0.511	
009_3DB	3	38	2	1	1	0.553	
009_3DB	3	39	2	1	1	0.685	
009_3DB	3	40	1	1	1	0.501	
009_3DB	3	41	2	2	2	0.574	
009_3DB	3	42	2	2	2	0.509	
009_3DB	3	43	1	2	2	0.508	
009_3DB	3	44	2	2	2	0.554	
009_3DB	3	45	2	1	1	0.569	
009_3DB	3	46	2	2	2	0.573	
009_3DB	3	47	1	2	2	0.531	
009_3DB	3	48	1	1	1	0.433	
009_3DB	3	49	1	2	2	0.466	
009_3DB	3	50	2	2	2	0.608	
009_3DB	3	51	2	1	1	0.566	
009_3DB	3	52	1	1	1	0.509	
009_3DB	3	53	2	1	1	0.571	
009_3DB	3	54	1	2	2	0.508	
009_3DB	3	55	1	2	2	0.456	
