sub	block	trial	congr	stim	resp	RT	
002_3DB	0	0	2	1	1	0.786	
002_3DB	0	1	1	2	2	0.477	
002_3DB	0	2	2	2	2	0.529	
002_3DB	0	3	1	1	1	0.386	
002_3DB	0	4	2	2	2	0.480	
002_3DB	0	5	2	2	2	0.681	
002_3DB	0	6	1	2	2	0.426	
002_3DB	0	7	2	2	2	0.455	
002_3DB	0	8	2	1	1	0.404	
002_3DB	0	9	1	2	2	0.445	
002_3DB	0	10	1	1	1	0.354	
002_3DB	0	11	2	2	2	0.362	
002_3DB	0	12	2	1	1	0.515	
002_3DB	0	13	2	2	2	0.448	
002_3DB	0	14	1	2	2	0.444	
002_3DB	0	15	1	2	2	0.564	
002_3DB	0	16	1	2	2	0.355	
002_3DB	0	17	2	2	2	0.639	
002_3DB	0	18	2	1	1	0.465	
002_3DB	0	19	1	2	2	0.397	
002_3DB	0	20	1	1	1	0.420	
002_3DB	0	21	1	2	2	0.434	
002_3DB	0	22	2	1	1	0.416	
002_3DB	0	23	2	2	2	0.456	
002_3DB	0	24	2	2	2	0.477	
002_3DB	0	25	2	1	1	0.392	
002_3DB	0	26	2	1	1	0.407	
002_3DB	0	27	1	1	1	0.438	
002_3DB	0	28	1	2	2	0.398	
002_3DB	0	29	2	1	1	0.445	
002_3DB	0	30	1	2	2	0.428	
002_3DB	0	31	1	1	1	0.352	
002_3DB	0	32	2	2	2	0.464	
002_3DB	0	33	2	2	2	0.450	
002_3DB	0	34	2	1	1	0.473	
002_3DB	0	35	1	1	1	0.362	
002_3DB	0	36	2	1	1	0.401	
002_3DB	0	37	1	1	1	0.372	
002_3DB	0	38	1	1	1	0.354	
002_3DB	0	39	1	1	1	0.329	
002_3DB	0	40	1	2	2	0.434	
002_3DB	0	41	2	1	1	0.421	
002_3DB	0	42	1	1	1	0.415	
002_3DB	0	43	1	1	1	0.484	
002_3DB	0	44	2	1	1	0.493	
002_3DB	0	45	2	2	2	0.443	
002_3DB	0	46	2	1	1	0.452	
002_3DB	0	47	1	1	1	0.501	
002_3DB	0	48	1	2	2	0.390	
002_3DB	0	49	2	2	2	0.409	
002_3DB	0	50	1	1	1	0.402	
002_3DB	0	51	1	1	1	0.380	
002_3DB	0	52	2	1	1	0.617	
002_3DB	0	53	2	2	2	0.441	
002_3DB	0	54	1	2	2	0.378	
002_3DB	0	55	1	2	2	0.408	
002_3DB	1	0	2	1	1	0.515	
002_3DB	1	1	1	1	1	0.448	
002_3DB	1	2	2	2	2	0.389	
002_3DB	1	3	1	1	1	0.447	
002_3DB	1	4	2	2	2	0.434	
002_3DB	1	5	1	2	2	0.384	
002_3DB	1	6	2	1	1	0.450	
002_3DB	1	7	1	2	2	0.428	
002_3DB	1	8	2	1	1	0.417	
002_3DB	1	9	1	1	1	0.395	
002_3DB	1	10	2	1	1	0.480	
002_3DB	1	11	2	2	2	0.474	
002_3DB	1	12	1	1	1	0.387	
002_3DB	1	13	2	2	2	0.451	
002_3DB	1	14	2	1	1	0.398	
002_3DB	1	15	2	2	2	0.490	
002_3DB	1	16	2	2	2	0.394	
002_3DB	1	17	2	2	2	0.467	
002_3DB	1	18	2	1	1	0.565	
002_3DB	1	19	2	2	2	0.530	
002_3DB	1	20	1	2	2	0.364	
002_3DB	1	21	1	2	2	0.372	
002_3DB	1	22	1	2	2	0.359	
002_3DB	1	23	1	2	2	0.358	
002_3DB	1	24	2	1	1	0.468	
002_3DB	1	25	1	2	2	0.426	
002_3DB	1	26	2	2	1	0.369	
002_3DB	1	27	2	2	2	0.696	
002_3DB	1	28	2	1	1	0.487	
002_3DB	1	29	2	2	2	0.444	
002_3DB	1	30	1	2	2	0.372	
002_3DB	1	31	1	1	1	0.427	
002_3DB	1	32	2	1	1	0.601	
002_3DB	1	33	1	1	1	0.407	
002_3DB	1	34	1	1	1	0.411	
002_3DB	1	35	1	2	2	0.563	
002_3DB	1	36	1	2	2	0.359	
002_3DB	1	37	2	1	1	0.482	
002_3DB	1	38	1	2	2	0.437	
002_3DB	1	39	1	1	1	0.450	
002_3DB	1	40	1	1	1	0.512	
002_3DB	1	41	1	1	1	0.425	
002_3DB	1	42	1	2	2	0.442	
002_3DB	1	43	2	1	1	0.473	
002_3DB	1	44	1	1	1	0.390	
002_3DB	1	45	2	1	1	0.488	
002_3DB	1	46	1	1	1	0.411	
002_3DB	1	47	1	1	1	0.413	
002_3DB	1	48	2	2	2	0.411	
002_3DB	1	49	1	1	1	0.400	
002_3DB	1	50	2	2	2	0.384	
002_3DB	1	51	1	2	2	0.424	
002_3DB	1	52	2	1	1	0.486	
002_3DB	1	53	2	2	2	0.531	
002_3DB	1	54	2	1	1	0.462	
002_3DB	1	55	1	2	2	0.370	
002_3DB	2	0	1	1	1	0.487	
002_3DB	2	1	2	2	2	0.515	
002_3DB	2	2	1	2	2	0.437	
002_3DB	2	3	2	1	1	0.485	
002_3DB	2	4	1	2	2	0.388	
002_3DB	2	5	1	1	1	0.398	
002_3DB	2	6	1	1	1	0.380	
002_3DB	2	7	1	1	1	0.407	
002_3DB	2	8	1	1	1	0.388	
002_3DB	2	9	1	1	1	0.433	
002_3DB	2	10	2	2	2	0.437	
002_3DB	2	11	2	2	2	0.421	
002_3DB	2	12	2	2	2	0.403	
002_3DB	2	13	2	1	1	0.640	
002_3DB	2	14	1	1	1	0.425	
002_3DB	2	15	1	2	2	0.555	
002_3DB	2	16	2	1	1	0.631	
002_3DB	2	17	2	2	2	0.470	
002_3DB	2	18	1	2	2	0.483	
002_3DB	2	19	2	1	1	0.482	
002_3DB	2	20	1	2	2	0.470	
002_3DB	2	21	1	1	1	0.414	
002_3DB	2	22	2	2	2	0.486	
002_3DB	2	23	2	2	2	0.503	
002_3DB	2	24	1	1	1	0.363	
002_3DB	2	25	2	2	2	0.444	
002_3DB	2	26	2	1	1	0.452	
002_3DB	2	27	2	1	1	0.558	
002_3DB	2	28	2	2	2	0.444	
002_3DB	2	29	1	2	2	0.379	
002_3DB	2	30	2	2	2	0.416	
002_3DB	2	31	1	2	2	0.469	
002_3DB	2	32	2	1	1	0.470	
002_3DB	2	33	2	1	1	0.491	
002_3DB	2	34	1	2	2	0.431	
002_3DB	2	35	1	2	2	0.418	
002_3DB	2	36	2	1	1	0.459	
002_3DB	2	37	1	2	2	0.474	
002_3DB	2	38	1	1	1	0.441	
002_3DB	2	39	2	1	1	0.551	
002_3DB	2	40	2	1	1	0.506	
002_3DB	2	41	1	2	2	0.437	
002_3DB	2	42	1	2	2	0.466	
002_3DB	2	43	1	1	1	0.403	
002_3DB	2	44	1	2	2	0.478	
002_3DB	2	45	1	1	1	0.362	
002_3DB	2	46	2	2	2	0.520	
002_3DB	2	47	1	1	1	0.382	
002_3DB	2	48	2	1	1	0.487	
002_3DB	2	49	2	1	1	0.471	
002_3DB	2	50	2	2	2	0.497	
002_3DB	2	51	2	2	2	0.462	
002_3DB	2	52	2	1	1	0.473	
002_3DB	2	53	1	2	2	0.590	
002_3DB	2	54	1	1	1	0.401	
002_3DB	2	55	2	2	2	0.456	
002_3DB	3	0	1	2	2	0.441	
002_3DB	3	1	2	2	1	0.422	
002_3DB	3	2	2	2	2	0.552	
002_3DB	3	3	2	2	2	0.529	
002_3DB	3	4	1	2	2	0.382	
002_3DB	3	5	2	2	2	0.528	
002_3DB	3	6	1	2	2	0.369	
002_3DB	3	7	1	1	1	0.395	
002_3DB	3	8	1	1	1	0.597	
002_3DB	3	9	2	1	1	0.642	
002_3DB	3	10	2	2	2	0.462	
002_3DB	3	11	2	1	1	0.494	
002_3DB	3	12	2	1	1	0.514	
002_3DB	3	13	2	2	2	0.456	
002_3DB	3	14	2	1	1	0.468	
002_3DB	3	15	2	2	2	0.560	
002_3DB	3	16	1	1	1	0.603	
002_3DB	3	17	1	2	2	0.420	
002_3DB	3	18	1	1	1	0.360	
002_3DB	3	19	1	1	1	0.351	
002_3DB	3	20	2	1	1	0.538	
002_3DB	3	21	1	2	2	0.416	
002_3DB	3	22	2	2	1	0.396	
002_3DB	3	23	1	1	1	0.524	
002_3DB	3	24	2	1	1	0.558	
002_3DB	3	25	2	1	1	0.478	
002_3DB	3	26	2	1	1	0.432	
002_3DB	3	27	1	1	1	0.418	
002_3DB	3	28	1	1	1	0.380	
002_3DB	3	29	1	2	2	0.439	
002_3DB	3	30	2	2	2	0.539	
002_3DB	3	31	2	2	2	0.442	
002_3DB	3	32	2	2	2	0.531	
002_3DB	3	33	2	1	1	0.545	
002_3DB	3	34	1	2	2	0.408	
002_3DB	3	35	1	2	2	0.414	
002_3DB	3	36	1	1	1	0.468	
002_3DB	3	37	2	1	1	0.485	
002_3DB	3	38	2	1	1	0.595	
002_3DB	3	39	1	1	1	0.441	
002_3DB	3	40	2	2	2	0.724	
002_3DB	3	41	2	2	2	0.441	
002_3DB	3	42	1	1	1	0.437	
002_3DB	3	43	1	2	2	0.373	
002_3DB	3	44	1	1	1	0.367	
002_3DB	3	45	1	2	2	0.359	
002_3DB	3	46	1	2	2	0.407	
002_3DB	3	47	1	1	1	0.405	
002_3DB	3	48	2	1	1	0.535	
002_3DB	3	49	1	2	2	0.397	
002_3DB	3	50	2	2	2	0.582	
002_3DB	3	51	2	1	1	0.491	
002_3DB	3	52	1	1	1	0.425	
002_3DB	3	53	1	2	2	0.382	
002_3DB	3	54	1	2	2	0.459	
002_3DB	3	55	2	1	1	0.512	
