sub	block	trial	congr	stim	resp	RT	
002_1KM	0	0	1	2	2	0.592	
002_1KM	0	1	1	2	2	0.417	
002_1KM	0	2	1	1	1	0.416	
002_1KM	0	3	1	1	1	0.422	
002_1KM	0	4	2	1	1	0.494	
002_1KM	0	5	2	2	2	0.422	
002_1KM	0	6	2	2	2	0.391	
002_1KM	0	7	2	1	1	0.496	
002_1KM	0	8	1	1	1	0.395	
002_1KM	0	9	1	2	2	0.419	
002_1KM	0	10	2	2	2	0.448	
002_1KM	0	11	2	1	1	0.468	
002_1KM	0	12	1	1	1	0.423	
002_1KM	0	13	1	1	1	0.555	
002_1KM	0	14	2	2	2	0.433	
002_1KM	0	15	1	2	2	0.449	
002_1KM	0	16	2	2	2	0.550	
002_1KM	0	17	2	1	1	0.409	
002_1KM	0	18	1	2	2	0.361	
002_1KM	0	19	2	2	2	0.373	
002_1KM	0	20	2	1	1	0.470	
002_1KM	0	21	1	1	1	0.520	
002_1KM	0	22	1	2	2	0.355	
002_1KM	0	23	2	1	1	0.517	
002_1KM	0	24	1	2	2	0.326	
002_1KM	0	25	1	2	2	0.363	
002_1KM	0	26	1	1	1	0.346	
002_1KM	0	27	1	1	1	0.312	
002_1KM	0	28	2	2	2	0.435	
002_1KM	0	29	1	2	2	0.374	
002_1KM	0	30	2	1	1	0.357	
002_1KM	0	31	1	2	2	0.369	
002_1KM	0	32	1	1	1	0.359	
002_1KM	0	33	2	2	2	0.402	
002_1KM	0	34	1	1	1	0.346	
002_1KM	0	35	2	2	2	0.405	
002_1KM	0	36	1	2	2	0.455	
002_1KM	0	37	2	2	2	0.403	
002_1KM	0	38	2	2	2	0.411	
002_1KM	0	39	2	1	1	0.528	
002_1KM	0	40	2	2	2	0.480	
002_1KM	0	41	2	1	1	0.351	
002_1KM	0	42	1	1	1	0.375	
002_1KM	0	43	2	1	2	0.286	
002_1KM	0	44	1	2	2	0.360	
002_1KM	0	45	1	2	2	0.429	
002_1KM	0	46	1	1	1	0.389	
002_1KM	0	47	2	1	1	0.477	
002_1KM	0	48	1	2	2	0.408	
002_1KM	0	49	2	2	2	0.443	
002_1KM	0	50	2	2	2	0.477	
002_1KM	0	51	1	1	1	0.405	
002_1KM	0	52	2	1	1	0.412	
002_1KM	0	53	2	1	1	0.468	
002_1KM	0	54	2	1	1	0.322	
002_1KM	0	55	1	1	1	0.411	
002_1KM	1	0	1	1	1	0.374	
002_1KM	1	1	1	1	1	0.292	
002_1KM	1	2	1	1	1	0.368	
002_1KM	1	3	2	2	1	0.287	
002_1KM	1	4	2	1	1	0.344	
002_1KM	1	5	1	1	1	0.389	
002_1KM	1	6	1	1	1	0.360	
002_1KM	1	7	1	1	1	0.429	
002_1KM	1	8	1	2	2	0.364	
002_1KM	1	9	1	2	2	0.393	
002_1KM	1	10	1	2	2	0.359	
002_1KM	1	11	1	1	1	0.386	
002_1KM	1	12	2	2	2	0.418	
002_1KM	1	13	1	2	2	0.482	
002_1KM	1	14	1	1	1	0.394	
002_1KM	1	15	1	2	2	0.385	
002_1KM	1	16	2	1	1	0.392	
002_1KM	1	17	1	2	2	0.386	
002_1KM	1	18	2	1	1	0.460	
002_1KM	1	19	1	1	1	0.470	
002_1KM	1	20	2	1	1	0.485	
002_1KM	1	21	2	2	2	0.412	
002_1KM	1	22	2	1	1	0.447	
002_1KM	1	23	2	2	2	0.469	
002_1KM	1	24	2	1	1	0.426	
002_1KM	1	25	2	1	1	0.519	
002_1KM	1	26	2	2	2	0.443	
002_1KM	1	27	2	2	2	0.527	
002_1KM	1	28	1	1	1	0.383	
002_1KM	1	29	1	2	2	0.376	
002_1KM	1	30	2	1	1	0.452	
002_1KM	1	31	2	2	2	0.498	
002_1KM	1	32	2	2	2	0.388	
002_1KM	1	33	1	1	1	0.422	
002_1KM	1	34	2	2	2	0.469	
002_1KM	1	35	1	1	1	0.377	
002_1KM	1	36	2	1	1	0.511	
002_1KM	1	37	2	2	2	0.478	
002_1KM	1	38	2	1	1	0.629	
002_1KM	1	39	2	2	2	0.607	
002_1KM	1	40	1	2	2	0.403	
002_1KM	1	41	1	1	1	0.318	
002_1KM	1	42	1	2	2	0.449	
002_1KM	1	43	1	2	2	0.419	
002_1KM	1	44	2	1	1	0.392	
002_1KM	1	45	1	2	2	0.341	
002_1KM	1	46	1	1	1	0.344	
002_1KM	1	47	1	2	2	0.339	
002_1KM	1	48	1	2	2	0.341	
002_1KM	1	49	2	1	1	0.416	
002_1KM	1	50	1	2	2	0.350	
002_1KM	1	51	2	2	2	0.526	
002_1KM	1	52	2	2	2	0.325	
002_1KM	1	53	2	2	2	0.410	
002_1KM	1	54	2	1	1	0.451	
002_1KM	1	55	2	1	1	0.463	
002_1KM	2	0	1	1	1	0.500	
002_1KM	2	1	1	2	2	0.400	
002_1KM	2	2	2	2	2	0.399	
002_1KM	2	3	2	1	1	0.410	
002_1KM	2	4	2	2	2	0.380	
002_1KM	2	5	2	2	2	0.378	
002_1KM	2	6	1	1	1	0.433	
002_1KM	2	7	1	2	2	0.335	
002_1KM	2	8	1	2	2	0.356	
002_1KM	2	9	1	1	1	0.364	
002_1KM	2	10	2	1	2	0.302	
002_1KM	2	11	2	1	1	0.457	
002_1KM	2	12	2	2	2	0.417	
002_1KM	2	13	1	2	2	0.438	
002_1KM	2	14	2	1	1	0.493	
002_1KM	2	15	2	1	1	0.545	
002_1KM	2	16	2	2	2	0.673	
002_1KM	2	17	2	2	2	0.567	
002_1KM	2	18	1	2	2	0.342	
002_1KM	2	19	2	1	1	0.366	
002_1KM	2	20	2	1	1	0.495	
002_1KM	2	21	1	2	2	0.404	
002_1KM	2	22	1	1	1	0.385	
002_1KM	2	23	1	1	1	0.348	
002_1KM	2	24	2	1	1	0.518	
002_1KM	2	25	1	2	2	0.326	
002_1KM	2	26	2	1	1	0.436	
002_1KM	2	27	1	2	2	0.387	
002_1KM	2	28	1	1	1	0.376	
002_1KM	2	29	1	1	1	0.352	
002_1KM	2	30	2	1	1	0.527	
002_1KM	2	31	1	1	1	0.394	
002_1KM	2	32	1	1	1	0.421	
002_1KM	2	33	1	2	2	0.359	
002_1KM	2	34	2	2	2	0.435	
002_1KM	2	35	2	1	1	0.459	
002_1KM	2	36	1	1	1	0.465	
002_1KM	2	37	1	2	2	0.453	
002_1KM	2	38	1	2	2	0.401	
002_1KM	2	39	2	2	2	0.422	
002_1KM	2	40	2	2	2	0.462	
002_1KM	2	41	2	1	1	0.473	
002_1KM	2	42	2	2	2	0.379	
002_1KM	2	43	1	1	1	0.341	
002_1KM	2	44	1	1	1	0.412	
002_1KM	2	45	2	1	1	0.501	
002_1KM	2	46	2	2	2	0.451	
002_1KM	2	47	1	1	1	0.331	
002_1KM	2	48	1	2	2	0.462	
002_1KM	2	49	2	2	2	0.530	
002_1KM	2	50	1	1	1	0.573	
002_1KM	2	51	2	2	2	0.421	
002_1KM	2	52	1	2	2	0.417	
002_1KM	2	53	2	2	2	0.612	
002_1KM	2	54	2	1	1	0.488	
002_1KM	2	55	1	2	2	0.368	
002_1KM	3	0	1	1	1	0.399	
002_1KM	3	1	1	2	2	0.335	
002_1KM	3	2	2	2	2	0.480	
002_1KM	3	3	1	1	1	0.343	
002_1KM	3	4	1	2	2	0.347	
002_1KM	3	5	1	2	2	0.364	
002_1KM	3	6	2	1	1	0.449	
002_1KM	3	7	2	2	2	0.459	
002_1KM	3	8	1	1	1	0.432	
002_1KM	3	9	2	1	1	0.441	
002_1KM	3	10	2	2	2	0.642	
002_1KM	3	11	2	1	1	0.437	
002_1KM	3	12	1	2	2	0.386	
002_1KM	3	13	1	1	1	0.449	
002_1KM	3	14	2	1	1	0.594	
002_1KM	3	15	2	2	2	0.458	
002_1KM	3	16	1	1	1	0.344	
002_1KM	3	17	2	2	2	0.394	
002_1KM	3	18	1	2	2	0.324	
002_1KM	3	19	1	1	1	0.374	
002_1KM	3	20	1	2	2	0.330	
002_1KM	3	21	1	2	2	0.467	
002_1KM	3	22	2	2	2	0.485	
002_1KM	3	23	1	2	2	0.396	
002_1KM	3	24	2	2	2	0.468	
002_1KM	3	25	1	2	2	0.348	
002_1KM	3	26	1	2	2	0.305	
002_1KM	3	27	2	1	1	0.880	
002_1KM	3	28	1	1	1	0.431	
002_1KM	3	29	2	2	2	0.406	
002_1KM	3	30	1	2	2	0.331	
002_1KM	3	31	2	1	1	0.447	
002_1KM	3	32	2	1	1	0.484	
002_1KM	3	33	2	1	1	0.498	
002_1KM	3	34	1	1	1	0.382	
002_1KM	3	35	1	1	1	0.327	
002_1KM	3	36	1	1	1	0.316	
002_1KM	3	37	1	2	2	0.362	
002_1KM	3	38	1	2	2	0.556	
002_1KM	3	39	1	1	1	0.399	
002_1KM	3	40	2	1	1	0.431	
002_1KM	3	41	1	2	2	0.406	
002_1KM	3	42	2	1	1	0.393	
002_1KM	3	43	2	2	2	0.427	
002_1KM	3	44	2	2	2	0.447	
002_1KM	3	45	2	1	1	0.474	
002_1KM	3	46	2	2	2	0.432	
002_1KM	3	47	2	1	1	0.458	
002_1KM	3	48	2	1	1	0.467	
002_1KM	3	49	2	2	2	0.400	
002_1KM	3	50	2	2	2	0.458	
002_1KM	3	51	2	2	2	0.422	
002_1KM	3	52	1	1	1	0.361	
002_1KM	3	53	1	1	1	0.376	
002_1KM	3	54	1	1	1	0.414	
002_1KM	3	55	2	1	1	0.456	
