sub	block	trial	congr	stim	resp	RT	
018	0	0	1	1	1	0.376	
018	0	1	1	1	1	0.381	
018	0	2	2	1	1	0.458	
018	0	3	2	2	2	0.485	
018	0	4	1	1	1	0.350	
018	0	5	1	2	2	0.376	
018	0	6	2	2	1	0.323	
018	0	7	2	1	1	0.459	
018	0	8	2	1	1	0.530	
018	0	9	1	1	1	0.387	
018	0	10	1	2	2	0.412	
018	0	11	2	2	2	0.546	
018	0	12	2	2	2	0.437	
018	0	13	1	1	1	0.338	
018	0	14	2	1	1	0.445	
018	0	15	1	1	1	0.410	
018	0	16	1	1	1	0.448	
018	0	17	1	2	2	0.569	
018	0	18	2	2	2	0.514	
018	0	19	1	2	2	0.355	
018	0	20	1	1	1	0.402	
018	0	21	1	1	1	0.373	
018	0	22	2	2	2	0.614	
018	0	23	1	2	2	0.386	
018	0	24	1	1	1	0.392	
018	0	25	2	1	1	0.389	
018	0	26	2	2	2	0.429	
018	0	27	2	1	1	0.383	
018	0	28	2	2	1	0.427	
018	0	29	1	1	1	0.404	
018	0	30	1	1	1	0.369	
018	0	31	2	1	1	0.351	
018	0	32	1	2	2	0.378	
018	0	33	2	1	1	0.370	
018	0	34	1	2	2	0.398	
018	0	35	2	1	1	0.537	
018	0	36	2	2	2	0.422	
018	0	37	2	1	1	0.329	
018	0	38	1	1	1	0.394	
018	0	39	2	1	1	0.425	
018	0	40	2	2	2	0.419	
018	0	41	2	1	1	0.313	
018	0	42	1	2	2	0.343	
018	0	43	1	2	2	0.376	
018	0	44	1	1	1	0.340	
018	0	45	2	1	1	0.437	
018	0	46	1	2	2	0.357	
018	0	47	1	2	2	0.416	
018	0	48	2	2	2	0.590	
018	0	49	2	2	2	0.481	
018	0	50	2	1	1	0.426	
018	0	51	1	2	2	0.448	
018	0	52	2	2	2	0.450	
018	0	53	1	2	2	0.403	
018	0	54	2	2	2	0.480	
018	0	55	1	2	2	0.357	
018	1	0	2	2	2	0.370	
018	1	1	2	2	2	0.390	
018	1	2	1	2	2	0.341	
018	1	3	2	1	1	0.376	
018	1	4	2	2	2	0.360	
018	1	5	2	2	2	0.384	
018	1	6	2	1	1	0.380	
018	1	7	1	1	1	0.366	
018	1	8	2	2	2	0.479	
018	1	9	1	1	1	0.333	
018	1	10	1	1	1	0.336	
018	1	11	2	2	2	0.479	
018	1	12	2	2	2	0.476	
018	1	13	2	2	1	0.400	
018	1	14	1	2	2	0.406	
018	1	15	2	1	1	0.413	
018	1	16	1	2	2	0.381	
018	1	17	2	2	2	0.605	
018	1	18	2	1	1	0.498	
018	1	19	1	1	1	0.418	
018	1	20	1	1	1	0.373	
018	1	21	1	1	1	0.355	
018	1	22	1	2	2	0.392	
018	1	23	2	1	1	0.372	
018	1	24	2	2	2	0.539	
018	1	25	2	1	1	0.416	
018	1	26	1	2	2	0.357	
018	1	27	1	1	1	0.420	
018	1	28	1	2	2	0.344	
018	1	29	2	1	1	0.410	
018	1	30	2	2	2	0.560	
018	1	31	2	1	1	0.443	
018	1	32	2	1	1	0.460	
018	1	33	1	1	1	0.415	
018	1	34	2	1	1	0.606	
018	1	35	1	2	2	0.482	
018	1	36	2	1	1	0.409	
018	1	37	2	2	2	0.455	
018	1	38	1	2	2	0.465	
018	1	39	1	1	1	0.354	
018	1	40	1	1	1	0.323	
018	1	41	1	2	2	0.427	
018	1	42	1	1	1	0.411	
018	1	43	2	2	2	0.400	
018	1	44	1	1	2	0.330	
018	1	45	2	1	1	0.466	
018	1	46	1	2	2	0.388	
018	1	47	2	2	2	0.559	
018	1	48	2	1	1	0.378	
018	1	49	1	1	1	0.395	
018	1	50	1	2	2	0.348	
018	1	51	2	1	1	0.409	
018	1	52	1	1	1	0.548	
018	1	53	1	2	2	0.421	
018	1	54	1	2	2	0.422	
018	1	55	1	2	2	0.440	
018	2	0	1	2	2	0.445	
018	2	1	2	1	1	0.362	
018	2	2	2	1	1	0.430	
018	2	3	1	1	1	0.410	
018	2	4	1	1	1	0.341	
018	2	5	1	2	1	0.334	
018	2	6	1	2	2	0.573	
018	2	7	2	1	1	0.430	
018	2	8	2	2	2	0.348	
018	2	9	1	2	2	0.417	
018	2	10	1	1	1	0.366	
018	2	11	2	2	2	0.529	
018	2	12	2	1	1	0.403	
018	2	13	1	2	2	0.430	
018	2	14	1	2	2	0.352	
018	2	15	2	1	1	0.587	
018	2	16	2	1	1	0.409	
018	2	17	2	2	2	0.391	
018	2	18	1	2	2	0.387	
018	2	19	2	1	1	0.429	
018	2	20	2	1	2	0.363	
018	2	21	2	2	2	0.393	
018	2	22	1	1	1	0.362	
018	2	23	1	2	2	0.395	
018	2	24	2	1	1	0.426	
018	2	25	2	1	1	0.454	
018	2	26	2	2	2	0.471	
018	2	27	1	1	1	0.338	
018	2	28	2	2	1	0.443	
018	2	29	2	2	2	0.463	
018	2	30	2	1	1	0.380	
018	2	31	1	1	1	0.396	
018	2	32	1	1	1	0.392	
018	2	33	1	1	1	0.347	
018	2	34	2	2	2	0.444	
018	2	35	1	1	1	0.369	
018	2	36	1	2	2	0.383	
018	2	37	2	2	2	0.391	
018	2	38	1	1	1	0.358	
018	2	39	2	2	2	0.443	
018	2	40	1	1	1	0.375	
018	2	41	1	2	2	0.326	
018	2	42	2	1	1	0.485	
018	2	43	2	2	2	0.487	
018	2	44	2	2	2	0.496	
018	2	45	2	1	1	0.415	
018	2	46	2	2	2	0.458	
018	2	47	1	1	1	0.356	
018	2	48	2	2	2	0.448	
018	2	49	2	1	1	0.876	
018	2	50	1	2	2	0.365	
018	2	51	1	2	2	0.438	
018	2	52	1	2	2	0.442	
018	2	53	1	2	2	0.367	
018	2	54	1	1	1	0.352	
018	2	55	1	1	1	0.356	
018	3	0	2	2	2	0.442	
018	3	1	1	2	2	0.428	
018	3	2	2	2	2	0.455	
018	3	3	2	1	2	0.370	
018	3	4	1	2	2	0.376	
018	3	5	1	2	2	0.385	
018	3	6	2	2	1	0.398	
018	3	7	1	1	1	0.388	
018	3	8	1	1	1	0.359	
018	3	9	1	2	2	0.382	
018	3	10	1	1	1	0.324	
018	3	11	2	1	1	0.373	
018	3	12	1	1	1	0.322	
018	3	13	2	2	2	0.391	
018	3	14	1	1	1	0.330	
018	3	15	1	2	2	0.327	
018	3	16	1	2	2	0.508	
018	3	17	2	1	1	0.418	
018	3	18	1	2	2	0.390	
018	3	19	2	1	1	0.420	
018	3	20	2	2	2	0.367	
018	3	21	1	1	1	0.371	
018	3	22	2	1	1	0.450	
018	3	23	1	1	1	0.323	
018	3	24	2	2	2	0.380	
018	3	25	2	1	1	0.422	
018	3	26	1	1	1	0.376	
018	3	27	2	2	2	0.547	
018	3	28	2	1	1	0.405	
018	3	29	1	2	2	0.416	
018	3	30	1	2	2	0.466	
018	3	31	2	2	2	0.532	
018	3	32	2	1	1	0.460	
018	3	33	2	1	1	0.436	
018	3	34	2	2	2	0.349	
018	3	35	1	1	1	0.340	
018	3	36	1	2	2	0.411	
018	3	37	2	1	1	0.406	
018	3	38	1	2	2	0.352	
018	3	39	2	2	2	0.483	
018	3	40	2	1	1	0.400	
018	3	41	2	2	2	0.439	
018	3	42	1	1	1	0.364	
018	3	43	2	1	1	0.374	
018	3	44	1	2	2	0.354	
018	3	45	1	1	1	0.396	
018	3	46	2	1	1	0.635	
018	3	47	1	1	1	0.361	
018	3	48	2	2	2	0.431	
018	3	49	1	2	2	0.440	
018	3	50	1	2	2	0.289	
018	3	51	1	1	1	0.367	
018	3	52	2	2	2	0.524	
018	3	53	2	1	1	0.485	
018	3	54	1	1	1	0.322	
018	3	55	2	2	2	0.392	
