sub	block	trial	congr	stim	resp	RT	
007_6GS	0	0	1	1	1	0.429	
007_6GS	0	1	2	2	2	0.338	
007_6GS	0	2	2	1	1	0.389	
007_6GS	0	3	1	2	2	0.313	
007_6GS	0	4	2	2	2	0.373	
007_6GS	0	5	2	2	2	0.467	
007_6GS	0	6	1	2	2	0.396	
007_6GS	0	7	1	1	1	0.393	
007_6GS	0	8	1	2	2	0.383	
007_6GS	0	9	2	1	1	0.475	
007_6GS	0	10	2	1	1	0.435	
007_6GS	0	11	1	1	1	0.386	
007_6GS	0	12	2	2	2	0.448	
007_6GS	0	13	1	2	2	0.634	
007_6GS	0	14	1	1	1	0.477	
007_6GS	0	15	2	1	1	0.404	
007_6GS	0	16	1	2	2	0.396	
007_6GS	0	17	1	1	1	0.359	
007_6GS	0	18	1	2	2	0.466	
007_6GS	0	19	2	1	1	0.517	
007_6GS	0	20	2	1	1	0.377	
007_6GS	0	21	2	1	1	0.442	
007_6GS	0	22	1	2	2	0.459	
007_6GS	0	23	1	2	2	0.368	
007_6GS	0	24	1	1	1	0.378	
007_6GS	0	25	2	2	2	0.491	
007_6GS	0	26	2	1	1	0.471	
007_6GS	0	27	2	1	1	0.486	
007_6GS	0	28	1	1	1	0.392	
007_6GS	0	29	1	2	2	0.556	
007_6GS	0	30	1	1	1	0.343	
007_6GS	0	31	2	1	1	0.381	
007_6GS	0	32	1	2	2	0.536	
007_6GS	0	33	1	1	1	0.337	
007_6GS	0	34	1	1	1	0.363	
007_6GS	0	35	2	2	2	0.371	
007_6GS	0	36	1	2	2	0.349	
007_6GS	0	37	2	2	1	0.356	
007_6GS	0	38	2	2	2	0.408	
007_6GS	0	39	2	1	1	0.443	
007_6GS	0	40	1	2	2	0.382	
007_6GS	0	41	1	1	1	0.453	
007_6GS	0	42	1	1	1	0.404	
007_6GS	0	43	2	1	1	0.480	
007_6GS	0	44	2	2	2	0.740	
007_6GS	0	45	1	2	2	0.411	
007_6GS	0	46	2	2	2	0.568	
007_6GS	0	47	2	2	2	0.444	
007_6GS	0	48	2	1	1	0.441	
007_6GS	0	49	2	2	2	0.492	
007_6GS	0	50	2	2	2	0.481	
007_6GS	0	51	1	2	2	0.404	
007_6GS	0	52	1	1	1	0.455	
007_6GS	0	53	2	1	1	0.584	
007_6GS	0	54	1	1	1	0.392	
007_6GS	0	55	2	2	2	0.480	
007_6GS	1	0	2	1	1	0.406	
007_6GS	1	1	2	2	2	0.473	
007_6GS	1	2	1	2	2	0.350	
007_6GS	1	3	1	1	1	0.397	
007_6GS	1	4	2	1	1	0.591	
007_6GS	1	5	2	1	1	0.428	
007_6GS	1	6	1	2	2	0.397	
007_6GS	1	7	2	1	1	0.431	
007_6GS	1	8	1	1	1	0.410	
007_6GS	1	9	2	1	1	0.453	
007_6GS	1	10	1	2	2	0.525	
007_6GS	1	11	1	1	1	0.426	
007_6GS	1	12	2	2	2	0.599	
007_6GS	1	13	2	1	1	0.510	
007_6GS	1	14	1	2	2	0.420	
007_6GS	1	15	1	1	1	0.468	
007_6GS	1	16	2	1	1	0.427	
007_6GS	1	17	2	1	1	0.440	
007_6GS	1	18	1	2	2	0.391	
007_6GS	1	19	2	2	2	0.516	
007_6GS	1	20	2	2	2	0.468	
007_6GS	1	21	1	1	1	0.492	
007_6GS	1	22	2	1	1	0.555	
007_6GS	1	23	2	2	2	0.400	
007_6GS	1	24	2	2	2	0.434	
007_6GS	1	25	2	1	1	0.589	
007_6GS	1	26	2	2	2	0.510	
007_6GS	1	27	2	2	2	0.447	
007_6GS	1	28	2	1	1	0.430	
007_6GS	1	29	1	1	1	0.480	
007_6GS	1	30	2	2	2	0.510	
007_6GS	1	31	1	1	1	0.440	
007_6GS	1	32	1	1	1	0.382	
007_6GS	1	33	1	2	2	0.486	
007_6GS	1	34	2	2	2	0.383	
007_6GS	1	35	1	1	1	0.422	
007_6GS	1	36	1	1	1	0.462	
007_6GS	1	37	2	1	1	0.439	
007_6GS	1	38	2	2	2	0.369	
007_6GS	1	39	1	1	1	0.394	
007_6GS	1	40	1	2	2	0.395	
007_6GS	1	41	1	2	2	0.377	
007_6GS	1	42	2	2	2	0.407	
007_6GS	1	43	1	1	1	0.515	
007_6GS	1	44	2	1	1	0.521	
007_6GS	1	45	1	2	2	0.383	
007_6GS	1	46	2	2	2	0.398	
007_6GS	1	47	2	1	1	0.489	
007_6GS	1	48	2	2	2	0.547	
007_6GS	1	49	1	2	2	0.564	
007_6GS	1	50	1	1	1	0.468	
007_6GS	1	51	1	2	2	0.469	
007_6GS	1	52	1	2	2	0.345	
007_6GS	1	53	1	1	1	0.392	
007_6GS	1	54	1	2	2	0.428	
007_6GS	1	55	1	2	2	0.934	
007_6GS	2	0	2	2	2	0.433	
007_6GS	2	1	2	1	1	0.431	
007_6GS	2	2	1	2	2	0.382	
007_6GS	2	3	1	2	2	0.351	
007_6GS	2	4	2	1	1	0.500	
007_6GS	2	5	2	2	2	0.505	
007_6GS	2	6	2	1	1	0.435	
007_6GS	2	7	2	2	2	0.364	
007_6GS	2	8	1	1	1	0.362	
007_6GS	2	9	1	1	1	0.463	
007_6GS	2	10	1	1	1	0.469	
007_6GS	2	11	2	1	1	0.433	
007_6GS	2	12	1	2	2	0.414	
007_6GS	2	13	1	1	1	0.430	
007_6GS	2	14	1	2	2	0.435	
007_6GS	2	15	2	1	1	0.432	
007_6GS	2	16	1	1	1	0.448	
007_6GS	2	17	2	2	2	0.426	
007_6GS	2	18	1	2	2	0.535	
007_6GS	2	19	1	1	1	0.445	
007_6GS	2	20	1	1	1	0.483	
007_6GS	2	21	1	2	2	0.494	
007_6GS	2	22	2	1	1	0.522	
007_6GS	2	23	2	2	2	0.660	
007_6GS	2	24	1	2	2	0.473	
007_6GS	2	25	1	2	2	0.520	
007_6GS	2	26	1	1	1	0.665	
007_6GS	2	27	2	1	1	0.503	
007_6GS	2	28	2	1	1	0.453	
007_6GS	2	29	1	2	2	0.377	
007_6GS	2	30	2	1	1	0.480	
007_6GS	2	31	2	2	2	0.446	
007_6GS	2	32	1	1	1	0.515	
007_6GS	2	33	2	1	1	0.639	
007_6GS	2	34	2	2	2	0.708	
007_6GS	2	35	2	1	1	0.497	
007_6GS	2	36	2	1	1	0.430	
007_6GS	2	37	2	2	2	0.521	
007_6GS	2	38	2	1	1	0.597	
007_6GS	2	39	2	2	2	0.464	
007_6GS	2	40	1	1	1	0.442	
007_6GS	2	41	1	1	1	0.607	
007_6GS	2	42	2	2	2	0.437	
007_6GS	2	43	1	1	1	0.392	
007_6GS	2	44	1	2	2	0.462	
007_6GS	2	45	2	2	2	0.455	
007_6GS	2	46	2	2	2	0.510	
007_6GS	2	47	1	2	2	0.476	
007_6GS	2	48	2	2	2	0.478	
007_6GS	2	49	1	2	2	0.412	
007_6GS	2	50	2	1	1	0.621	
007_6GS	2	51	1	1	1	0.627	
007_6GS	2	52	1	1	1	0.398	
007_6GS	2	53	2	2	2	0.598	
007_6GS	2	54	1	2	2	0.552	
007_6GS	2	55	1	2	2	0.475	
007_6GS	3	0	2	1	1	0.538	
007_6GS	3	1	1	2	2	0.394	
007_6GS	3	2	2	1	1	0.532	
007_6GS	3	3	1	2	2	0.413	
007_6GS	3	4	2	2	2	0.476	
007_6GS	3	5	2	2	2	0.483	
007_6GS	3	6	1	2	2	0.418	
007_6GS	3	7	2	1	1	0.506	
007_6GS	3	8	1	1	1	0.705	
007_6GS	3	9	1	2	2	0.471	
007_6GS	3	10	1	1	1	0.454	
007_6GS	3	11	1	1	1	0.431	
007_6GS	3	12	2	1	1	0.468	
007_6GS	3	13	1	1	1	0.395	
007_6GS	3	14	1	2	2	0.520	
007_6GS	3	15	1	2	2	0.467	
007_6GS	3	16	2	1	1	0.449	
007_6GS	3	17	2	2	2	0.577	
007_6GS	3	18	2	2	2	0.621	
007_6GS	3	19	1	2	2	0.763	
007_6GS	3	20	1	1	1	0.510	
007_6GS	3	21	1	1	1	0.454	
007_6GS	3	22	2	2	2	0.540	
007_6GS	3	23	1	2	2	0.495	
007_6GS	3	24	2	1	1	0.548	
007_6GS	3	25	1	1	1	0.502	
007_6GS	3	26	2	1	1	0.558	
007_6GS	3	27	2	2	2	0.501	
007_6GS	3	28	2	2	2	0.596	
007_6GS	3	29	2	2	2	0.476	
007_6GS	3	30	2	2	2	0.579	
007_6GS	3	31	1	1	1	0.608	
007_6GS	3	32	2	2	2	0.465	
007_6GS	3	33	1	1	1	0.469	
007_6GS	3	34	1	1	1	0.514	
007_6GS	3	35	2	1	1	0.583	
007_6GS	3	36	1	2	2	0.501	
007_6GS	3	37	2	2	2	0.753	
007_6GS	3	38	2	2	2	0.574	
007_6GS	3	39	1	1	1	0.553	
007_6GS	3	40	1	2	2	0.528	
007_6GS	3	41	1	1	1	0.442	
007_6GS	3	42	1	2	2	0.532	
007_6GS	3	43	1	2	2	0.471	
007_6GS	3	44	1	1	1	0.420	
007_6GS	3	45	2	2	2	0.497	
007_6GS	3	46	1	2	2	0.450	
007_6GS	3	47	2	1	1	0.473	
007_6GS	3	48	2	1	1	0.440	
007_6GS	3	49	2	1	1	0.454	
007_6GS	3	50	2	1	1	0.367	
007_6GS	3	51	2	2	2	0.542	
007_6GS	3	52	2	1	1	0.420	
007_6GS	3	53	1	1	1	0.479	
007_6GS	3	54	2	1	1	0.476	
007_6GS	3	55	1	2	2	0.548	
