sub	block	trial	congr	stim	resp	RT	
010_4PH	0	0	2	1	1	0.557	
010_4PH	0	1	1	1	1	0.431	
010_4PH	0	2	1	1	1	0.356	
010_4PH	0	3	1	1	1	0.399	
010_4PH	0	4	2	1	1	0.485	
010_4PH	0	5	1	1	1	0.424	
010_4PH	0	6	2	1	1	0.461	
010_4PH	0	7	1	1	1	0.434	
010_4PH	0	8	2	2	2	0.493	
010_4PH	0	9	1	1	1	0.434	
010_4PH	0	10	2	1	1	0.482	
010_4PH	0	11	1	2	2	0.432	
010_4PH	0	12	2	1	1	0.622	
010_4PH	0	13	2	1	1	0.463	
010_4PH	0	14	2	1	1	0.409	
010_4PH	0	15	2	2	2	0.438	
010_4PH	0	16	1	1	1	0.466	
010_4PH	0	17	1	2	2	0.351	
010_4PH	0	18	2	2	1	0.337	
010_4PH	0	19	2	1	1	0.470	
010_4PH	0	20	1	1	1	0.404	
010_4PH	0	21	1	2	2	0.351	
010_4PH	0	22	1	2	2	0.398	
010_4PH	0	23	2	1	1	0.398	
010_4PH	0	24	1	2	2	0.359	
010_4PH	0	25	2	1	1	0.423	
010_4PH	0	26	2	1	1	0.506	
010_4PH	0	27	2	2	2	0.468	
010_4PH	0	28	2	2	2	0.514	
010_4PH	0	29	2	1	1	0.467	
010_4PH	0	30	1	2	2	0.365	
010_4PH	0	31	1	2	2	0.394	
010_4PH	0	32	2	2	2	0.483	
010_4PH	0	33	1	2	2	0.321	
010_4PH	0	34	1	1	1	0.419	
010_4PH	0	35	1	2	2	0.423	
010_4PH	0	36	1	1	1	0.654	
010_4PH	0	37	2	1	1	0.478	
010_4PH	0	38	2	2	2	0.460	
010_4PH	0	39	2	2	2	0.437	
010_4PH	0	40	2	2	2	0.427	
010_4PH	0	41	2	2	2	0.480	
010_4PH	0	42	2	2	2	0.402	
010_4PH	0	43	2	2	2	0.451	
010_4PH	0	44	2	2	2	0.413	
010_4PH	0	45	1	2	2	0.433	
010_4PH	0	46	1	2	2	0.362	
010_4PH	0	47	1	1	1	0.375	
010_4PH	0	48	1	2	2	0.422	
010_4PH	0	49	1	1	1	0.580	
010_4PH	0	50	1	2	2	0.420	
010_4PH	0	51	1	1	1	0.367	
010_4PH	0	52	2	2	2	0.456	
010_4PH	0	53	1	2	2	0.434	
010_4PH	0	54	1	1	1	0.459	
010_4PH	0	55	2	1	1	0.608	
010_4PH	1	0	2	2	2	0.432	
010_4PH	1	1	1	2	2	0.405	
010_4PH	1	2	2	1	1	0.460	
010_4PH	1	3	1	1	1	0.385	
010_4PH	1	4	1	2	2	0.458	
010_4PH	1	5	1	1	1	0.442	
010_4PH	1	6	1	2	2	0.353	
010_4PH	1	7	1	2	2	0.450	
010_4PH	1	8	2	2	2	0.431	
010_4PH	1	9	1	2	2	0.416	
010_4PH	1	10	2	1	1	0.619	
010_4PH	1	11	1	2	2	0.385	
010_4PH	1	12	2	1	1	0.485	
010_4PH	1	13	2	1	1	0.459	
010_4PH	1	14	1	1	1	0.431	
010_4PH	1	15	1	2	2	0.381	
010_4PH	1	16	1	2	2	0.374	
010_4PH	1	17	2	1	1	0.452	
010_4PH	1	18	1	1	1	0.386	
010_4PH	1	19	1	1	1	0.393	
010_4PH	1	20	1	1	1	0.385	
010_4PH	1	21	2	1	1	0.499	
010_4PH	1	22	1	2	2	0.480	
010_4PH	1	23	2	2	2	0.439	
010_4PH	1	24	2	2	2	0.486	
010_4PH	1	25	1	1	1	0.388	
010_4PH	1	26	2	1	1	0.447	
010_4PH	1	27	2	2	2	0.474	
010_4PH	1	28	1	2	2	0.442	
010_4PH	1	29	1	2	2	0.432	
010_4PH	1	30	2	2	2	0.490	
010_4PH	1	31	1	2	2	0.424	
010_4PH	1	32	2	2	2	0.449	
010_4PH	1	33	2	1	1	0.495	
010_4PH	1	34	1	1	1	0.419	
010_4PH	1	35	2	1	1	0.480	
010_4PH	1	36	2	2	2	0.469	
010_4PH	1	37	1	2	2	0.389	
010_4PH	1	38	2	2	2	0.448	
010_4PH	1	39	2	1	1	0.452	
010_4PH	1	40	1	2	2	0.441	
010_4PH	1	41	1	1	1	0.474	
010_4PH	1	42	2	1	1	0.572	
010_4PH	1	43	2	2	2	0.472	
010_4PH	1	44	2	2	2	0.482	
010_4PH	1	45	1	1	1	0.367	
010_4PH	1	46	2	2	2	0.455	
010_4PH	1	47	1	1	1	0.362	
010_4PH	1	48	2	2	2	0.464	
010_4PH	1	49	2	1	1	0.416	
010_4PH	1	50	1	1	1	0.411	
010_4PH	1	51	2	1	1	0.551	
010_4PH	1	52	1	1	1	0.449	
010_4PH	1	53	2	2	2	0.439	
010_4PH	1	54	1	1	1	0.382	
010_4PH	1	55	2	1	1	0.479	
010_4PH	2	0	1	2	2	0.420	
010_4PH	2	1	1	2	2	0.395	
010_4PH	2	2	2	1	1	0.405	
010_4PH	2	3	2	1	1	0.429	
010_4PH	2	4	2	1	1	0.418	
010_4PH	2	5	1	1	1	0.370	
010_4PH	2	6	2	2	2	0.606	
010_4PH	2	7	1	2	2	0.431	
010_4PH	2	8	1	1	1	0.417	
010_4PH	2	9	1	2	2	0.471	
010_4PH	2	10	1	1	1	0.443	
010_4PH	2	11	1	2	2	0.407	
010_4PH	2	12	2	2	2	0.482	
010_4PH	2	13	1	2	2	0.386	
010_4PH	2	14	2	2	2	0.486	
010_4PH	2	15	1	1	1	0.408	
010_4PH	2	16	2	2	2	0.512	
010_4PH	2	17	1	1	1	0.430	
010_4PH	2	18	1	2	2	0.399	
010_4PH	2	19	2	1	1	0.498	
010_4PH	2	20	2	1	1	0.440	
010_4PH	2	21	2	2	2	0.410	
010_4PH	2	22	2	1	1	0.417	
010_4PH	2	23	1	2	2	0.459	
010_4PH	2	24	1	2	2	0.417	
010_4PH	2	25	2	2	2	0.493	
010_4PH	2	26	1	1	1	0.405	
010_4PH	2	27	1	1	1	0.460	
010_4PH	2	28	2	1	1	0.434	
010_4PH	2	29	2	1	1	0.629	
010_4PH	2	30	1	2	2	0.438	
010_4PH	2	31	2	1	1	0.365	
010_4PH	2	32	1	1	1	0.378	
010_4PH	2	33	2	2	2	0.459	
010_4PH	2	34	2	2	2	0.454	
010_4PH	2	35	1	1	1	0.374	
010_4PH	2	36	2	2	2	0.517	
010_4PH	2	37	2	2	1	0.422	
010_4PH	2	38	2	1	1	0.525	
010_4PH	2	39	2	2	2	0.493	
010_4PH	2	40	1	1	1	0.435	
010_4PH	2	41	1	2	2	0.383	
010_4PH	2	42	1	1	1	0.488	
010_4PH	2	43	1	2	2	0.406	
010_4PH	2	44	2	2	2	0.448	
010_4PH	2	45	1	2	2	0.400	
010_4PH	2	46	2	2	2	0.402	
010_4PH	2	47	1	2	2	0.398	
010_4PH	2	48	1	1	1	0.437	
010_4PH	2	49	2	1	1	0.531	
010_4PH	2	50	2	1	1	0.432	
010_4PH	2	51	2	1	1	0.422	
010_4PH	2	52	2	1	1	0.491	
010_4PH	2	53	1	1	1	0.398	
010_4PH	2	54	2	2	2	0.529	
010_4PH	2	55	1	1	1	0.419	
010_4PH	3	0	2	1	1	0.522	
010_4PH	3	1	2	1	1	0.433	
010_4PH	3	2	1	2	2	0.471	
010_4PH	3	3	1	2	2	0.437	
010_4PH	3	4	2	2	2	0.509	
010_4PH	3	5	1	2	2	0.491	
010_4PH	3	6	2	1	1	0.455	
010_4PH	3	7	2	1	1	0.446	
010_4PH	3	8	2	2	2	0.484	
010_4PH	3	9	1	2	2	0.416	
010_4PH	3	10	1	2	2	0.375	
010_4PH	3	11	2	2	2	0.443	
010_4PH	3	12	2	2	2	0.507	
010_4PH	3	13	2	2	2	0.491	
010_4PH	3	14	2	2	2	0.492	
010_4PH	3	15	2	1	1	0.477	
010_4PH	3	16	1	1	1	0.432	
010_4PH	3	17	1	2	2	0.465	
010_4PH	3	18	2	1	1	0.506	
010_4PH	3	19	1	1	1	0.479	
010_4PH	3	20	2	2	2	0.522	
010_4PH	3	21	1	1	1	0.428	
010_4PH	3	22	2	2	2	0.470	
010_4PH	3	23	2	1	1	0.469	
010_4PH	3	24	2	1	1	0.411	
010_4PH	3	25	2	2	2	0.437	
010_4PH	3	26	1	1	1	0.372	
010_4PH	3	27	1	2	2	0.413	
010_4PH	3	28	1	1	1	0.391	
010_4PH	3	29	1	2	2	0.389	
010_4PH	3	30	2	2	2	0.462	
010_4PH	3	31	1	2	2	0.394	
010_4PH	3	32	1	2	2	0.395	
010_4PH	3	33	2	1	1	0.476	
010_4PH	3	34	1	1	1	0.406	
010_4PH	3	35	1	2	2	0.429	
010_4PH	3	36	1	1	1	0.379	
010_4PH	3	37	1	1	1	0.466	
010_4PH	3	38	2	1	1	0.482	
010_4PH	3	39	1	1	1	0.426	
010_4PH	3	40	1	1	1	0.490	
010_4PH	3	41	2	2	2	0.508	
010_4PH	3	42	2	1	1	0.525	
010_4PH	3	43	2	2	2	0.562	
010_4PH	3	44	1	1	1	0.404	
010_4PH	3	45	1	1	1	0.415	
010_4PH	3	46	1	2	2	0.471	
010_4PH	3	47	2	1	1	0.395	
010_4PH	3	48	1	1	1	0.505	
010_4PH	3	49	2	2	2	0.456	
010_4PH	3	50	2	2	2	0.435	
010_4PH	3	51	1	2	2	0.380	
010_4PH	3	52	2	1	1	0.463	
010_4PH	3	53	2	1	1	0.495	
010_4PH	3	54	1	2	2	0.389	
010_4PH	3	55	1	1	1	0.432	
