sub	block	trial	congr	stim	resp	RT	
015_1BL	0	0	2	1	1	0.775	
015_1BL	0	1	2	2	2	0.633	
015_1BL	0	2	1	1	1	0.429	
015_1BL	0	3	2	2	2	0.556	
015_1BL	0	4	2	2	2	0.510	
015_1BL	0	5	1	1	1	0.451	
015_1BL	0	6	1	1	1	0.568	
015_1BL	0	7	2	2	2	0.532	
015_1BL	0	8	2	1	1	0.723	
015_1BL	0	9	2	2	2	0.525	
015_1BL	0	10	1	2	2	0.532	
015_1BL	0	11	1	1	1	0.524	
015_1BL	0	12	1	1	1	0.673	
015_1BL	0	13	1	2	2	0.507	
015_1BL	0	14	2	1	1	0.554	
015_1BL	0	15	1	1	1	0.589	
015_1BL	0	16	1	2	2	0.447	
015_1BL	0	17	1	2	2	0.524	
015_1BL	0	18	2	1	1	0.552	
015_1BL	0	19	1	2	2	0.436	
015_1BL	0	20	1	1	1	0.502	
015_1BL	0	21	2	1	1	0.624	
015_1BL	0	22	1	1	1	0.564	
015_1BL	0	23	2	2	2	0.456	
015_1BL	0	24	1	2	2	0.449	
015_1BL	0	25	1	2	2	0.473	
015_1BL	0	26	2	2	2	0.482	
015_1BL	0	27	2	1	1	0.680	
015_1BL	0	28	2	1	1	0.571	
015_1BL	0	29	1	2	2	0.481	
015_1BL	0	30	1	2	2	0.435	
015_1BL	0	31	1	2	2	0.458	
015_1BL	0	32	2	1	1	0.524	
015_1BL	0	33	1	2	2	0.423	
015_1BL	0	34	1	2	2	0.444	
015_1BL	0	35	1	1	1	0.518	
015_1BL	0	36	2	1	1	0.726	
015_1BL	0	37	2	2	2	0.468	
015_1BL	0	38	2	1	1	0.475	
015_1BL	0	39	2	2	2	0.465	
015_1BL	0	40	1	1	1	0.443	
015_1BL	0	41	2	2	2	0.402	
015_1BL	0	42	2	2	2	0.462	
015_1BL	0	43	2	1	1	0.526	
015_1BL	0	44	2	2	2	0.478	
015_1BL	0	45	1	1	1	0.420	
015_1BL	0	46	1	2	2	0.408	
015_1BL	0	47	1	1	1	0.523	
015_1BL	0	48	2	1	1	0.590	
015_1BL	0	49	2	1	1	0.477	
015_1BL	0	50	1	2	2	0.485	
015_1BL	0	51	1	1	1	0.466	
015_1BL	0	52	2	1	1	0.438	
015_1BL	0	53	1	1	1	0.508	
015_1BL	0	54	2	2	2	0.555	
015_1BL	0	55	2	2	2	0.484	
015_1BL	1	0	2	2	2	0.745	
015_1BL	1	1	1	1	1	0.460	
015_1BL	1	2	1	2	2	0.516	
015_1BL	1	3	1	2	2	0.464	
015_1BL	1	4	1	1	1	0.478	
015_1BL	1	5	2	1	1	0.650	
015_1BL	1	6	2	2	2	0.493	
015_1BL	1	7	1	1	1	0.517	
015_1BL	1	8	1	2	2	0.444	
015_1BL	1	9	2	1	1	0.508	
015_1BL	1	10	2	2	2	0.604	
015_1BL	1	11	2	1	1	0.691	
015_1BL	1	12	2	1	1	0.706	
015_1BL	1	13	1	2	2	0.458	
015_1BL	1	14	1	2	2	0.458	
015_1BL	1	15	1	2	2	0.475	
015_1BL	1	16	2	1	1	0.544	
015_1BL	1	17	1	2	2	0.489	
015_1BL	1	18	1	2	2	0.458	
015_1BL	1	19	1	2	2	0.583	
015_1BL	1	20	2	1	1	0.492	
015_1BL	1	21	2	1	1	0.500	
015_1BL	1	22	1	1	1	0.638	
015_1BL	1	23	2	1	1	0.695	
015_1BL	1	24	1	1	1	0.567	
015_1BL	1	25	2	1	1	0.514	
015_1BL	1	26	2	1	1	0.547	
015_1BL	1	27	1	1	1	0.483	
015_1BL	1	28	2	1	1	0.524	
015_1BL	1	29	1	1	1	0.545	
015_1BL	1	30	1	1	1	0.637	
015_1BL	1	31	1	2	2	0.669	
015_1BL	1	32	1	1	1	0.535	
015_1BL	1	33	2	2	2	0.531	
015_1BL	1	34	2	2	2	0.504	
015_1BL	1	35	2	2	2	0.615	
015_1BL	1	36	1	2	2	0.397	
015_1BL	1	37	2	2	2	0.436	
015_1BL	1	38	2	2	2	0.428	
015_1BL	1	39	2	2	2	0.517	
015_1BL	1	40	2	1	1	0.588	
015_1BL	1	41	1	1	1	0.466	
015_1BL	1	42	1	2	2	0.465	
015_1BL	1	43	1	2	2	0.432	
015_1BL	1	44	2	2	2	0.548	
015_1BL	1	45	2	1	1	0.570	
015_1BL	1	46	2	2	2	0.465	
015_1BL	1	47	2	1	1	0.423	
015_1BL	1	48	1	1	1	0.402	
015_1BL	1	49	1	2	2	0.490	
015_1BL	1	50	2	2	2	0.396	
015_1BL	1	51	1	1	1	0.480	
015_1BL	1	52	2	2	2	0.450	
015_1BL	1	53	1	1	1	0.425	
015_1BL	1	54	2	2	2	0.652	
015_1BL	1	55	1	1	1	0.475	
015_1BL	2	0	2	2	2	0.624	
015_1BL	2	1	2	2	2	0.423	
015_1BL	2	2	1	1	1	0.532	
015_1BL	2	3	1	2	2	0.509	
015_1BL	2	4	2	2	2	0.503	
015_1BL	2	5	1	1	1	0.522	
015_1BL	2	6	1	2	2	0.434	
015_1BL	2	7	2	2	2	0.670	
015_1BL	2	8	1	1	1	0.476	
015_1BL	2	9	1	1	1	0.470	
015_1BL	2	10	2	2	2	0.461	
015_1BL	2	11	2	1	1	0.540	
015_1BL	2	12	1	2	2	0.466	
015_1BL	2	13	2	1	1	0.574	
015_1BL	2	14	1	2	2	0.453	
015_1BL	2	15	1	2	2	0.510	
015_1BL	2	16	1	1	1	0.510	
015_1BL	2	17	2	1	1	0.531	
015_1BL	2	18	1	2	2	0.453	
015_1BL	2	19	2	1	1	0.472	
015_1BL	2	20	2	1	1	0.557	
015_1BL	2	21	2	1	1	0.499	
015_1BL	2	22	1	2	2	0.445	
015_1BL	2	23	1	2	2	0.443	
015_1BL	2	24	1	1	1	0.488	
015_1BL	2	25	2	2	2	0.509	
015_1BL	2	26	2	1	1	0.472	
015_1BL	2	27	1	1	1	0.537	
015_1BL	2	28	2	1	1	0.402	
015_1BL	2	29	1	1	1	0.458	
015_1BL	2	30	1	1	1	0.469	
015_1BL	2	31	1	1	1	0.434	
015_1BL	2	32	2	1	1	0.654	
015_1BL	2	33	2	2	2	0.733	
015_1BL	2	34	1	2	2	0.464	
015_1BL	2	35	2	2	2	0.642	
015_1BL	2	36	2	1	1	0.588	
015_1BL	2	37	2	1	1	0.494	
015_1BL	2	38	1	2	2	0.391	
015_1BL	2	39	1	2	2	0.503	
015_1BL	2	40	2	2	2	0.488	
015_1BL	2	41	2	1	1	0.595	
015_1BL	2	42	1	1	1	0.446	
015_1BL	2	43	1	2	2	0.417	
015_1BL	2	44	2	2	2	0.507	
015_1BL	2	45	1	1	1	0.464	
015_1BL	2	46	2	1	1	0.647	
015_1BL	2	47	2	1	1	0.721	
015_1BL	2	48	2	2	2	0.451	
015_1BL	2	49	2	2	2	0.543	
015_1BL	2	50	1	1	1	0.486	
015_1BL	2	51	1	2	2	0.441	
015_1BL	2	52	2	2	2	0.459	
015_1BL	2	53	1	2	2	0.459	
015_1BL	2	54	1	1	1	0.489	
015_1BL	2	55	2	2	2	0.479	
015_1BL	3	0	1	1	1	0.541	
015_1BL	3	1	1	1	1	0.418	
015_1BL	3	2	1	2	2	0.462	
015_1BL	3	3	2	1	1	0.561	
015_1BL	3	4	2	2	2	0.531	
015_1BL	3	5	2	2	2	0.597	
015_1BL	3	6	1	1	1	0.501	
015_1BL	3	7	2	2	2	0.515	
015_1BL	3	8	1	1	1	0.515	
015_1BL	3	9	1	2	2	0.442	
015_1BL	3	10	2	1	1	0.541	
015_1BL	3	11	2	2	2	0.407	
015_1BL	3	12	1	2	2	0.437	
015_1BL	3	13	2	2	2	0.443	
015_1BL	3	14	1	1	1	0.504	
015_1BL	3	15	2	1	1	0.627	
015_1BL	3	16	1	1	1	0.444	
015_1BL	3	17	2	2	2	0.441	
015_1BL	3	18	1	1	1	0.487	
015_1BL	3	19	1	2	2	0.477	
015_1BL	3	20	1	1	1	0.512	
015_1BL	3	21	2	2	2	0.497	
015_1BL	3	22	1	2	2	0.456	
015_1BL	3	23	1	2	2	0.476	
015_1BL	3	24	1	1	1	0.489	
015_1BL	3	25	2	1	1	0.601	
015_1BL	3	26	2	2	2	0.613	
015_1BL	3	27	1	1	1	0.508	
015_1BL	3	28	2	1	1	0.538	
015_1BL	3	29	2	1	1	0.494	
015_1BL	3	30	1	1	1	0.451	
015_1BL	3	31	2	2	2	0.560	
015_1BL	3	32	1	1	1	0.459	
015_1BL	3	33	2	2	2	0.476	
015_1BL	3	34	2	1	1	0.535	
015_1BL	3	35	2	1	1	0.548	
015_1BL	3	36	1	2	2	0.454	
015_1BL	3	37	1	2	2	0.383	
015_1BL	3	38	2	1	1	0.500	
015_1BL	3	39	1	1	1	0.485	
015_1BL	3	40	1	2	2	0.475	
015_1BL	3	41	1	2	2	0.421	
015_1BL	3	42	1	2	2	0.501	
015_1BL	3	43	2	1	1	0.490	
015_1BL	3	44	2	1	1	0.672	
015_1BL	3	45	1	2	2	0.466	
015_1BL	3	46	2	2	2	0.544	
015_1BL	3	47	1	2	2	0.478	
015_1BL	3	48	2	1	1	0.496	
015_1BL	3	49	1	2	2	0.460	
015_1BL	3	50	2	1	1	0.631	
015_1BL	3	51	2	2	2	0.466	
015_1BL	3	52	2	2	2	0.592	
015_1BL	3	53	2	2	2	0.592	
015_1BL	3	54	2	1	1	0.512	
015_1BL	3	55	1	1	1	0.489	
