sub	block	trial	congr	stim	resp	RT	
017_5LB	0	0	2	1	999	999.000	
017_5LB	0	1	2	2	2	0.604	
017_5LB	0	2	1	2	2	0.398	
017_5LB	0	3	1	2	2	0.378	
017_5LB	0	4	1	2	2	0.429	
017_5LB	0	5	1	1	1	0.430	
017_5LB	0	6	1	1	1	0.402	
017_5LB	0	7	1	2	2	0.496	
017_5LB	0	8	1	2	2	0.372	
017_5LB	0	9	2	1	1	0.420	
017_5LB	0	10	1	2	2	0.427	
017_5LB	0	11	1	2	2	0.390	
017_5LB	0	12	2	2	2	0.470	
017_5LB	0	13	1	2	2	0.432	
017_5LB	0	14	1	1	1	0.431	
017_5LB	0	15	1	1	1	0.483	
017_5LB	0	16	2	1	1	0.423	
017_5LB	0	17	1	1	1	0.508	
017_5LB	0	18	2	2	2	0.474	
017_5LB	0	19	1	2	2	0.562	
017_5LB	0	20	2	2	1	0.433	
017_5LB	0	21	1	1	1	0.473	
017_5LB	0	22	1	1	1	0.424	
017_5LB	0	23	2	1	1	0.532	
017_5LB	0	24	1	1	1	0.501	
017_5LB	0	25	1	2	2	0.533	
017_5LB	0	26	1	1	1	0.525	
017_5LB	0	27	1	1	1	0.411	
017_5LB	0	28	2	2	2	0.800	
017_5LB	0	29	2	2	2	0.463	
017_5LB	0	30	1	2	2	0.310	
017_5LB	0	31	2	1	1	0.548	
017_5LB	0	32	2	1	1	0.547	
017_5LB	0	33	2	1	1	0.455	
017_5LB	0	34	2	2	2	0.464	
017_5LB	0	35	2	2	2	0.493	
017_5LB	0	36	1	1	1	0.453	
017_5LB	0	37	2	2	2	0.448	
017_5LB	0	38	2	1	1	0.760	
017_5LB	0	39	2	1	1	0.446	
017_5LB	0	40	1	2	2	0.619	
017_5LB	0	41	1	1	1	0.558	
017_5LB	0	42	1	1	1	0.588	
017_5LB	0	43	2	1	1	0.436	
017_5LB	0	44	2	1	1	0.430	
017_5LB	0	45	2	1	1	0.481	
017_5LB	0	46	2	2	2	0.478	
017_5LB	0	47	2	2	2	0.707	
017_5LB	0	48	2	1	1	0.884	
017_5LB	0	49	2	1	1	0.577	
017_5LB	0	50	1	2	2	0.643	
017_5LB	0	51	1	1	1	0.503	
017_5LB	0	52	2	2	2	0.437	
017_5LB	0	53	2	2	2	0.556	
017_5LB	0	54	1	2	2	0.591	
017_5LB	0	55	2	2	2	0.483	
017_5LB	1	0	2	2	2	0.719	
017_5LB	1	1	2	2	2	0.489	
017_5LB	1	2	2	1	1	0.504	
017_5LB	1	3	1	2	2	0.448	
017_5LB	1	4	2	1	1	0.536	
017_5LB	1	5	2	1	1	0.538	
017_5LB	1	6	1	2	2	0.659	
017_5LB	1	7	1	1	1	0.655	
017_5LB	1	8	2	1	1	0.529	
017_5LB	1	9	1	2	2	0.472	
017_5LB	1	10	1	1	1	0.509	
017_5LB	1	11	2	2	2	0.534	
017_5LB	1	12	1	2	2	0.486	
017_5LB	1	13	2	2	2	0.531	
017_5LB	1	14	2	2	2	0.521	
017_5LB	1	15	2	2	2	0.460	
017_5LB	1	16	1	2	2	0.617	
017_5LB	1	17	2	1	1	0.536	
017_5LB	1	18	2	2	2	0.497	
017_5LB	1	19	2	1	1	0.566	
017_5LB	1	20	1	2	2	0.498	
017_5LB	1	21	2	2	2	0.372	
017_5LB	1	22	2	1	1	0.512	
017_5LB	1	23	2	2	2	0.631	
017_5LB	1	24	1	1	1	0.478	
017_5LB	1	25	1	2	2	0.431	
017_5LB	1	26	2	2	2	0.505	
017_5LB	1	27	1	2	2	0.419	
017_5LB	1	28	1	2	2	0.405	
017_5LB	1	29	1	1	1	0.511	
017_5LB	1	30	2	2	2	0.454	
017_5LB	1	31	1	1	1	0.580	
017_5LB	1	32	1	1	1	0.481	
017_5LB	1	33	1	1	1	0.474	
017_5LB	1	34	1	2	2	0.405	
017_5LB	1	35	2	1	1	0.524	
017_5LB	1	36	2	1	1	0.481	
017_5LB	1	37	1	2	2	0.449	
017_5LB	1	38	1	1	1	0.451	
017_5LB	1	39	2	1	1	0.519	
017_5LB	1	40	2	2	2	0.435	
017_5LB	1	41	1	1	1	0.411	
017_5LB	1	42	2	1	1	0.549	
017_5LB	1	43	1	1	1	0.437	
017_5LB	1	44	1	1	1	0.591	
017_5LB	1	45	2	2	2	0.458	
017_5LB	1	46	2	1	1	0.470	
017_5LB	1	47	1	2	2	0.405	
017_5LB	1	48	2	1	1	0.467	
017_5LB	1	49	1	2	2	0.480	
017_5LB	1	50	2	2	2	0.398	
017_5LB	1	51	1	2	2	0.441	
017_5LB	1	52	1	1	1	0.591	
017_5LB	1	53	2	1	1	0.471	
017_5LB	1	54	1	1	1	0.387	
017_5LB	1	55	1	1	1	0.476	
017_5LB	2	0	2	1	1	0.576	
017_5LB	2	1	1	1	1	0.453	
017_5LB	2	2	1	2	2	0.550	
017_5LB	2	3	2	2	2	0.480	
017_5LB	2	4	2	1	1	0.529	
017_5LB	2	5	1	2	2	0.564	
017_5LB	2	6	2	1	1	0.438	
017_5LB	2	7	2	2	2	0.565	
017_5LB	2	8	1	2	2	0.370	
017_5LB	2	9	1	1	1	0.448	
017_5LB	2	10	1	2	2	0.388	
017_5LB	2	11	2	2	2	0.478	
017_5LB	2	12	1	1	1	0.889	
017_5LB	2	13	1	1	1	0.588	
017_5LB	2	14	1	2	2	0.549	
017_5LB	2	15	1	2	2	0.517	
017_5LB	2	16	2	1	1	0.636	
017_5LB	2	17	2	1	1	0.552	
017_5LB	2	18	2	2	2	0.434	
017_5LB	2	19	2	1	1	0.406	
017_5LB	2	20	2	1	1	0.445	
017_5LB	2	21	2	1	1	0.411	
017_5LB	2	22	2	2	2	0.509	
017_5LB	2	23	1	2	2	0.452	
017_5LB	2	24	1	2	2	0.484	
017_5LB	2	25	1	1	1	0.410	
017_5LB	2	26	2	2	2	0.529	
017_5LB	2	27	2	1	1	0.575	
017_5LB	2	28	2	2	2	0.679	
017_5LB	2	29	1	2	2	0.494	
017_5LB	2	30	2	1	1	0.512	
017_5LB	2	31	2	1	1	0.484	
017_5LB	2	32	1	1	1	0.528	
017_5LB	2	33	1	1	1	0.417	
017_5LB	2	34	2	1	1	0.439	
017_5LB	2	35	1	2	2	0.476	
017_5LB	2	36	1	2	2	0.430	
017_5LB	2	37	1	1	1	0.426	
017_5LB	2	38	2	1	1	0.458	
017_5LB	2	39	2	2	2	0.524	
017_5LB	2	40	2	2	2	0.447	
017_5LB	2	41	2	2	2	0.417	
017_5LB	2	42	1	1	1	0.470	
017_5LB	2	43	2	2	2	0.452	
017_5LB	2	44	2	2	2	0.462	
017_5LB	2	45	1	1	1	0.532	
017_5LB	2	46	1	2	2	0.584	
017_5LB	2	47	1	1	1	0.542	
017_5LB	2	48	1	1	1	0.493	
017_5LB	2	49	2	2	2	0.499	
017_5LB	2	50	1	1	1	0.443	
017_5LB	2	51	2	2	2	0.502	
017_5LB	2	52	1	2	2	0.423	
017_5LB	2	53	1	1	1	0.661	
017_5LB	2	54	2	1	1	0.580	
017_5LB	2	55	1	2	2	0.384	
017_5LB	3	0	1	1	1	0.494	
017_5LB	3	1	1	1	1	0.461	
017_5LB	3	2	2	1	1	0.499	
017_5LB	3	3	2	2	2	0.466	
017_5LB	3	4	2	2	2	0.406	
017_5LB	3	5	2	2	2	0.535	
017_5LB	3	6	2	1	1	0.476	
017_5LB	3	7	2	1	1	0.734	
017_5LB	3	8	1	1	1	0.421	
017_5LB	3	9	1	2	2	0.498	
017_5LB	3	10	2	1	1	0.456	
017_5LB	3	11	2	2	2	0.590	
017_5LB	3	12	2	2	2	0.466	
017_5LB	3	13	1	1	1	0.364	
017_5LB	3	14	1	2	2	0.542	
017_5LB	3	15	1	2	2	0.434	
017_5LB	3	16	2	2	2	0.525	
017_5LB	3	17	1	2	2	0.483	
017_5LB	3	18	1	2	2	0.423	
017_5LB	3	19	1	1	1	0.464	
017_5LB	3	20	2	1	1	0.847	
017_5LB	3	21	2	1	1	0.486	
017_5LB	3	22	2	2	2	0.496	
017_5LB	3	23	2	1	1	0.468	
017_5LB	3	24	2	1	1	0.405	
017_5LB	3	25	1	2	2	0.483	
017_5LB	3	26	1	1	1	0.413	
017_5LB	3	27	2	1	1	0.512	
017_5LB	3	28	1	2	2	0.756	
017_5LB	3	29	1	1	1	0.500	
017_5LB	3	30	2	2	2	0.491	
017_5LB	3	31	2	2	2	0.726	
017_5LB	3	32	2	2	2	0.459	
017_5LB	3	33	1	2	2	0.455	
017_5LB	3	34	2	1	1	0.474	
017_5LB	3	35	1	1	1	0.510	
017_5LB	3	36	1	2	2	0.485	
017_5LB	3	37	1	2	2	0.556	
017_5LB	3	38	1	1	1	0.507	
017_5LB	3	39	2	2	2	0.452	
017_5LB	3	40	1	1	1	0.511	
017_5LB	3	41	2	1	1	0.458	
017_5LB	3	42	2	2	2	0.586	
017_5LB	3	43	1	1	1	0.467	
017_5LB	3	44	1	1	1	0.632	
017_5LB	3	45	1	1	1	0.579	
017_5LB	3	46	2	1	1	0.456	
017_5LB	3	47	1	2	2	0.452	
017_5LB	3	48	1	2	2	0.474	
017_5LB	3	49	2	2	2	0.489	
017_5LB	3	50	2	1	1	0.788	
017_5LB	3	51	2	2	2	0.538	
017_5LB	3	52	1	1	1	0.433	
017_5LB	3	53	1	2	2	0.436	
017_5LB	3	54	1	2	2	0.422	
017_5LB	3	55	2	1	1	0.434	
