sub	block	trial	congr	stim	resp	RT	
013_4PH	0	0	2	1	1	0.991	
013_4PH	0	1	2	1	1	0.685	
013_4PH	0	2	1	2	2	0.508	
013_4PH	0	3	1	2	2	0.515	
013_4PH	0	4	2	2	2	0.601	
013_4PH	0	5	2	1	1	0.503	
013_4PH	0	6	1	1	1	0.464	
013_4PH	0	7	1	1	1	0.447	
013_4PH	0	8	1	2	2	0.489	
013_4PH	0	9	2	2	2	0.551	
013_4PH	0	10	2	1	1	0.543	
013_4PH	0	11	1	2	2	0.477	
013_4PH	0	12	2	2	2	0.515	
013_4PH	0	13	2	2	2	0.398	
013_4PH	0	14	1	2	2	0.489	
013_4PH	0	15	2	2	2	0.398	
013_4PH	0	16	2	1	1	0.496	
013_4PH	0	17	1	1	1	0.424	
013_4PH	0	18	2	2	2	0.513	
013_4PH	0	19	1	2	2	0.440	
013_4PH	0	20	2	1	1	0.509	
013_4PH	0	21	1	1	1	0.396	
013_4PH	0	22	1	2	2	0.465	
013_4PH	0	23	2	1	1	0.448	
013_4PH	0	24	2	2	2	0.503	
013_4PH	0	25	1	1	1	0.465	
013_4PH	0	26	1	2	2	0.378	
013_4PH	0	27	1	1	1	0.369	
013_4PH	0	28	1	1	1	0.410	
013_4PH	0	29	1	1	1	0.551	
013_4PH	0	30	2	2	2	0.516	
013_4PH	0	31	2	2	2	0.485	
013_4PH	0	32	2	1	1	0.496	
013_4PH	0	33	1	2	2	0.461	
013_4PH	0	34	1	2	2	0.441	
013_4PH	0	35	2	1	1	0.526	
013_4PH	0	36	2	1	1	0.587	
013_4PH	0	37	1	1	1	0.444	
013_4PH	0	38	2	1	1	0.499	
013_4PH	0	39	2	2	2	0.498	
013_4PH	0	40	1	1	1	0.497	
013_4PH	0	41	1	1	1	0.415	
013_4PH	0	42	2	1	1	0.538	
013_4PH	0	43	2	2	2	0.509	
013_4PH	0	44	1	2	2	0.452	
013_4PH	0	45	1	2	2	0.403	
013_4PH	0	46	2	2	2	0.459	
013_4PH	0	47	2	2	2	0.481	
013_4PH	0	48	2	2	2	0.533	
013_4PH	0	49	1	1	1	0.449	
013_4PH	0	50	2	1	1	0.562	
013_4PH	0	51	2	1	1	0.555	
013_4PH	0	52	1	2	2	0.379	
013_4PH	0	53	1	1	1	0.488	
013_4PH	0	54	1	1	1	0.407	
013_4PH	0	55	1	2	2	0.554	
013_4PH	1	0	1	1	1	0.527	
013_4PH	1	1	2	2	2	0.504	
013_4PH	1	2	2	2	2	0.546	
013_4PH	1	3	2	1	1	0.529	
013_4PH	1	4	1	1	1	0.405	
013_4PH	1	5	2	2	2	0.512	
013_4PH	1	6	2	2	2	0.484	
013_4PH	1	7	2	2	2	0.531	
013_4PH	1	8	1	2	2	0.385	
013_4PH	1	9	2	2	2	0.387	
013_4PH	1	10	1	2	2	0.385	
013_4PH	1	11	1	2	2	0.359	
013_4PH	1	12	1	2	2	0.341	
013_4PH	1	13	1	1	1	0.472	
013_4PH	1	14	1	2	2	0.411	
013_4PH	1	15	2	2	2	0.441	
013_4PH	1	16	2	2	2	0.552	
013_4PH	1	17	1	1	1	0.413	
013_4PH	1	18	1	1	1	0.381	
013_4PH	1	19	1	2	1	0.374	
013_4PH	1	20	2	2	2	0.496	
013_4PH	1	21	2	1	1	0.512	
013_4PH	1	22	2	1	1	0.523	
013_4PH	1	23	2	1	1	0.538	
013_4PH	1	24	1	1	1	0.387	
013_4PH	1	25	1	2	2	0.590	
013_4PH	1	26	1	2	2	0.419	
013_4PH	1	27	2	2	2	0.439	
013_4PH	1	28	1	1	1	0.516	
013_4PH	1	29	1	1	1	0.501	
013_4PH	1	30	1	1	1	0.391	
013_4PH	1	31	1	2	2	0.478	
013_4PH	1	32	2	1	1	0.566	
013_4PH	1	33	2	1	1	0.584	
013_4PH	1	34	2	1	1	0.498	
013_4PH	1	35	2	1	1	0.595	
013_4PH	1	36	2	1	1	0.528	
013_4PH	1	37	2	1	1	0.528	
013_4PH	1	38	2	1	1	0.526	
013_4PH	1	39	2	2	2	0.561	
013_4PH	1	40	2	1	1	0.573	
013_4PH	1	41	1	2	2	0.430	
013_4PH	1	42	1	1	1	0.491	
013_4PH	1	43	2	2	2	0.573	
013_4PH	1	44	1	1	1	0.465	
013_4PH	1	45	1	2	2	0.419	
013_4PH	1	46	2	2	2	0.410	
013_4PH	1	47	1	1	1	0.516	
013_4PH	1	48	2	1	1	0.568	
013_4PH	1	49	1	2	2	0.491	
013_4PH	1	50	1	2	2	0.568	
013_4PH	1	51	2	1	1	0.475	
013_4PH	1	52	1	1	1	0.366	
013_4PH	1	53	2	2	2	0.757	
013_4PH	1	54	1	2	2	0.494	
013_4PH	1	55	1	1	1	0.466	
013_4PH	2	0	1	1	1	0.453	
013_4PH	2	1	2	1	1	0.537	
013_4PH	2	2	2	1	1	0.583	
013_4PH	2	3	1	2	2	0.500	
013_4PH	2	4	2	1	1	0.608	
013_4PH	2	5	2	2	2	0.493	
013_4PH	2	6	2	2	2	0.504	
013_4PH	2	7	1	2	2	0.431	
013_4PH	2	8	2	1	1	0.602	
013_4PH	2	9	1	2	2	0.485	
013_4PH	2	10	2	1	1	0.517	
013_4PH	2	11	2	1	1	0.524	
013_4PH	2	12	2	1	1	0.532	
013_4PH	2	13	1	1	1	0.617	
013_4PH	2	14	1	2	2	0.474	
013_4PH	2	15	1	1	1	0.452	
013_4PH	2	16	1	2	2	0.480	
013_4PH	2	17	2	1	1	0.526	
013_4PH	2	18	2	2	2	0.539	
013_4PH	2	19	1	2	2	0.425	
013_4PH	2	20	1	2	2	0.552	
013_4PH	2	21	1	1	1	0.498	
013_4PH	2	22	2	2	2	0.497	
013_4PH	2	23	2	1	1	0.719	
013_4PH	2	24	2	2	2	0.529	
013_4PH	2	25	1	1	1	0.528	
013_4PH	2	26	2	1	1	0.507	
013_4PH	2	27	1	1	1	0.555	
013_4PH	2	28	1	1	1	0.393	
013_4PH	2	29	1	2	2	0.512	
013_4PH	2	30	1	2	2	0.643	
013_4PH	2	31	2	1	1	0.559	
013_4PH	2	32	2	2	2	0.758	
013_4PH	2	33	1	1	1	0.459	
013_4PH	2	34	1	1	1	0.537	
013_4PH	2	35	2	2	2	0.487	
013_4PH	2	36	2	2	2	0.420	
013_4PH	2	37	2	2	2	0.624	
013_4PH	2	38	2	2	2	0.474	
013_4PH	2	39	1	2	2	0.406	
013_4PH	2	40	1	2	2	0.389	
013_4PH	2	41	2	1	1	0.528	
013_4PH	2	42	2	1	1	0.522	
013_4PH	2	43	2	2	2	0.504	
013_4PH	2	44	2	2	2	0.452	
013_4PH	2	45	1	2	2	0.412	
013_4PH	2	46	1	1	1	0.523	
013_4PH	2	47	2	1	1	0.559	
013_4PH	2	48	1	1	1	0.452	
013_4PH	2	49	1	2	2	0.475	
013_4PH	2	50	2	2	2	0.614	
013_4PH	2	51	1	1	1	0.523	
013_4PH	2	52	2	2	2	0.592	
013_4PH	2	53	1	2	2	0.407	
013_4PH	2	54	1	1	1	0.453	
013_4PH	2	55	1	1	1	0.467	
013_4PH	3	0	1	1	1	0.505	
013_4PH	3	1	1	1	1	0.396	
013_4PH	3	2	2	2	2	0.515	
013_4PH	3	3	1	2	2	0.418	
013_4PH	3	4	2	2	2	0.505	
013_4PH	3	5	1	1	1	0.472	
013_4PH	3	6	2	1	1	0.496	
013_4PH	3	7	1	1	1	0.398	
013_4PH	3	8	2	1	1	0.528	
013_4PH	3	9	1	2	2	0.481	
013_4PH	3	10	1	2	2	0.474	
013_4PH	3	11	1	2	2	0.374	
013_4PH	3	12	2	1	1	0.558	
013_4PH	3	13	1	2	2	0.523	
013_4PH	3	14	1	2	2	0.383	
013_4PH	3	15	1	2	2	0.412	
013_4PH	3	16	1	2	2	0.351	
013_4PH	3	17	2	1	1	0.525	
013_4PH	3	18	2	2	2	0.510	
013_4PH	3	19	1	2	2	0.512	
013_4PH	3	20	2	2	2	0.705	
013_4PH	3	21	1	1	1	0.439	
013_4PH	3	22	2	1	1	0.469	
013_4PH	3	23	2	2	2	0.504	
013_4PH	3	24	2	1	1	0.592	
013_4PH	3	25	2	2	2	0.502	
013_4PH	3	26	2	2	2	0.547	
013_4PH	3	27	1	1	1	0.491	
013_4PH	3	28	2	2	2	0.451	
013_4PH	3	29	1	1	1	0.543	
013_4PH	3	30	2	1	1	0.505	
013_4PH	3	31	1	1	1	0.387	
013_4PH	3	32	1	1	1	0.403	
013_4PH	3	33	2	1	1	0.611	
013_4PH	3	34	2	2	2	0.487	
013_4PH	3	35	1	1	1	0.388	
013_4PH	3	36	2	2	2	0.484	
013_4PH	3	37	2	1	1	0.491	
013_4PH	3	38	1	1	1	0.459	
013_4PH	3	39	2	1	1	0.473	
013_4PH	3	40	2	2	2	0.485	
013_4PH	3	41	1	2	2	0.401	
013_4PH	3	42	1	2	2	0.359	
013_4PH	3	43	1	2	2	0.424	
013_4PH	3	44	1	1	1	0.459	
013_4PH	3	45	1	2	2	0.406	
013_4PH	3	46	1	2	2	0.407	
013_4PH	3	47	1	1	1	0.481	
013_4PH	3	48	2	2	2	0.593	
013_4PH	3	49	2	1	1	0.465	
013_4PH	3	50	2	1	1	0.577	
013_4PH	3	51	2	1	1	0.601	
013_4PH	3	52	2	2	2	0.531	
013_4PH	3	53	2	1	1	0.473	
013_4PH	3	54	2	2	2	0.558	
013_4PH	3	55	1	1	1	0.500	
