sub	block	trial	congr	stim	resp	RT	
013_1KM	0	0	1	1	1	0.659	
013_1KM	0	1	2	1	2	0.422	
013_1KM	0	2	2	2	2	0.540	
013_1KM	0	3	2	2	2	0.600	
013_1KM	0	4	1	1	1	0.429	
013_1KM	0	5	2	2	2	0.556	
013_1KM	0	6	1	1	1	0.519	
013_1KM	0	7	2	2	2	0.543	
013_1KM	0	8	2	1	1	0.527	
013_1KM	0	9	2	2	2	0.497	
013_1KM	0	10	1	1	1	0.549	
013_1KM	0	11	1	2	2	0.487	
013_1KM	0	12	1	1	1	0.513	
013_1KM	0	13	2	2	2	0.592	
013_1KM	0	14	1	2	2	0.429	
013_1KM	0	15	1	1	1	0.463	
013_1KM	0	16	2	1	1	0.627	
013_1KM	0	17	1	2	2	0.528	
013_1KM	0	18	1	1	1	0.409	
013_1KM	0	19	2	1	1	0.522	
013_1KM	0	20	1	2	2	0.537	
013_1KM	0	21	1	2	2	0.535	
013_1KM	0	22	2	1	1	0.463	
013_1KM	0	23	1	1	1	0.464	
013_1KM	0	24	2	1	1	0.536	
013_1KM	0	25	2	2	2	0.492	
013_1KM	0	26	1	1	1	0.478	
013_1KM	0	27	1	2	2	0.492	
013_1KM	0	28	1	1	1	0.434	
013_1KM	0	29	2	1	1	0.549	
013_1KM	0	30	2	1	1	0.579	
013_1KM	0	31	1	1	1	0.491	
013_1KM	0	32	2	2	2	0.507	
013_1KM	0	33	2	2	2	0.534	
013_1KM	0	34	2	1	1	0.559	
013_1KM	0	35	1	2	2	0.525	
013_1KM	0	36	2	2	2	0.500	
013_1KM	0	37	1	2	2	0.578	
013_1KM	0	38	1	2	2	0.510	
013_1KM	0	39	1	2	2	0.459	
013_1KM	0	40	2	1	1	0.548	
013_1KM	0	41	1	2	2	0.688	
013_1KM	0	42	2	1	1	0.506	
013_1KM	0	43	1	1	1	0.512	
013_1KM	0	44	1	1	1	0.493	
013_1KM	0	45	2	2	2	0.602	
013_1KM	0	46	1	2	2	0.771	
013_1KM	0	47	2	2	2	0.560	
013_1KM	0	48	2	1	1	0.552	
013_1KM	0	49	1	1	1	0.687	
013_1KM	0	50	2	2	2	0.872	
013_1KM	0	51	2	1	1	0.499	
013_1KM	0	52	1	2	2	0.487	
013_1KM	0	53	2	1	1	0.546	
013_1KM	0	54	1	2	2	0.426	
013_1KM	0	55	2	2	2	0.515	
013_1KM	1	0	1	1	1	0.667	
013_1KM	1	1	1	1	1	0.473	
013_1KM	1	2	1	1	1	0.449	
013_1KM	1	3	1	2	2	0.519	
013_1KM	1	4	1	2	2	0.436	
013_1KM	1	5	2	2	2	0.553	
013_1KM	1	6	2	1	1	0.511	
013_1KM	1	7	2	2	2	0.438	
013_1KM	1	8	1	1	1	0.491	
013_1KM	1	9	1	1	1	0.512	
013_1KM	1	10	2	1	1	0.539	
013_1KM	1	11	1	2	2	0.463	
013_1KM	1	12	2	2	2	0.614	
013_1KM	1	13	2	1	1	0.467	
013_1KM	1	14	2	2	2	0.483	
013_1KM	1	15	1	1	1	0.453	
013_1KM	1	16	1	1	1	0.420	
013_1KM	1	17	2	2	2	0.492	
013_1KM	1	18	2	2	2	0.445	
013_1KM	1	19	1	1	1	0.473	
013_1KM	1	20	2	1	1	0.513	
013_1KM	1	21	1	2	2	0.447	
013_1KM	1	22	2	1	1	0.599	
013_1KM	1	23	1	2	2	0.479	
013_1KM	1	24	1	1	1	0.489	
013_1KM	1	25	2	1	1	0.683	
013_1KM	1	26	1	2	2	0.470	
013_1KM	1	27	2	1	1	0.505	
013_1KM	1	28	1	2	2	0.450	
013_1KM	1	29	1	1	1	0.457	
013_1KM	1	30	2	2	2	0.581	
013_1KM	1	31	2	1	1	0.579	
013_1KM	1	32	2	1	1	0.526	
013_1KM	1	33	2	2	2	0.464	
013_1KM	1	34	1	2	2	0.404	
013_1KM	1	35	2	1	1	0.467	
013_1KM	1	36	1	1	1	0.444	
013_1KM	1	37	2	2	2	0.685	
013_1KM	1	38	1	1	1	0.432	
013_1KM	1	39	2	1	1	0.476	
013_1KM	1	40	2	1	1	0.577	
013_1KM	1	41	2	1	1	0.521	
013_1KM	1	42	2	2	2	0.524	
013_1KM	1	43	1	2	2	0.502	
013_1KM	1	44	1	1	1	0.427	
013_1KM	1	45	2	2	2	0.478	
013_1KM	1	46	2	1	1	0.446	
013_1KM	1	47	2	2	2	0.407	
013_1KM	1	48	1	2	2	0.498	
013_1KM	1	49	1	2	2	0.422	
013_1KM	1	50	1	2	2	0.436	
013_1KM	1	51	1	2	2	0.438	
013_1KM	1	52	2	2	2	0.610	
013_1KM	1	53	1	1	1	0.485	
013_1KM	1	54	1	2	2	0.516	
013_1KM	1	55	2	2	2	0.471	
013_1KM	2	0	1	1	1	0.571	
013_1KM	2	1	1	1	1	0.394	
013_1KM	2	2	2	1	1	0.526	
013_1KM	2	3	1	2	2	0.439	
013_1KM	2	4	1	2	2	0.429	
013_1KM	2	5	1	1	1	0.405	
013_1KM	2	6	2	2	2	0.591	
013_1KM	2	7	1	2	2	0.423	
013_1KM	2	8	1	1	1	0.349	
013_1KM	2	9	2	2	2	0.500	
013_1KM	2	10	2	1	1	0.473	
013_1KM	2	11	2	1	1	0.478	
013_1KM	2	12	2	2	2	0.456	
013_1KM	2	13	1	2	2	0.401	
013_1KM	2	14	2	2	2	0.552	
013_1KM	2	15	2	2	2	0.440	
013_1KM	2	16	2	1	1	0.498	
013_1KM	2	17	2	2	2	0.522	
013_1KM	2	18	2	2	2	0.542	
013_1KM	2	19	1	1	1	0.600	
013_1KM	2	20	2	1	1	0.552	
013_1KM	2	21	2	1	1	0.511	
013_1KM	2	22	1	1	1	0.433	
013_1KM	2	23	1	1	1	0.389	
013_1KM	2	24	2	1	1	0.531	
013_1KM	2	25	1	2	2	0.516	
013_1KM	2	26	1	2	2	0.459	
013_1KM	2	27	1	2	2	0.410	
013_1KM	2	28	2	2	2	0.518	
013_1KM	2	29	1	2	2	0.395	
013_1KM	2	30	2	2	2	0.437	
013_1KM	2	31	2	1	1	0.636	
013_1KM	2	32	1	2	2	0.461	
013_1KM	2	33	1	1	1	0.501	
013_1KM	2	34	1	2	2	0.450	
013_1KM	2	35	2	1	1	0.534	
013_1KM	2	36	1	1	1	0.503	
013_1KM	2	37	2	2	2	0.451	
013_1KM	2	38	1	1	1	0.507	
013_1KM	2	39	2	1	1	0.484	
013_1KM	2	40	2	2	2	0.578	
013_1KM	2	41	1	2	2	0.401	
013_1KM	2	42	1	1	1	0.515	
013_1KM	2	43	2	2	2	0.471	
013_1KM	2	44	1	1	1	0.467	
013_1KM	2	45	2	2	2	0.456	
013_1KM	2	46	2	1	1	0.585	
013_1KM	2	47	2	1	1	0.559	
013_1KM	2	48	2	1	1	0.496	
013_1KM	2	49	1	2	2	0.496	
013_1KM	2	50	2	2	2	0.542	
013_1KM	2	51	1	1	1	0.447	
013_1KM	2	52	1	2	2	0.450	
013_1KM	2	53	1	2	2	0.478	
013_1KM	2	54	2	1	1	0.504	
013_1KM	2	55	1	1	1	0.641	
013_1KM	3	0	1	2	2	0.657	
013_1KM	3	1	1	1	1	0.514	
013_1KM	3	2	2	1	1	0.579	
013_1KM	3	3	1	1	1	0.443	
013_1KM	3	4	2	2	2	0.522	
013_1KM	3	5	2	2	2	0.493	
013_1KM	3	6	1	2	2	0.460	
013_1KM	3	7	2	2	2	0.475	
013_1KM	3	8	1	2	2	0.473	
013_1KM	3	9	2	1	1	0.540	
013_1KM	3	10	1	1	1	0.449	
013_1KM	3	11	1	2	2	0.620	
013_1KM	3	12	2	1	1	0.517	
013_1KM	3	13	1	2	2	0.489	
013_1KM	3	14	1	1	1	0.495	
013_1KM	3	15	1	1	1	0.619	
013_1KM	3	16	2	2	2	0.765	
013_1KM	3	17	1	1	1	0.466	
013_1KM	3	18	1	1	1	0.487	
013_1KM	3	19	2	2	2	0.537	
013_1KM	3	20	2	2	2	0.476	
013_1KM	3	21	2	1	1	0.486	
013_1KM	3	22	2	1	1	0.442	
013_1KM	3	23	1	2	2	0.465	
013_1KM	3	24	2	2	2	0.536	
013_1KM	3	25	1	2	2	0.561	
013_1KM	3	26	1	2	2	0.392	
013_1KM	3	27	1	2	2	0.429	
013_1KM	3	28	2	2	2	0.525	
013_1KM	3	29	2	1	1	0.549	
013_1KM	3	30	2	1	1	0.484	
013_1KM	3	31	2	2	2	0.556	
013_1KM	3	32	2	1	1	0.696	
013_1KM	3	33	2	1	1	0.487	
013_1KM	3	34	1	1	1	0.451	
013_1KM	3	35	2	1	1	0.582	
013_1KM	3	36	1	2	2	0.479	
013_1KM	3	37	1	1	1	0.453	
013_1KM	3	38	1	2	2	0.426	
013_1KM	3	39	2	1	1	0.480	
013_1KM	3	40	2	2	2	0.534	
013_1KM	3	41	1	2	2	0.475	
013_1KM	3	42	1	1	1	0.432	
013_1KM	3	43	2	2	2	0.442	
013_1KM	3	44	1	1	1	0.439	
013_1KM	3	45	1	1	1	0.430	
013_1KM	3	46	2	2	2	0.499	
013_1KM	3	47	2	1	1	0.457	
013_1KM	3	48	2	2	2	0.442	
013_1KM	3	49	2	2	2	0.590	
013_1KM	3	50	1	2	2	0.425	
013_1KM	3	51	1	2	2	0.398	
013_1KM	3	52	1	1	1	0.445	
013_1KM	3	53	2	1	1	0.640	
013_1KM	3	54	2	1	1	0.533	
013_1KM	3	55	1	1	1	0.405	
