sub	block	trial	congr	stim	resp	RT	
008_1BL	0	0	1	2	2	0.467	
008_1BL	0	1	2	2	1	0.435	
008_1BL	0	2	1	1	1	0.397	
008_1BL	0	3	1	2	2	0.397	
008_1BL	0	4	2	2	2	0.583	
008_1BL	0	5	2	2	2	0.409	
008_1BL	0	6	2	2	2	0.560	
008_1BL	0	7	1	2	2	0.376	
008_1BL	0	8	1	2	2	0.383	
008_1BL	0	9	1	1	1	0.480	
008_1BL	0	10	2	1	1	0.531	
008_1BL	0	11	1	2	2	0.455	
008_1BL	0	12	1	2	2	0.347	
008_1BL	0	13	2	2	2	0.530	
008_1BL	0	14	2	2	2	0.454	
008_1BL	0	15	2	1	1	0.446	
008_1BL	0	16	2	2	2	0.432	
008_1BL	0	17	1	2	2	0.411	
008_1BL	0	18	2	1	1	0.464	
008_1BL	0	19	1	1	1	0.452	
008_1BL	0	20	2	2	2	0.504	
008_1BL	0	21	1	2	2	0.401	
008_1BL	0	22	1	1	1	0.459	
008_1BL	0	23	2	1	1	0.648	
008_1BL	0	24	1	1	1	0.423	
008_1BL	0	25	1	2	2	0.417	
008_1BL	0	26	1	1	1	0.423	
008_1BL	0	27	2	2	2	0.582	
008_1BL	0	28	1	2	2	0.475	
008_1BL	0	29	2	1	1	0.536	
008_1BL	0	30	2	2	2	0.497	
008_1BL	0	31	2	2	2	0.460	
008_1BL	0	32	2	1	1	0.506	
008_1BL	0	33	1	2	2	0.354	
008_1BL	0	34	1	1	1	0.381	
008_1BL	0	35	2	1	2	0.342	
008_1BL	0	36	1	1	1	0.454	
008_1BL	0	37	2	1	1	0.528	
008_1BL	0	38	2	2	2	0.494	
008_1BL	0	39	2	2	2	0.516	
008_1BL	0	40	2	1	1	0.553	
008_1BL	0	41	1	1	1	0.472	
008_1BL	0	42	2	1	1	0.473	
008_1BL	0	43	2	1	1	0.440	
008_1BL	0	44	2	1	1	0.508	
008_1BL	0	45	1	2	2	0.469	
008_1BL	0	46	1	1	1	0.413	
008_1BL	0	47	1	2	2	0.348	
008_1BL	0	48	1	2	2	0.416	
008_1BL	0	49	1	1	1	0.423	
008_1BL	0	50	1	1	1	0.380	
008_1BL	0	51	2	1	1	0.472	
008_1BL	0	52	1	1	1	0.392	
008_1BL	0	53	2	1	1	0.530	
008_1BL	0	54	1	1	1	0.413	
008_1BL	0	55	2	2	2	0.535	
008_1BL	1	0	2	2	2	0.639	
008_1BL	1	1	1	1	1	0.446	
008_1BL	1	2	2	2	2	0.501	
008_1BL	1	3	1	1	1	0.417	
008_1BL	1	4	2	1	1	0.650	
008_1BL	1	5	1	2	2	0.467	
008_1BL	1	6	2	1	1	0.432	
008_1BL	1	7	1	1	1	0.361	
008_1BL	1	8	2	2	2	0.460	
008_1BL	1	9	2	1	1	0.532	
008_1BL	1	10	2	2	2	0.557	
008_1BL	1	11	2	2	2	0.510	
008_1BL	1	12	1	1	1	0.436	
008_1BL	1	13	2	1	1	0.569	
008_1BL	1	14	2	2	2	0.416	
008_1BL	1	15	1	1	1	0.405	
008_1BL	1	16	2	1	1	0.492	
008_1BL	1	17	1	1	1	0.355	
008_1BL	1	18	2	2	2	0.447	
008_1BL	1	19	2	1	1	0.469	
008_1BL	1	20	1	2	2	0.334	
008_1BL	1	21	1	2	2	0.387	
008_1BL	1	22	2	2	2	0.507	
008_1BL	1	23	1	2	2	0.376	
008_1BL	1	24	1	2	2	0.356	
008_1BL	1	25	2	1	1	0.522	
008_1BL	1	26	2	2	2	0.420	
008_1BL	1	27	1	1	1	0.408	
008_1BL	1	28	1	1	1	0.462	
008_1BL	1	29	1	1	1	0.414	
008_1BL	1	30	2	1	1	0.515	
008_1BL	1	31	1	1	1	0.362	
008_1BL	1	32	1	2	2	0.388	
008_1BL	1	33	1	1	1	0.363	
008_1BL	1	34	2	1	1	0.442	
008_1BL	1	35	1	2	2	0.672	
008_1BL	1	36	1	2	2	0.564	
008_1BL	1	37	1	1	1	0.471	
008_1BL	1	38	2	1	1	0.419	
008_1BL	1	39	2	2	2	0.506	
008_1BL	1	40	1	2	2	0.405	
008_1BL	1	41	2	2	2	0.474	
008_1BL	1	42	2	2	2	0.453	
008_1BL	1	43	1	2	2	0.433	
008_1BL	1	44	1	1	2	0.556	
008_1BL	1	45	2	2	2	0.583	
008_1BL	1	46	2	1	1	0.537	
008_1BL	1	47	1	2	2	0.591	
008_1BL	1	48	1	2	2	0.447	
008_1BL	1	49	1	2	2	0.371	
008_1BL	1	50	2	2	2	0.354	
008_1BL	1	51	2	1	1	0.524	
008_1BL	1	52	1	1	1	0.398	
008_1BL	1	53	1	2	2	0.350	
008_1BL	1	54	2	1	1	0.477	
008_1BL	1	55	2	1	1	0.558	
008_1BL	2	0	2	1	1	0.832	
008_1BL	2	1	1	1	1	0.419	
008_1BL	2	2	1	2	2	0.405	
008_1BL	2	3	1	1	1	0.381	
008_1BL	2	4	1	2	2	0.337	
008_1BL	2	5	1	2	2	0.413	
008_1BL	2	6	2	2	1	0.410	
008_1BL	2	7	2	2	2	0.502	
008_1BL	2	8	2	2	2	0.479	
008_1BL	2	9	1	2	2	0.388	
008_1BL	2	10	2	1	1	0.516	
008_1BL	2	11	1	2	2	0.422	
008_1BL	2	12	2	2	2	0.469	
008_1BL	2	13	2	1	2	0.405	
008_1BL	2	14	2	1	1	0.558	
008_1BL	2	15	2	1	1	0.520	
008_1BL	2	16	1	2	2	0.392	
008_1BL	2	17	1	1	1	0.516	
008_1BL	2	18	2	1	1	0.603	
008_1BL	2	19	1	1	1	0.564	
008_1BL	2	20	1	1	1	0.358	
008_1BL	2	21	2	2	2	0.547	
008_1BL	2	22	1	2	2	0.377	
008_1BL	2	23	1	1	1	0.423	
008_1BL	2	24	2	1	1	0.495	
008_1BL	2	25	2	1	1	0.471	
008_1BL	2	26	2	2	2	0.447	
008_1BL	2	27	2	1	1	0.481	
008_1BL	2	28	1	1	1	0.499	
008_1BL	2	29	1	2	2	0.390	
008_1BL	2	30	1	2	2	0.476	
008_1BL	2	31	1	1	1	0.486	
008_1BL	2	32	2	2	2	0.552	
008_1BL	2	33	2	2	2	0.536	
008_1BL	2	34	1	2	2	0.389	
008_1BL	2	35	2	2	2	0.481	
008_1BL	2	36	1	1	1	0.506	
008_1BL	2	37	1	2	2	0.617	
008_1BL	2	38	1	2	2	0.446	
008_1BL	2	39	1	2	2	0.358	
008_1BL	2	40	1	1	1	0.438	
008_1BL	2	41	1	2	2	0.340	
008_1BL	2	42	2	2	2	0.483	
008_1BL	2	43	2	2	2	0.502	
008_1BL	2	44	2	1	1	0.545	
008_1BL	2	45	2	2	2	0.490	
008_1BL	2	46	2	2	2	0.518	
008_1BL	2	47	2	1	1	0.555	
008_1BL	2	48	2	1	1	0.569	
008_1BL	2	49	1	1	1	0.360	
008_1BL	2	50	2	2	2	0.454	
008_1BL	2	51	2	1	1	0.480	
008_1BL	2	52	1	1	1	0.376	
008_1BL	2	53	2	1	1	0.629	
008_1BL	2	54	1	1	1	0.383	
008_1BL	2	55	1	1	1	0.411	
008_1BL	3	0	1	2	2	0.608	
008_1BL	3	1	2	2	2	0.558	
008_1BL	3	2	2	1	1	0.556	
008_1BL	3	3	2	2	2	0.475	
008_1BL	3	4	1	1	1	0.385	
008_1BL	3	5	2	1	1	0.487	
008_1BL	3	6	2	2	2	0.559	
008_1BL	3	7	2	1	1	0.485	
008_1BL	3	8	2	1	1	0.464	
008_1BL	3	9	1	2	2	0.558	
008_1BL	3	10	1	2	2	0.385	
008_1BL	3	11	1	2	2	0.353	
008_1BL	3	12	2	2	2	0.548	
008_1BL	3	13	2	1	1	0.602	
008_1BL	3	14	2	2	2	0.469	
008_1BL	3	15	2	1	1	0.527	
008_1BL	3	16	1	1	1	0.436	
008_1BL	3	17	1	1	1	0.360	
008_1BL	3	18	2	2	2	0.463	
008_1BL	3	19	1	2	2	0.439	
008_1BL	3	20	2	2	2	0.471	
008_1BL	3	21	1	2	2	0.404	
008_1BL	3	22	1	1	1	0.400	
008_1BL	3	23	2	1	1	0.546	
008_1BL	3	24	2	1	1	0.441	
008_1BL	3	25	1	2	2	0.416	
008_1BL	3	26	1	1	1	0.459	
008_1BL	3	27	2	2	2	0.510	
008_1BL	3	28	2	1	1	0.461	
008_1BL	3	29	1	1	1	0.466	
008_1BL	3	30	2	2	2	0.573	
008_1BL	3	31	1	1	1	0.482	
008_1BL	3	32	1	1	1	0.402	
008_1BL	3	33	1	1	1	0.406	
008_1BL	3	34	1	1	1	0.394	
008_1BL	3	35	2	1	1	0.447	
008_1BL	3	36	2	1	1	0.551	
008_1BL	3	37	2	1	1	0.501	
008_1BL	3	38	1	2	2	0.434	
008_1BL	3	39	1	2	2	0.414	
008_1BL	3	40	1	2	2	0.489	
008_1BL	3	41	2	1	1	0.536	
008_1BL	3	42	2	2	2	0.558	
008_1BL	3	43	1	1	1	0.461	
008_1BL	3	44	2	2	2	0.455	
008_1BL	3	45	1	1	1	0.391	
008_1BL	3	46	2	2	2	0.513	
008_1BL	3	47	1	1	1	0.412	
008_1BL	3	48	1	2	2	0.336	
008_1BL	3	49	2	1	1	0.445	
008_1BL	3	50	1	1	1	0.413	
008_1BL	3	51	2	2	2	0.528	
008_1BL	3	52	1	2	2	0.403	
008_1BL	3	53	2	2	2	0.525	
008_1BL	3	54	1	2	2	0.471	
008_1BL	3	55	1	2	2	0.440	
