sub	block	trial	congr	stim	resp	RT	
008_1KM	0	0	1	1	1	0.960	
008_1KM	0	1	1	2	2	0.400	
008_1KM	0	2	1	2	2	0.399	
008_1KM	0	3	2	1	1	0.469	
008_1KM	0	4	1	1	1	0.403	
008_1KM	0	5	1	1	1	0.377	
008_1KM	0	6	2	1	1	0.495	
008_1KM	0	7	1	2	2	0.420	
008_1KM	0	8	2	2	2	0.494	
008_1KM	0	9	1	2	2	0.489	
008_1KM	0	10	2	2	2	0.518	
008_1KM	0	11	2	1	1	0.447	
008_1KM	0	12	1	2	2	0.397	
008_1KM	0	13	2	2	2	0.498	
008_1KM	0	14	2	1	1	0.532	
008_1KM	0	15	2	2	2	0.484	
008_1KM	0	16	1	2	2	0.377	
008_1KM	0	17	1	1	1	0.429	
008_1KM	0	18	2	2	2	0.544	
008_1KM	0	19	1	2	2	0.644	
008_1KM	0	20	2	2	2	0.496	
008_1KM	0	21	2	1	1	0.460	
008_1KM	0	22	1	2	2	0.357	
008_1KM	0	23	2	1	1	0.397	
008_1KM	0	24	2	1	1	0.466	
008_1KM	0	25	1	2	2	0.387	
008_1KM	0	26	1	2	2	0.375	
008_1KM	0	27	1	2	2	0.351	
008_1KM	0	28	1	2	2	0.387	
008_1KM	0	29	2	1	1	0.472	
008_1KM	0	30	1	1	1	0.390	
008_1KM	0	31	1	1	1	0.338	
008_1KM	0	32	1	1	1	0.357	
008_1KM	0	33	2	2	2	0.509	
008_1KM	0	34	2	1	1	0.515	
008_1KM	0	35	2	2	2	0.493	
008_1KM	0	36	2	2	2	0.634	
008_1KM	0	37	2	1	1	0.503	
008_1KM	0	38	1	1	1	0.489	
008_1KM	0	39	2	2	2	0.495	
008_1KM	0	40	1	2	2	0.389	
008_1KM	0	41	2	2	2	0.453	
008_1KM	0	42	2	1	1	0.497	
008_1KM	0	43	1	1	1	0.411	
008_1KM	0	44	1	1	1	0.414	
008_1KM	0	45	1	1	1	0.354	
008_1KM	0	46	1	1	1	0.417	
008_1KM	0	47	2	1	1	0.465	
008_1KM	0	48	2	2	2	0.448	
008_1KM	0	49	2	2	2	0.484	
008_1KM	0	50	1	1	1	0.396	
008_1KM	0	51	2	1	1	0.521	
008_1KM	0	52	2	1	1	0.502	
008_1KM	0	53	1	1	1	0.441	
008_1KM	0	54	1	2	2	0.394	
008_1KM	0	55	2	2	2	0.416	
008_1KM	1	0	1	2	2	0.423	
008_1KM	1	1	2	1	1	0.426	
008_1KM	1	2	1	1	1	0.365	
008_1KM	1	3	1	1	1	0.409	
008_1KM	1	4	1	1	1	0.384	
008_1KM	1	5	1	1	1	0.335	
008_1KM	1	6	2	1	1	0.497	
008_1KM	1	7	2	1	1	0.432	
008_1KM	1	8	2	2	2	0.450	
008_1KM	1	9	1	1	1	0.592	
008_1KM	1	10	1	1	1	0.367	
008_1KM	1	11	2	1	1	0.537	
008_1KM	1	12	2	2	2	0.495	
008_1KM	1	13	1	2	2	0.414	
008_1KM	1	14	2	2	2	0.426	
008_1KM	1	15	2	1	1	0.453	
008_1KM	1	16	2	2	2	0.449	
008_1KM	1	17	1	2	2	0.472	
008_1KM	1	18	2	2	2	0.518	
008_1KM	1	19	1	2	2	0.433	
008_1KM	1	20	1	1	1	0.429	
008_1KM	1	21	1	1	1	0.440	
008_1KM	1	22	2	2	2	0.497	
008_1KM	1	23	2	2	2	0.585	
008_1KM	1	24	1	1	1	0.500	
008_1KM	1	25	2	1	1	0.510	
008_1KM	1	26	1	2	2	0.440	
008_1KM	1	27	1	1	1	0.430	
008_1KM	1	28	2	1	1	0.483	
008_1KM	1	29	1	2	2	0.461	
008_1KM	1	30	2	2	2	0.581	
008_1KM	1	31	1	1	1	0.575	
008_1KM	1	32	1	2	2	0.441	
008_1KM	1	33	1	1	1	0.458	
008_1KM	1	34	2	1	1	0.461	
008_1KM	1	35	1	2	2	0.468	
008_1KM	1	36	2	1	1	0.627	
008_1KM	1	37	2	1	1	0.499	
008_1KM	1	38	1	2	2	0.437	
008_1KM	1	39	1	2	2	0.455	
008_1KM	1	40	2	1	1	0.602	
008_1KM	1	41	2	2	2	0.499	
008_1KM	1	42	1	2	2	0.430	
008_1KM	1	43	1	1	1	0.438	
008_1KM	1	44	1	2	2	0.416	
008_1KM	1	45	2	2	2	0.567	
008_1KM	1	46	2	1	1	0.595	
008_1KM	1	47	2	1	1	0.515	
008_1KM	1	48	1	2	2	0.410	
008_1KM	1	49	2	2	2	0.464	
008_1KM	1	50	2	1	1	0.496	
008_1KM	1	51	1	1	1	0.518	
008_1KM	1	52	2	2	2	0.675	
008_1KM	1	53	2	2	2	0.526	
008_1KM	1	54	1	2	2	0.421	
008_1KM	1	55	2	2	2	0.487	
008_1KM	2	0	1	1	1	0.466	
008_1KM	2	1	2	2	2	0.453	
008_1KM	2	2	1	1	1	0.432	
008_1KM	2	3	2	2	2	0.477	
008_1KM	2	4	2	2	2	0.528	
008_1KM	2	5	1	2	2	0.329	
008_1KM	2	6	2	1	1	0.509	
008_1KM	2	7	1	1	1	0.425	
008_1KM	2	8	1	1	1	0.455	
008_1KM	2	9	2	1	1	0.493	
008_1KM	2	10	2	1	1	0.512	
008_1KM	2	11	1	2	2	0.645	
008_1KM	2	12	2	2	2	0.523	
008_1KM	2	13	2	2	2	0.530	
008_1KM	2	14	1	2	2	0.457	
008_1KM	2	15	1	1	1	0.628	
008_1KM	2	16	1	2	2	0.400	
008_1KM	2	17	2	1	1	0.471	
008_1KM	2	18	1	2	2	0.385	
008_1KM	2	19	1	2	2	0.392	
008_1KM	2	20	2	1	1	0.614	
008_1KM	2	21	1	2	2	0.678	
008_1KM	2	22	2	1	1	0.560	
008_1KM	2	23	1	2	2	0.418	
008_1KM	2	24	2	2	2	0.507	
008_1KM	2	25	1	2	2	0.458	
008_1KM	2	26	2	1	1	0.494	
008_1KM	2	27	2	1	1	0.601	
008_1KM	2	28	2	2	2	0.486	
008_1KM	2	29	1	1	1	0.394	
008_1KM	2	30	1	1	1	0.455	
008_1KM	2	31	1	2	2	0.408	
008_1KM	2	32	2	1	1	0.533	
008_1KM	2	33	2	1	1	0.566	
008_1KM	2	34	2	2	2	0.435	
008_1KM	2	35	1	1	1	0.355	
008_1KM	2	36	1	1	1	0.426	
008_1KM	2	37	2	2	2	0.537	
008_1KM	2	38	2	2	2	0.605	
008_1KM	2	39	2	1	1	0.625	
008_1KM	2	40	1	1	1	0.611	
008_1KM	2	41	1	1	1	0.606	
008_1KM	2	42	1	2	2	0.434	
008_1KM	2	43	2	2	2	0.489	
008_1KM	2	44	1	2	2	0.383	
008_1KM	2	45	1	2	2	0.489	
008_1KM	2	46	1	1	1	0.477	
008_1KM	2	47	2	1	1	0.585	
008_1KM	2	48	2	2	2	0.521	
008_1KM	2	49	2	2	2	0.508	
008_1KM	2	50	1	2	2	0.602	
008_1KM	2	51	2	1	2	0.390	
008_1KM	2	52	1	1	1	0.437	
008_1KM	2	53	2	2	2	0.551	
008_1KM	2	54	2	1	1	0.493	
008_1KM	2	55	1	1	1	0.514	
008_1KM	3	0	2	2	2	0.753	
008_1KM	3	1	2	2	2	0.459	
008_1KM	3	2	1	2	2	0.406	
008_1KM	3	3	1	2	2	0.334	
008_1KM	3	4	2	1	1	0.429	
008_1KM	3	5	1	1	1	0.433	
008_1KM	3	6	1	1	1	0.377	
008_1KM	3	7	1	1	1	0.340	
008_1KM	3	8	1	2	2	0.541	
008_1KM	3	9	2	2	2	0.437	
008_1KM	3	10	1	1	1	0.598	
008_1KM	3	11	2	1	1	0.542	
008_1KM	3	12	1	1	1	0.368	
008_1KM	3	13	1	2	2	0.444	
008_1KM	3	14	2	1	1	0.720	
008_1KM	3	15	2	1	1	0.754	
008_1KM	3	16	1	1	1	0.413	
008_1KM	3	17	2	2	2	0.398	
008_1KM	3	18	1	2	2	0.415	
008_1KM	3	19	2	2	2	0.570	
008_1KM	3	20	1	1	1	0.447	
008_1KM	3	21	2	2	2	0.534	
008_1KM	3	22	1	1	1	0.447	
008_1KM	3	23	2	2	2	0.374	
008_1KM	3	24	2	1	1	0.549	
008_1KM	3	25	1	1	1	0.444	
008_1KM	3	26	1	2	2	0.483	
008_1KM	3	27	2	2	2	0.536	
008_1KM	3	28	2	1	1	0.652	
008_1KM	3	29	2	1	1	0.530	
008_1KM	3	30	1	1	1	0.421	
008_1KM	3	31	2	2	2	0.521	
008_1KM	3	32	1	1	1	0.420	
008_1KM	3	33	1	1	1	0.427	
008_1KM	3	34	2	1	1	0.616	
008_1KM	3	35	1	2	2	0.577	
008_1KM	3	36	2	2	2	0.495	
008_1KM	3	37	1	1	1	0.505	
008_1KM	3	38	2	2	2	0.500	
008_1KM	3	39	1	2	2	0.401	
008_1KM	3	40	2	1	1	0.558	
008_1KM	3	41	1	2	2	0.412	
008_1KM	3	42	2	1	1	0.650	
008_1KM	3	43	1	1	1	0.449	
008_1KM	3	44	2	1	1	0.576	
008_1KM	3	45	2	1	1	0.524	
008_1KM	3	46	2	1	1	0.376	
008_1KM	3	47	2	1	1	0.399	
008_1KM	3	48	1	2	2	0.427	
008_1KM	3	49	2	2	2	0.587	
008_1KM	3	50	2	2	2	0.527	
008_1KM	3	51	1	2	2	0.393	
008_1KM	3	52	1	2	2	0.380	
008_1KM	3	53	1	2	2	0.350	
008_1KM	3	54	2	2	2	0.626	
008_1KM	3	55	1	2	2	0.411	
