sub	block	trial	congr	stim	resp	RT	
015_3DB	0	0	1	2	2	0.483	
015_3DB	0	1	2	2	2	0.638	
015_3DB	0	2	1	2	2	0.432	
015_3DB	0	3	2	2	2	0.455	
015_3DB	0	4	1	1	1	0.489	
015_3DB	0	5	1	1	1	0.446	
015_3DB	0	6	1	2	2	0.432	
015_3DB	0	7	1	1	1	0.504	
015_3DB	0	8	1	1	1	0.459	
015_3DB	0	9	1	1	1	0.466	
015_3DB	0	10	1	2	2	0.502	
015_3DB	0	11	2	1	1	0.536	
015_3DB	0	12	2	2	2	0.492	
015_3DB	0	13	1	1	1	0.469	
015_3DB	0	14	1	2	2	0.403	
015_3DB	0	15	2	1	1	0.503	
015_3DB	0	16	1	1	1	0.495	
015_3DB	0	17	2	1	1	0.589	
015_3DB	0	18	2	2	2	0.491	
015_3DB	0	19	1	1	1	0.452	
015_3DB	0	20	1	1	1	0.454	
015_3DB	0	21	1	1	1	0.497	
015_3DB	0	22	1	2	2	0.474	
015_3DB	0	23	2	2	2	0.552	
015_3DB	0	24	2	1	1	0.534	
015_3DB	0	25	2	1	1	0.560	
015_3DB	0	26	1	2	2	0.461	
015_3DB	0	27	1	1	1	0.509	
015_3DB	0	28	1	2	2	0.481	
015_3DB	0	29	1	2	2	0.481	
015_3DB	0	30	2	1	1	0.550	
015_3DB	0	31	1	2	2	0.423	
015_3DB	0	32	1	1	1	0.500	
015_3DB	0	33	1	2	2	0.440	
015_3DB	0	34	2	2	2	0.564	
015_3DB	0	35	2	2	2	0.504	
015_3DB	0	36	1	2	2	0.439	
015_3DB	0	37	2	1	1	0.514	
015_3DB	0	38	1	1	1	0.486	
015_3DB	0	39	2	1	1	0.635	
015_3DB	0	40	2	1	1	0.598	
015_3DB	0	41	2	2	2	0.564	
015_3DB	0	42	2	2	2	0.479	
015_3DB	0	43	2	1	1	0.535	
015_3DB	0	44	2	2	2	0.518	
015_3DB	0	45	2	2	2	0.514	
015_3DB	0	46	1	2	2	0.421	
015_3DB	0	47	2	2	2	0.456	
015_3DB	0	48	2	2	2	0.604	
015_3DB	0	49	2	1	1	0.590	
015_3DB	0	50	1	2	2	0.455	
015_3DB	0	51	2	1	1	0.526	
015_3DB	0	52	1	1	1	0.475	
015_3DB	0	53	2	1	1	0.628	
015_3DB	0	54	2	1	1	0.485	
015_3DB	0	55	2	2	2	0.494	
015_3DB	1	0	2	1	1	0.476	
015_3DB	1	1	2	2	2	0.488	
015_3DB	1	2	2	2	2	0.457	
015_3DB	1	3	1	1	1	0.510	
015_3DB	1	4	1	2	2	0.441	
015_3DB	1	5	1	1	1	0.424	
015_3DB	1	6	2	1	1	0.462	
015_3DB	1	7	1	1	1	0.459	
015_3DB	1	8	2	1	1	0.496	
015_3DB	1	9	2	2	2	0.582	
015_3DB	1	10	1	2	2	0.405	
015_3DB	1	11	2	2	2	0.427	
015_3DB	1	12	2	1	1	0.550	
015_3DB	1	13	1	1	1	0.439	
015_3DB	1	14	1	1	1	0.434	
015_3DB	1	15	1	1	1	0.425	
015_3DB	1	16	1	2	2	0.468	
015_3DB	1	17	2	2	2	0.459	
015_3DB	1	18	2	2	2	0.530	
015_3DB	1	19	2	1	1	0.514	
015_3DB	1	20	2	2	2	0.434	
015_3DB	1	21	1	2	2	0.371	
015_3DB	1	22	2	2	2	0.383	
015_3DB	1	23	2	2	2	0.427	
015_3DB	1	24	2	1	1	0.544	
015_3DB	1	25	1	2	2	0.462	
015_3DB	1	26	1	1	1	0.488	
015_3DB	1	27	1	1	1	0.502	
015_3DB	1	28	1	1	1	0.452	
015_3DB	1	29	1	2	2	0.442	
015_3DB	1	30	2	1	1	0.534	
015_3DB	1	31	1	1	1	0.473	
015_3DB	1	32	1	2	2	0.435	
015_3DB	1	33	2	1	1	0.448	
015_3DB	1	34	1	2	2	0.402	
015_3DB	1	35	2	2	2	0.521	
015_3DB	1	36	2	1	1	0.398	
015_3DB	1	37	2	1	1	0.433	
015_3DB	1	38	1	1	1	0.391	
015_3DB	1	39	2	2	2	0.485	
015_3DB	1	40	2	2	2	0.426	
015_3DB	1	41	2	2	2	0.352	
015_3DB	1	42	1	2	2	0.386	
015_3DB	1	43	2	1	1	0.499	
015_3DB	1	44	2	1	1	0.500	
015_3DB	1	45	1	2	2	0.444	
015_3DB	1	46	1	2	2	0.426	
015_3DB	1	47	2	1	1	0.493	
015_3DB	1	48	2	1	1	0.554	
015_3DB	1	49	1	1	1	0.459	
015_3DB	1	50	1	1	1	0.454	
015_3DB	1	51	1	2	2	0.440	
015_3DB	1	52	1	2	2	0.457	
015_3DB	1	53	2	2	2	0.637	
015_3DB	1	54	1	2	2	0.401	
015_3DB	1	55	1	1	1	0.489	
015_3DB	2	0	2	1	1	0.574	
015_3DB	2	1	2	1	1	0.371	
015_3DB	2	2	2	2	2	0.462	
015_3DB	2	3	1	2	2	0.415	
015_3DB	2	4	2	1	1	0.525	
015_3DB	2	5	1	1	1	0.370	
015_3DB	2	6	2	2	2	0.471	
015_3DB	2	7	2	2	2	0.384	
015_3DB	2	8	2	1	1	0.519	
015_3DB	2	9	1	1	1	0.442	
015_3DB	2	10	2	1	1	0.587	
015_3DB	2	11	2	1	1	0.376	
015_3DB	2	12	1	2	2	0.456	
015_3DB	2	13	1	2	2	0.408	
015_3DB	2	14	1	2	2	0.365	
015_3DB	2	15	1	1	1	0.474	
015_3DB	2	16	2	2	2	0.442	
015_3DB	2	17	1	2	2	0.374	
015_3DB	2	18	2	2	2	0.561	
015_3DB	2	19	2	1	1	0.513	
015_3DB	2	20	2	1	1	0.607	
015_3DB	2	21	2	2	2	0.429	
015_3DB	2	22	1	1	1	0.437	
015_3DB	2	23	1	1	1	0.427	
015_3DB	2	24	1	2	2	0.440	
015_3DB	2	25	2	2	2	0.503	
015_3DB	2	26	2	1	1	0.582	
015_3DB	2	27	1	2	2	0.448	
015_3DB	2	28	1	2	2	0.429	
015_3DB	2	29	2	2	2	0.436	
015_3DB	2	30	2	2	2	0.392	
015_3DB	2	31	1	2	2	0.438	
015_3DB	2	32	1	1	1	0.445	
015_3DB	2	33	2	1	1	0.519	
015_3DB	2	34	2	1	1	0.617	
015_3DB	2	35	1	2	2	0.424	
015_3DB	2	36	2	1	1	0.458	
015_3DB	2	37	1	1	1	0.394	
015_3DB	2	38	2	2	2	0.443	
015_3DB	2	39	1	2	2	0.392	
015_3DB	2	40	1	1	1	0.432	
015_3DB	2	41	2	2	2	0.458	
015_3DB	2	42	2	1	1	0.467	
015_3DB	2	43	1	1	1	0.422	
015_3DB	2	44	1	2	2	0.451	
015_3DB	2	45	1	1	1	0.421	
015_3DB	2	46	1	2	2	0.572	
015_3DB	2	47	1	1	1	0.363	
015_3DB	2	48	2	2	2	0.423	
015_3DB	2	49	1	1	1	0.486	
015_3DB	2	50	1	1	1	0.377	
015_3DB	2	51	1	2	2	0.421	
015_3DB	2	52	1	1	1	0.433	
015_3DB	2	53	2	2	2	0.465	
015_3DB	2	54	2	1	1	0.425	
015_3DB	2	55	2	2	2	0.391	
015_3DB	3	0	2	1	1	0.579	
015_3DB	3	1	2	2	2	0.412	
015_3DB	3	2	2	2	2	0.477	
015_3DB	3	3	2	2	2	0.376	
015_3DB	3	4	1	2	2	0.380	
015_3DB	3	5	1	2	2	0.349	
015_3DB	3	6	2	1	1	0.508	
015_3DB	3	7	1	2	2	0.419	
015_3DB	3	8	1	1	1	0.402	
015_3DB	3	9	1	2	2	0.445	
015_3DB	3	10	2	2	2	0.507	
015_3DB	3	11	1	2	2	0.391	
015_3DB	3	12	1	1	1	0.458	
015_3DB	3	13	2	1	1	0.392	
015_3DB	3	14	2	1	1	0.501	
015_3DB	3	15	1	2	2	0.392	
015_3DB	3	16	1	2	2	0.420	
015_3DB	3	17	1	2	2	0.383	
015_3DB	3	18	2	1	1	0.482	
015_3DB	3	19	2	2	2	0.435	
015_3DB	3	20	1	1	1	0.418	
015_3DB	3	21	2	2	2	0.413	
015_3DB	3	22	1	1	1	0.439	
015_3DB	3	23	1	1	1	0.378	
015_3DB	3	24	1	1	1	0.374	
015_3DB	3	25	2	2	1	0.333	
015_3DB	3	26	2	1	1	0.479	
015_3DB	3	27	2	1	1	0.582	
015_3DB	3	28	1	2	2	0.443	
015_3DB	3	29	2	2	2	0.580	
015_3DB	3	30	2	1	1	0.580	
015_3DB	3	31	2	2	2	0.421	
015_3DB	3	32	2	1	1	0.472	
015_3DB	3	33	1	2	2	0.399	
015_3DB	3	34	2	1	1	0.448	
015_3DB	3	35	1	2	2	0.400	
015_3DB	3	36	1	2	2	0.424	
015_3DB	3	37	2	1	1	0.498	
015_3DB	3	38	2	1	1	0.477	
015_3DB	3	39	1	1	1	0.448	
015_3DB	3	40	2	2	2	0.517	
015_3DB	3	41	1	1	1	0.444	
015_3DB	3	42	1	1	1	0.404	
015_3DB	3	43	2	2	2	0.456	
015_3DB	3	44	1	1	1	0.394	
015_3DB	3	45	2	2	2	0.428	
015_3DB	3	46	2	2	2	0.460	
015_3DB	3	47	1	2	2	0.397	
015_3DB	3	48	1	1	1	0.494	
015_3DB	3	49	2	2	2	0.454	
015_3DB	3	50	2	1	1	0.648	
015_3DB	3	51	1	1	1	0.442	
015_3DB	3	52	1	1	1	0.384	
015_3DB	3	53	1	1	1	0.400	
015_3DB	3	54	2	1	1	0.480	
015_3DB	3	55	1	2	2	0.424	
