sub	block	trial	congr	stim	resp	RT	
018_6GS	0	0	1	2	1	0.313	
018_6GS	0	1	2	2	2	0.821	
018_6GS	0	2	2	1	1	0.520	
018_6GS	0	3	1	1	1	0.405	
018_6GS	0	4	2	1	1	0.425	
018_6GS	0	5	2	2	1	0.427	
018_6GS	0	6	2	1	1	0.446	
018_6GS	0	7	2	1	1	0.564	
018_6GS	0	8	2	2	2	0.468	
018_6GS	0	9	1	2	2	0.422	
018_6GS	0	10	1	2	2	0.646	
018_6GS	0	11	2	1	1	0.456	
018_6GS	0	12	1	1	1	0.387	
018_6GS	0	13	2	1	1	0.434	
018_6GS	0	14	2	2	2	0.418	
018_6GS	0	15	1	2	2	0.394	
018_6GS	0	16	1	1	1	0.387	
018_6GS	0	17	2	1	1	0.578	
018_6GS	0	18	2	2	2	0.516	
018_6GS	0	19	2	2	1	0.450	
018_6GS	0	20	2	1	1	0.404	
018_6GS	0	21	1	2	999	999.000	
018_6GS	0	22	1	1	1	0.965	
018_6GS	0	23	1	2	2	0.380	
018_6GS	0	24	2	2	2	0.448	
018_6GS	0	25	1	1	1	0.402	
018_6GS	0	26	1	1	1	0.419	
018_6GS	0	27	2	1	1	0.438	
018_6GS	0	28	1	2	2	0.403	
018_6GS	0	29	2	1	1	0.460	
018_6GS	0	30	2	1	1	0.526	
018_6GS	0	31	1	2	2	0.422	
018_6GS	0	32	1	1	1	0.375	
018_6GS	0	33	1	2	2	0.342	
018_6GS	0	34	1	1	1	0.391	
018_6GS	0	35	2	1	2	0.387	
018_6GS	0	36	1	2	2	0.391	
018_6GS	0	37	2	1	1	0.487	
018_6GS	0	38	1	2	2	0.462	
018_6GS	0	39	2	2	2	0.589	
018_6GS	0	40	2	2	2	0.495	
018_6GS	0	41	2	1	1	0.411	
018_6GS	0	42	1	2	2	0.415	
018_6GS	0	43	1	1	1	0.433	
018_6GS	0	44	2	2	2	0.509	
018_6GS	0	45	2	2	2	0.458	
018_6GS	0	46	1	1	1	0.395	
018_6GS	0	47	1	2	2	0.405	
018_6GS	0	48	1	1	1	0.411	
018_6GS	0	49	2	2	2	0.488	
018_6GS	0	50	2	2	2	0.453	
018_6GS	0	51	2	2	2	0.489	
018_6GS	0	52	1	1	1	0.465	
018_6GS	0	53	1	1	1	0.414	
018_6GS	0	54	1	2	2	0.389	
018_6GS	0	55	1	1	1	0.404	
018_6GS	1	0	2	2	2	0.653	
018_6GS	1	1	2	1	1	0.474	
018_6GS	1	2	1	2	2	0.437	
018_6GS	1	3	2	2	2	0.485	
018_6GS	1	4	2	2	2	0.498	
018_6GS	1	5	1	1	1	0.457	
018_6GS	1	6	2	1	1	0.425	
018_6GS	1	7	2	1	1	0.416	
018_6GS	1	8	1	1	1	0.397	
018_6GS	1	9	2	2	2	0.445	
018_6GS	1	10	2	2	2	0.481	
018_6GS	1	11	1	1	1	0.399	
018_6GS	1	12	1	1	1	0.451	
018_6GS	1	13	1	2	2	0.488	
018_6GS	1	14	1	1	1	0.576	
018_6GS	1	15	2	2	2	0.461	
018_6GS	1	16	2	1	1	0.439	
018_6GS	1	17	2	1	1	0.436	
018_6GS	1	18	2	2	2	0.349	
018_6GS	1	19	2	2	2	0.456	
018_6GS	1	20	1	1	1	0.392	
018_6GS	1	21	1	1	2	0.406	
018_6GS	1	22	1	1	1	0.443	
018_6GS	1	23	2	1	1	0.512	
018_6GS	1	24	2	1	1	0.436	
018_6GS	1	25	1	1	1	0.378	
018_6GS	1	26	2	2	2	0.415	
018_6GS	1	27	2	1	1	0.455	
018_6GS	1	28	1	2	2	0.389	
018_6GS	1	29	2	1	1	0.405	
018_6GS	1	30	1	2	2	0.500	
018_6GS	1	31	1	2	2	0.405	
018_6GS	1	32	2	2	2	0.442	
018_6GS	1	33	2	1	1	0.420	
018_6GS	1	34	1	1	1	0.371	
018_6GS	1	35	1	1	1	0.460	
018_6GS	1	36	1	2	2	0.518	
018_6GS	1	37	1	2	2	0.419	
018_6GS	1	38	2	1	1	0.696	
018_6GS	1	39	2	2	2	0.439	
018_6GS	1	40	1	1	1	0.403	
018_6GS	1	41	1	1	1	0.371	
018_6GS	1	42	1	2	2	0.395	
018_6GS	1	43	2	2	2	0.465	
018_6GS	1	44	1	2	2	0.435	
018_6GS	1	45	1	2	2	0.438	
018_6GS	1	46	2	1	1	0.456	
018_6GS	1	47	1	1	1	0.375	
018_6GS	1	48	1	2	2	0.408	
018_6GS	1	49	1	2	2	0.381	
018_6GS	1	50	2	2	2	0.361	
018_6GS	1	51	1	2	2	0.397	
018_6GS	1	52	2	1	1	0.413	
018_6GS	1	53	2	1	1	0.449	
018_6GS	1	54	2	2	2	0.452	
018_6GS	1	55	1	2	2	0.417	
018_6GS	2	0	2	2	2	0.459	
018_6GS	2	1	2	1	1	0.408	
018_6GS	2	2	2	2	2	0.462	
018_6GS	2	3	2	1	1	0.349	
018_6GS	2	4	1	1	1	0.415	
018_6GS	2	5	1	2	2	0.389	
018_6GS	2	6	2	2	2	0.456	
018_6GS	2	7	2	2	2	0.406	
018_6GS	2	8	2	1	2	0.355	
018_6GS	2	9	1	1	1	0.411	
018_6GS	2	10	2	1	1	0.539	
018_6GS	2	11	2	1	1	0.463	
018_6GS	2	12	2	2	2	0.426	
018_6GS	2	13	2	1	1	0.463	
018_6GS	2	14	2	1	1	0.432	
018_6GS	2	15	1	2	2	0.738	
018_6GS	2	16	1	2	2	0.407	
018_6GS	2	17	1	2	2	0.413	
018_6GS	2	18	2	1	1	0.391	
018_6GS	2	19	2	1	1	0.397	
018_6GS	2	20	2	1	1	0.424	
018_6GS	2	21	1	2	2	0.505	
018_6GS	2	22	1	2	2	0.382	
018_6GS	2	23	1	1	1	0.360	
018_6GS	2	24	2	2	2	0.433	
018_6GS	2	25	2	2	1	0.383	
018_6GS	2	26	1	1	1	0.398	
018_6GS	2	27	1	1	1	0.383	
018_6GS	2	28	1	2	2	0.420	
018_6GS	2	29	2	1	1	0.516	
018_6GS	2	30	1	1	1	0.426	
018_6GS	2	31	1	1	1	0.362	
018_6GS	2	32	2	2	2	0.484	
018_6GS	2	33	1	2	2	0.450	
018_6GS	2	34	2	1	1	0.465	
018_6GS	2	35	1	2	2	0.604	
018_6GS	2	36	1	1	1	0.459	
018_6GS	2	37	1	1	1	0.365	
018_6GS	2	38	1	1	1	0.346	
018_6GS	2	39	2	2	2	0.362	
018_6GS	2	40	2	1	1	0.399	
018_6GS	2	41	1	1	2	0.342	
018_6GS	2	42	1	2	2	0.420	
018_6GS	2	43	1	2	2	0.353	
018_6GS	2	44	1	1	1	0.361	
018_6GS	2	45	1	2	2	0.394	
018_6GS	2	46	1	2	2	0.360	
018_6GS	2	47	1	1	1	0.368	
018_6GS	2	48	2	2	2	0.493	
018_6GS	2	49	2	2	2	0.378	
018_6GS	2	50	2	2	1	0.407	
018_6GS	2	51	2	2	2	0.434	
018_6GS	2	52	2	2	2	0.378	
018_6GS	2	53	1	2	2	0.352	
018_6GS	2	54	2	1	1	0.609	
018_6GS	2	55	1	1	1	0.435	
018_6GS	3	0	2	1	1	0.458	
018_6GS	3	1	2	1	1	0.427	
018_6GS	3	2	1	1	1	0.380	
018_6GS	3	3	1	2	2	0.445	
018_6GS	3	4	1	2	2	0.410	
018_6GS	3	5	1	1	1	0.315	
018_6GS	3	6	2	1	1	0.452	
018_6GS	3	7	1	2	2	0.447	
018_6GS	3	8	1	1	1	0.354	
018_6GS	3	9	1	2	2	0.428	
018_6GS	3	10	1	1	1	0.344	
018_6GS	3	11	2	2	2	0.420	
018_6GS	3	12	2	2	2	0.447	
018_6GS	3	13	2	2	2	0.415	
018_6GS	3	14	2	2	1	0.317	
018_6GS	3	15	1	1	1	0.445	
018_6GS	3	16	1	2	2	0.447	
018_6GS	3	17	2	1	1	0.460	
018_6GS	3	18	2	1	2	0.386	
018_6GS	3	19	1	1	1	0.369	
018_6GS	3	20	1	2	2	0.359	
018_6GS	3	21	1	2	2	0.421	
018_6GS	3	22	2	2	2	0.407	
018_6GS	3	23	1	1	1	0.421	
018_6GS	3	24	2	2	1	0.372	
018_6GS	3	25	2	2	2	0.528	
018_6GS	3	26	2	2	2	0.533	
018_6GS	3	27	1	1	1	0.438	
018_6GS	3	28	2	2	2	0.781	
018_6GS	3	29	1	2	2	0.681	
018_6GS	3	30	1	1	1	0.515	
018_6GS	3	31	1	2	2	0.669	
018_6GS	3	32	1	1	1	0.489	
018_6GS	3	33	2	1	1	0.534	
018_6GS	3	34	2	2	2	0.531	
018_6GS	3	35	2	1	1	0.387	
018_6GS	3	36	2	1	1	0.514	
018_6GS	3	37	2	2	2	0.627	
018_6GS	3	38	2	1	1	0.475	
018_6GS	3	39	1	2	2	0.459	
018_6GS	3	40	1	2	2	0.387	
018_6GS	3	41	2	1	1	0.415	
018_6GS	3	42	2	2	2	0.466	
018_6GS	3	43	2	1	1	0.437	
018_6GS	3	44	1	1	1	0.538	
018_6GS	3	45	1	1	1	0.368	
018_6GS	3	46	1	1	1	0.373	
018_6GS	3	47	1	2	2	0.420	
018_6GS	3	48	2	2	1	0.383	
018_6GS	3	49	2	1	1	0.433	
018_6GS	3	50	2	1	1	0.428	
018_6GS	3	51	1	2	2	0.435	
018_6GS	3	52	1	2	2	0.404	
018_6GS	3	53	1	1	1	0.444	
018_6GS	3	54	2	1	1	0.531	
018_6GS	3	55	2	2	2	0.485	
