sub	block	trial	congr	stim	resp	RT	
004_6GS	0	0	2	1	1	0.540	
004_6GS	0	1	2	2	2	0.415	
004_6GS	0	2	1	1	1	0.361	
004_6GS	0	3	2	2	2	0.346	
004_6GS	0	4	1	2	2	0.379	
004_6GS	0	5	1	1	1	0.391	
004_6GS	0	6	1	2	2	0.331	
004_6GS	0	7	1	2	2	0.337	
004_6GS	0	8	1	2	2	0.360	
004_6GS	0	9	2	2	2	0.346	
004_6GS	0	10	2	1	1	0.405	
004_6GS	0	11	1	1	1	0.406	
004_6GS	0	12	2	1	1	0.470	
004_6GS	0	13	2	1	1	0.415	
004_6GS	0	14	2	2	2	0.458	
004_6GS	0	15	1	2	2	0.410	
004_6GS	0	16	1	2	2	0.362	
004_6GS	0	17	1	2	2	0.429	
004_6GS	0	18	2	2	2	0.358	
004_6GS	0	19	1	1	1	0.811	
004_6GS	0	20	2	1	1	0.448	
004_6GS	0	21	1	2	2	0.434	
004_6GS	0	22	2	1	1	0.408	
004_6GS	0	23	1	1	1	0.428	
004_6GS	0	24	2	1	1	0.411	
004_6GS	0	25	2	2	2	0.399	
004_6GS	0	26	1	1	1	0.373	
004_6GS	0	27	1	2	2	0.364	
004_6GS	0	28	2	1	1	0.382	
004_6GS	0	29	1	1	1	0.361	
004_6GS	0	30	2	1	1	0.379	
004_6GS	0	31	1	1	1	0.348	
004_6GS	0	32	2	2	1	0.320	
004_6GS	0	33	1	2	2	0.389	
004_6GS	0	34	2	1	1	0.384	
004_6GS	0	35	1	2	2	0.340	
004_6GS	0	36	1	1	1	0.326	
004_6GS	0	37	2	2	2	0.333	
004_6GS	0	38	1	2	2	0.345	
004_6GS	0	39	1	1	1	0.363	
004_6GS	0	40	2	1	1	0.425	
004_6GS	0	41	1	2	2	0.380	
004_6GS	0	42	2	2	2	0.351	
004_6GS	0	43	1	1	1	0.339	
004_6GS	0	44	2	2	2	0.423	
004_6GS	0	45	1	2	2	0.386	
004_6GS	0	46	2	1	1	0.410	
004_6GS	0	47	2	2	2	0.330	
004_6GS	0	48	1	1	1	0.384	
004_6GS	0	49	2	2	2	0.404	
004_6GS	0	50	2	1	1	0.391	
004_6GS	0	51	1	1	1	0.382	
004_6GS	0	52	2	2	2	0.363	
004_6GS	0	53	2	1	1	0.501	
004_6GS	0	54	1	1	1	0.379	
004_6GS	0	55	2	2	2	0.419	
004_6GS	1	0	1	2	2	0.365	
004_6GS	1	1	1	1	1	0.398	
004_6GS	1	2	2	2	2	0.498	
004_6GS	1	3	1	1	1	0.361	
004_6GS	1	4	1	1	1	0.390	
004_6GS	1	5	2	2	2	0.352	
004_6GS	1	6	2	1	1	0.430	
004_6GS	1	7	1	2	2	0.421	
004_6GS	1	8	2	1	1	0.372	
004_6GS	1	9	2	1	1	0.392	
004_6GS	1	10	2	1	1	0.395	
004_6GS	1	11	2	2	2	0.437	
004_6GS	1	12	2	1	1	0.363	
004_6GS	1	13	1	2	2	0.339	
004_6GS	1	14	1	1	1	0.341	
004_6GS	1	15	1	1	1	0.398	
004_6GS	1	16	1	2	2	0.428	
004_6GS	1	17	2	1	1	0.340	
004_6GS	1	18	1	1	1	0.375	
004_6GS	1	19	1	2	2	0.386	
004_6GS	1	20	1	2	2	0.367	
004_6GS	1	21	1	1	1	0.369	
004_6GS	1	22	1	1	1	0.385	
004_6GS	1	23	1	1	1	0.400	
004_6GS	1	24	1	2	2	0.381	
004_6GS	1	25	1	2	2	0.400	
004_6GS	1	26	1	2	2	0.438	
004_6GS	1	27	2	1	2	0.434	
004_6GS	1	28	2	1	1	0.499	
004_6GS	1	29	2	2	2	0.430	
004_6GS	1	30	1	1	1	0.362	
004_6GS	1	31	1	1	1	0.344	
004_6GS	1	32	2	2	2	0.583	
004_6GS	1	33	2	2	1	0.351	
004_6GS	1	34	2	1	1	0.384	
004_6GS	1	35	2	1	1	0.400	
004_6GS	1	36	1	1	1	0.335	
004_6GS	1	37	2	2	2	0.403	
004_6GS	1	38	2	2	2	0.438	
004_6GS	1	39	1	2	2	0.392	
004_6GS	1	40	2	2	2	0.468	
004_6GS	1	41	2	2	2	0.459	
004_6GS	1	42	2	2	1	0.436	
004_6GS	1	43	1	2	2	0.400	
004_6GS	1	44	2	1	1	0.486	
004_6GS	1	45	2	1	1	0.464	
004_6GS	1	46	1	2	2	0.420	
004_6GS	1	47	2	1	1	0.446	
004_6GS	1	48	1	1	1	0.323	
004_6GS	1	49	1	2	2	0.373	
004_6GS	1	50	2	2	1	0.347	
004_6GS	1	51	1	1	1	0.340	
004_6GS	1	52	2	2	2	0.486	
004_6GS	1	53	1	2	2	0.389	
004_6GS	1	54	2	1	1	0.439	
004_6GS	1	55	2	2	1	0.371	
004_6GS	2	0	2	2	2	0.499	
004_6GS	2	1	1	2	2	0.358	
004_6GS	2	2	1	1	1	0.353	
004_6GS	2	3	2	1	1	0.428	
004_6GS	2	4	2	2	2	0.464	
004_6GS	2	5	2	1	1	0.440	
004_6GS	2	6	2	2	2	0.432	
004_6GS	2	7	2	1	1	0.414	
004_6GS	2	8	1	1	1	0.432	
004_6GS	2	9	1	2	2	0.429	
004_6GS	2	10	1	1	1	0.373	
004_6GS	2	11	2	2	2	0.390	
004_6GS	2	12	2	1	1	0.447	
004_6GS	2	13	1	2	2	0.369	
004_6GS	2	14	2	2	1	0.360	
004_6GS	2	15	1	2	2	0.405	
004_6GS	2	16	2	1	2	0.353	
004_6GS	2	17	1	2	2	0.363	
004_6GS	2	18	2	2	2	0.480	
004_6GS	2	19	1	2	2	0.422	
004_6GS	2	20	2	1	1	0.446	
004_6GS	2	21	2	2	2	0.458	
004_6GS	2	22	2	2	2	0.501	
004_6GS	2	23	1	2	2	0.442	
004_6GS	2	24	1	2	2	0.407	
004_6GS	2	25	2	1	1	0.468	
004_6GS	2	26	1	1	1	0.372	
004_6GS	2	27	2	2	2	0.459	
004_6GS	2	28	2	1	1	0.500	
004_6GS	2	29	1	1	1	0.401	
004_6GS	2	30	2	1	2	0.404	
004_6GS	2	31	1	1	1	0.426	
004_6GS	2	32	1	1	1	0.410	
004_6GS	2	33	1	2	2	0.394	
004_6GS	2	34	2	1	1	0.446	
004_6GS	2	35	1	1	1	0.361	
004_6GS	2	36	1	2	2	0.361	
004_6GS	2	37	2	2	2	0.562	
004_6GS	2	38	2	2	2	0.346	
004_6GS	2	39	1	1	1	0.339	
004_6GS	2	40	2	2	2	0.426	
004_6GS	2	41	1	1	1	0.373	
004_6GS	2	42	1	2	2	0.360	
004_6GS	2	43	2	1	1	0.397	
004_6GS	2	44	2	2	2	0.478	
004_6GS	2	45	1	2	2	0.423	
004_6GS	2	46	1	1	1	0.385	
004_6GS	2	47	2	2	2	0.510	
004_6GS	2	48	2	1	2	0.465	
004_6GS	2	49	1	2	2	0.352	
004_6GS	2	50	1	1	1	0.378	
004_6GS	2	51	1	2	2	0.347	
004_6GS	2	52	1	1	1	0.377	
004_6GS	2	53	2	1	2	0.394	
004_6GS	2	54	2	1	1	0.490	
004_6GS	2	55	1	1	1	0.377	
004_6GS	3	0	1	1	1	0.381	
004_6GS	3	1	1	2	2	0.456	
004_6GS	3	2	2	2	2	0.430	
004_6GS	3	3	1	2	2	0.446	
004_6GS	3	4	2	2	2	0.466	
004_6GS	3	5	2	1	1	0.485	
004_6GS	3	6	2	2	2	0.462	
004_6GS	3	7	1	2	2	0.385	
004_6GS	3	8	1	1	1	0.342	
004_6GS	3	9	2	2	2	0.445	
004_6GS	3	10	2	1	1	0.382	
004_6GS	3	11	1	1	1	0.365	
004_6GS	3	12	2	2	2	0.463	
004_6GS	3	13	1	1	1	0.367	
004_6GS	3	14	2	1	1	0.488	
004_6GS	3	15	2	2	2	0.395	
004_6GS	3	16	1	2	2	0.379	
004_6GS	3	17	2	1	1	0.407	
004_6GS	3	18	2	1	1	0.433	
004_6GS	3	19	1	1	1	0.374	
004_6GS	3	20	2	2	2	0.438	
004_6GS	3	21	2	1	1	0.364	
004_6GS	3	22	1	1	1	0.392	
004_6GS	3	23	2	1	1	0.405	
004_6GS	3	24	1	2	2	0.337	
004_6GS	3	25	2	2	1	0.395	
004_6GS	3	26	1	2	2	0.406	
004_6GS	3	27	1	2	2	0.360	
004_6GS	3	28	2	1	1	0.442	
004_6GS	3	29	2	1	1	0.442	
004_6GS	3	30	2	2	2	0.453	
004_6GS	3	31	2	2	2	0.443	
004_6GS	3	32	1	2	2	0.378	
004_6GS	3	33	1	2	2	0.348	
004_6GS	3	34	2	1	2	0.564	
004_6GS	3	35	2	1	1	0.376	
004_6GS	3	36	1	2	2	0.372	
004_6GS	3	37	2	2	2	0.523	
004_6GS	3	38	2	1	1	0.380	
004_6GS	3	39	1	2	2	0.524	
004_6GS	3	40	2	2	2	0.462	
004_6GS	3	41	1	1	1	0.401	
004_6GS	3	42	1	1	1	0.385	
004_6GS	3	43	1	1	1	0.390	
004_6GS	3	44	2	2	1	0.354	
004_6GS	3	45	1	2	2	0.446	
004_6GS	3	46	2	1	1	0.414	
004_6GS	3	47	1	1	1	0.407	
004_6GS	3	48	2	1	1	0.422	
004_6GS	3	49	2	2	2	0.454	
004_6GS	3	50	1	2	2	0.475	
004_6GS	3	51	1	2	2	0.432	
004_6GS	3	52	1	1	1	0.376	
004_6GS	3	53	1	1	1	0.428	
004_6GS	3	54	1	1	1	0.376	
004_6GS	3	55	1	1	1	0.411	
