sub	block	trial	congr	stim	resp	RT	
008_2NM	0	0	1	1	1	0.612	
008_2NM	0	1	2	1	1	0.508	
008_2NM	0	2	2	1	1	0.521	
008_2NM	0	3	2	2	2	0.483	
008_2NM	0	4	1	2	2	0.324	
008_2NM	0	5	1	2	2	0.303	
008_2NM	0	6	2	1	1	0.437	
008_2NM	0	7	1	2	2	0.431	
008_2NM	0	8	2	2	2	0.529	
008_2NM	0	9	2	2	2	0.463	
008_2NM	0	10	1	1	1	0.435	
008_2NM	0	11	1	1	1	0.419	
008_2NM	0	12	1	2	2	0.337	
008_2NM	0	13	1	2	2	0.331	
008_2NM	0	14	2	1	1	0.431	
008_2NM	0	15	1	1	1	0.338	
008_2NM	0	16	1	1	1	0.396	
008_2NM	0	17	1	1	1	0.327	
008_2NM	0	18	2	2	2	0.449	
008_2NM	0	19	1	1	1	0.476	
008_2NM	0	20	2	1	1	0.618	
008_2NM	0	21	1	1	1	0.403	
008_2NM	0	22	1	2	2	0.370	
008_2NM	0	23	1	1	1	0.428	
008_2NM	0	24	2	1	1	0.549	
008_2NM	0	25	2	1	1	0.499	
008_2NM	0	26	2	1	1	0.413	
008_2NM	0	27	2	2	2	0.502	
008_2NM	0	28	2	2	2	0.430	
008_2NM	0	29	2	1	1	0.465	
008_2NM	0	30	2	1	1	0.472	
008_2NM	0	31	2	2	2	0.455	
008_2NM	0	32	2	2	2	0.471	
008_2NM	0	33	1	2	2	0.547	
008_2NM	0	34	1	1	1	0.412	
008_2NM	0	35	2	2	2	0.444	
008_2NM	0	36	2	2	2	0.368	
008_2NM	0	37	1	2	2	0.360	
008_2NM	0	38	1	1	1	0.589	
008_2NM	0	39	1	2	2	0.369	
008_2NM	0	40	1	1	1	0.345	
008_2NM	0	41	2	2	2	0.482	
008_2NM	0	42	1	2	2	0.319	
008_2NM	0	43	1	2	2	0.326	
008_2NM	0	44	1	2	2	0.354	
008_2NM	0	45	2	1	1	0.452	
008_2NM	0	46	1	2	2	0.334	
008_2NM	0	47	2	2	2	0.505	
008_2NM	0	48	2	2	2	0.467	
008_2NM	0	49	1	1	1	0.413	
008_2NM	0	50	2	1	1	0.514	
008_2NM	0	51	2	1	1	0.432	
008_2NM	0	52	2	1	1	0.397	
008_2NM	0	53	2	2	1	0.368	
008_2NM	0	54	1	2	2	0.408	
008_2NM	0	55	1	1	1	0.488	
008_2NM	1	0	2	1	1	0.670	
008_2NM	1	1	2	2	2	0.460	
008_2NM	1	2	2	1	1	0.455	
008_2NM	1	3	2	1	1	0.534	
008_2NM	1	4	1	1	1	0.400	
008_2NM	1	5	2	2	2	0.525	
008_2NM	1	6	2	2	2	0.439	
008_2NM	1	7	2	1	1	0.453	
008_2NM	1	8	2	2	2	0.411	
008_2NM	1	9	1	2	2	0.402	
008_2NM	1	10	1	1	1	0.432	
008_2NM	1	11	2	1	1	0.513	
008_2NM	1	12	2	1	1	0.491	
008_2NM	1	13	2	1	1	0.538	
008_2NM	1	14	1	2	2	0.512	
008_2NM	1	15	1	1	1	0.422	
008_2NM	1	16	1	1	1	0.401	
008_2NM	1	17	1	1	1	0.380	
008_2NM	1	18	2	2	2	0.446	
008_2NM	1	19	1	1	1	0.352	
008_2NM	1	20	1	1	1	0.365	
008_2NM	1	21	2	2	2	0.496	
008_2NM	1	22	2	1	1	0.426	
008_2NM	1	23	1	2	2	0.343	
008_2NM	1	24	1	2	2	0.327	
008_2NM	1	25	2	1	1	0.489	
008_2NM	1	26	2	1	2	0.398	
008_2NM	1	27	1	1	1	0.447	
008_2NM	1	28	1	2	2	0.380	
008_2NM	1	29	1	2	2	0.304	
008_2NM	1	30	2	2	1	0.428	
008_2NM	1	31	2	1	1	0.505	
008_2NM	1	32	1	2	2	0.440	
008_2NM	1	33	1	1	1	0.489	
008_2NM	1	34	1	1	1	0.450	
008_2NM	1	35	2	2	2	0.686	
008_2NM	1	36	2	2	2	0.516	
008_2NM	1	37	2	2	2	0.488	
008_2NM	1	38	2	1	1	0.559	
008_2NM	1	39	1	2	2	0.390	
008_2NM	1	40	1	2	2	0.376	
008_2NM	1	41	1	2	2	0.350	
008_2NM	1	42	1	2	2	0.390	
008_2NM	1	43	1	1	1	0.465	
008_2NM	1	44	2	2	2	0.446	
008_2NM	1	45	1	1	1	0.510	
008_2NM	1	46	1	1	1	0.531	
008_2NM	1	47	1	2	2	0.401	
008_2NM	1	48	2	2	2	0.534	
008_2NM	1	49	1	1	1	0.454	
008_2NM	1	50	2	2	2	0.455	
008_2NM	1	51	1	2	2	0.343	
008_2NM	1	52	2	1	1	0.518	
008_2NM	1	53	2	1	2	0.395	
008_2NM	1	54	2	2	2	0.512	
008_2NM	1	55	1	2	2	0.419	
008_2NM	2	0	2	2	2	0.658	
008_2NM	2	1	1	1	1	0.468	
008_2NM	2	2	2	1	1	0.525	
008_2NM	2	3	1	1	1	0.367	
008_2NM	2	4	1	2	2	0.389	
008_2NM	2	5	1	1	1	0.369	
008_2NM	2	6	2	2	2	0.426	
008_2NM	2	7	1	1	1	0.430	
008_2NM	2	8	2	1	1	0.449	
008_2NM	2	9	2	1	1	0.501	
008_2NM	2	10	2	1	1	0.501	
008_2NM	2	11	1	2	2	0.470	
008_2NM	2	12	1	1	1	0.466	
008_2NM	2	13	2	1	1	0.449	
008_2NM	2	14	2	2	2	0.465	
008_2NM	2	15	1	2	2	0.395	
008_2NM	2	16	1	2	2	0.300	
008_2NM	2	17	1	2	2	0.316	
008_2NM	2	18	2	1	1	0.536	
008_2NM	2	19	1	1	1	0.406	
008_2NM	2	20	2	2	2	0.461	
008_2NM	2	21	1	1	1	0.372	
008_2NM	2	22	1	1	1	0.412	
008_2NM	2	23	2	1	1	0.571	
008_2NM	2	24	2	2	2	0.490	
008_2NM	2	25	1	1	1	0.383	
008_2NM	2	26	1	2	2	0.375	
008_2NM	2	27	2	1	1	0.419	
008_2NM	2	28	2	2	2	0.457	
008_2NM	2	29	2	1	1	0.447	
008_2NM	2	30	1	2	2	0.423	
008_2NM	2	31	1	1	1	0.362	
008_2NM	2	32	2	1	1	0.450	
008_2NM	2	33	1	2	2	0.421	
008_2NM	2	34	1	2	2	0.423	
008_2NM	2	35	2	1	1	0.504	
008_2NM	2	36	2	2	2	0.442	
008_2NM	2	37	2	1	2	0.411	
008_2NM	2	38	2	2	2	0.502	
008_2NM	2	39	1	1	1	0.433	
008_2NM	2	40	2	2	2	0.443	
008_2NM	2	41	2	2	2	0.518	
008_2NM	2	42	2	2	2	0.496	
008_2NM	2	43	1	1	1	0.411	
008_2NM	2	44	1	2	2	0.421	
008_2NM	2	45	1	2	2	0.401	
008_2NM	2	46	2	2	2	0.469	
008_2NM	2	47	2	2	2	0.491	
008_2NM	2	48	1	2	2	0.378	
008_2NM	2	49	1	2	2	0.329	
008_2NM	2	50	2	1	1	0.501	
008_2NM	2	51	2	1	1	0.587	
008_2NM	2	52	1	1	1	0.416	
008_2NM	2	53	1	1	1	0.406	
008_2NM	2	54	2	2	1	0.451	
008_2NM	2	55	1	2	2	0.403	
008_2NM	3	0	2	2	2	0.608	
008_2NM	3	1	1	1	1	0.517	
008_2NM	3	2	1	1	1	0.384	
008_2NM	3	3	1	2	2	0.342	
008_2NM	3	4	1	2	2	0.422	
008_2NM	3	5	2	2	2	0.494	
008_2NM	3	6	2	2	2	0.414	
008_2NM	3	7	1	2	2	0.362	
008_2NM	3	8	2	1	1	0.468	
008_2NM	3	9	1	2	2	0.431	
008_2NM	3	10	1	1	1	0.357	
008_2NM	3	11	1	1	1	0.376	
008_2NM	3	12	2	1	1	0.478	
008_2NM	3	13	1	1	1	0.350	
008_2NM	3	14	1	2	2	0.459	
008_2NM	3	15	1	1	1	0.396	
008_2NM	3	16	2	1	1	0.604	
008_2NM	3	17	2	1	1	0.512	
008_2NM	3	18	1	2	2	0.453	
008_2NM	3	19	1	2	2	0.502	
008_2NM	3	20	2	1	1	0.520	
008_2NM	3	21	1	2	2	0.415	
008_2NM	3	22	2	1	1	0.420	
008_2NM	3	23	2	2	2	0.313	
008_2NM	3	24	2	2	2	0.570	
008_2NM	3	25	1	1	1	0.571	
008_2NM	3	26	1	1	1	0.460	
008_2NM	3	27	2	1	1	0.424	
008_2NM	3	28	2	1	1	0.525	
008_2NM	3	29	2	1	1	0.502	
008_2NM	3	30	2	1	1	0.575	
008_2NM	3	31	2	2	2	0.564	
008_2NM	3	32	2	2	2	0.537	
008_2NM	3	33	2	2	2	0.464	
008_2NM	3	34	2	2	2	0.375	
008_2NM	3	35	1	1	1	0.403	
008_2NM	3	36	1	1	1	0.383	
008_2NM	3	37	1	1	1	0.386	
008_2NM	3	38	1	1	1	0.337	
008_2NM	3	39	2	1	1	0.522	
008_2NM	3	40	2	2	2	0.543	
008_2NM	3	41	2	2	1	0.497	
008_2NM	3	42	1	2	2	0.388	
008_2NM	3	43	1	1	1	0.584	
008_2NM	3	44	2	2	2	0.459	
008_2NM	3	45	1	1	1	0.462	
008_2NM	3	46	2	1	1	0.520	
008_2NM	3	47	1	2	2	0.452	
008_2NM	3	48	2	1	1	0.655	
008_2NM	3	49	1	2	2	0.432	
008_2NM	3	50	2	2	2	0.480	
008_2NM	3	51	1	2	2	0.409	
008_2NM	3	52	1	2	2	0.407	
008_2NM	3	53	1	2	2	0.388	
008_2NM	3	54	2	1	1	0.439	
008_2NM	3	55	2	2	2	0.510	
