sub	block	trial	congr	stim	resp	RT	
006_6GS	0	0	1	1	1	0.432	
006_6GS	0	1	2	1	1	0.446	
006_6GS	0	2	1	2	2	0.373	
006_6GS	0	3	2	1	1	0.480	
006_6GS	0	4	2	2	2	0.469	
006_6GS	0	5	2	2	2	0.511	
006_6GS	0	6	2	2	2	0.511	
006_6GS	0	7	2	2	2	0.507	
006_6GS	0	8	2	1	1	0.437	
006_6GS	0	9	1	2	2	0.402	
006_6GS	0	10	1	2	2	0.412	
006_6GS	0	11	2	2	2	0.536	
006_6GS	0	12	2	2	2	0.532	
006_6GS	0	13	2	1	1	0.468	
006_6GS	0	14	1	1	1	0.374	
006_6GS	0	15	2	1	1	0.455	
006_6GS	0	16	1	1	1	0.426	
006_6GS	0	17	1	2	2	0.476	
006_6GS	0	18	1	2	2	0.411	
006_6GS	0	19	1	2	2	0.396	
006_6GS	0	20	1	2	2	0.361	
006_6GS	0	21	2	2	2	0.470	
006_6GS	0	22	2	1	1	0.520	
006_6GS	0	23	2	2	2	0.745	
006_6GS	0	24	1	1	1	0.339	
006_6GS	0	25	2	2	2	0.535	
006_6GS	0	26	2	1	1	0.499	
006_6GS	0	27	2	1	1	0.467	
006_6GS	0	28	1	2	2	0.408	
006_6GS	0	29	2	2	2	0.507	
006_6GS	0	30	2	2	2	0.499	
006_6GS	0	31	2	1	1	0.444	
006_6GS	0	32	1	1	1	0.472	
006_6GS	0	33	1	2	2	0.539	
006_6GS	0	34	1	1	1	0.385	
006_6GS	0	35	2	2	2	0.598	
006_6GS	0	36	1	1	1	0.376	
006_6GS	0	37	2	1	1	0.497	
006_6GS	0	38	1	2	2	0.520	
006_6GS	0	39	1	1	1	0.378	
006_6GS	0	40	1	1	1	0.355	
006_6GS	0	41	1	2	2	0.414	
006_6GS	0	42	1	2	2	0.369	
006_6GS	0	43	1	1	1	0.322	
006_6GS	0	44	1	1	1	0.335	
006_6GS	0	45	2	1	1	0.508	
006_6GS	0	46	1	1	1	0.354	
006_6GS	0	47	1	2	2	0.392	
006_6GS	0	48	1	2	2	0.386	
006_6GS	0	49	2	2	2	0.606	
006_6GS	0	50	2	2	2	0.482	
006_6GS	0	51	2	1	1	0.367	
006_6GS	0	52	2	1	1	0.394	
006_6GS	0	53	1	1	1	0.352	
006_6GS	0	54	1	1	1	0.362	
006_6GS	0	55	2	1	1	0.504	
006_6GS	1	0	1	2	2	0.405	
006_6GS	1	1	2	1	1	0.435	
006_6GS	1	2	1	1	1	0.347	
006_6GS	1	3	1	2	2	0.394	
006_6GS	1	4	1	2	2	0.410	
006_6GS	1	5	2	1	1	0.423	
006_6GS	1	6	1	2	2	0.395	
006_6GS	1	7	2	2	2	0.463	
006_6GS	1	8	1	2	2	0.418	
006_6GS	1	9	1	1	1	0.354	
006_6GS	1	10	1	1	1	0.376	
006_6GS	1	11	2	1	1	0.463	
006_6GS	1	12	1	2	2	0.411	
006_6GS	1	13	1	1	1	0.364	
006_6GS	1	14	2	2	1	0.373	
006_6GS	1	15	2	2	2	0.526	
006_6GS	1	16	2	2	2	0.522	
006_6GS	1	17	2	2	2	0.500	
006_6GS	1	18	2	2	2	0.443	
006_6GS	1	19	2	1	1	0.818	
006_6GS	1	20	1	2	2	0.398	
006_6GS	1	21	1	1	1	0.369	
006_6GS	1	22	2	1	2	0.371	
006_6GS	1	23	2	1	1	0.436	
006_6GS	1	24	1	2	2	0.426	
006_6GS	1	25	2	2	2	0.509	
006_6GS	1	26	1	2	2	0.425	
006_6GS	1	27	2	2	2	0.451	
006_6GS	1	28	2	2	2	0.506	
006_6GS	1	29	2	1	1	0.575	
006_6GS	1	30	1	1	1	0.354	
006_6GS	1	31	1	1	1	0.375	
006_6GS	1	32	1	1	1	0.336	
006_6GS	1	33	2	2	2	0.468	
006_6GS	1	34	1	1	1	0.368	
006_6GS	1	35	1	1	1	0.346	
006_6GS	1	36	2	1	1	0.490	
006_6GS	1	37	1	2	2	0.364	
006_6GS	1	38	1	2	2	0.373	
006_6GS	1	39	2	1	1	0.470	
006_6GS	1	40	2	1	1	0.440	
006_6GS	1	41	2	1	1	0.531	
006_6GS	1	42	1	1	1	0.326	
006_6GS	1	43	2	2	2	0.530	
006_6GS	1	44	2	1	1	0.481	
006_6GS	1	45	2	2	2	0.490	
006_6GS	1	46	2	2	2	0.564	
006_6GS	1	47	2	1	1	0.488	
006_6GS	1	48	2	2	2	0.664	
006_6GS	1	49	1	1	1	0.439	
006_6GS	1	50	1	2	2	0.440	
006_6GS	1	51	1	1	1	0.389	
006_6GS	1	52	2	1	1	0.577	
006_6GS	1	53	1	1	1	0.435	
006_6GS	1	54	1	2	2	0.408	
006_6GS	1	55	1	2	2	0.420	
006_6GS	2	0	2	2	2	0.652	
006_6GS	2	1	2	2	1	0.319	
006_6GS	2	2	1	1	1	0.349	
006_6GS	2	3	2	2	2	0.502	
006_6GS	2	4	2	2	2	0.525	
006_6GS	2	5	2	2	2	0.443	
006_6GS	2	6	1	1	1	0.382	
006_6GS	2	7	2	1	1	0.483	
006_6GS	2	8	1	2	2	0.380	
006_6GS	2	9	1	1	1	0.378	
006_6GS	2	10	2	1	1	0.458	
006_6GS	2	11	2	2	2	0.600	
006_6GS	2	12	1	1	1	0.343	
006_6GS	2	13	2	1	1	0.464	
006_6GS	2	14	2	2	2	0.578	
006_6GS	2	15	1	1	1	0.379	
006_6GS	2	16	1	2	2	0.406	
006_6GS	2	17	2	1	1	0.449	
006_6GS	2	18	1	2	2	0.544	
006_6GS	2	19	1	2	2	0.428	
006_6GS	2	20	2	1	1	0.444	
006_6GS	2	21	1	2	2	0.398	
006_6GS	2	22	1	1	1	0.354	
006_6GS	2	23	2	1	1	0.473	
006_6GS	2	24	2	1	1	0.435	
006_6GS	2	25	2	1	1	0.438	
006_6GS	2	26	1	2	2	0.521	
006_6GS	2	27	2	2	2	0.710	
006_6GS	2	28	1	2	2	0.502	
006_6GS	2	29	2	2	2	0.504	
006_6GS	2	30	2	1	1	0.366	
006_6GS	2	31	1	1	1	0.385	
006_6GS	2	32	2	1	1	0.499	
006_6GS	2	33	2	1	1	0.371	
006_6GS	2	34	2	2	2	0.463	
006_6GS	2	35	1	1	1	0.399	
006_6GS	2	36	1	1	1	0.384	
006_6GS	2	37	1	2	2	0.423	
006_6GS	2	38	2	1	1	0.398	
006_6GS	2	39	2	2	2	0.404	
006_6GS	2	40	1	1	1	0.343	
006_6GS	2	41	2	2	2	0.644	
006_6GS	2	42	2	2	2	0.650	
006_6GS	2	43	1	2	2	0.427	
006_6GS	2	44	1	2	2	0.391	
006_6GS	2	45	1	2	2	0.341	
006_6GS	2	46	1	2	2	0.351	
006_6GS	2	47	2	1	1	0.503	
006_6GS	2	48	2	2	2	0.571	
006_6GS	2	49	1	1	1	0.368	
006_6GS	2	50	1	1	1	0.416	
006_6GS	2	51	1	2	2	0.395	
006_6GS	2	52	2	1	1	0.411	
006_6GS	2	53	1	1	1	0.344	
006_6GS	2	54	1	1	1	0.350	
006_6GS	2	55	1	2	2	0.353	
006_6GS	3	0	1	1	1	0.383	
006_6GS	3	1	2	2	2	0.556	
006_6GS	3	2	1	2	2	0.458	
006_6GS	3	3	1	1	1	0.338	
006_6GS	3	4	1	1	1	0.361	
006_6GS	3	5	1	2	2	0.397	
006_6GS	3	6	1	2	2	0.379	
006_6GS	3	7	2	1	1	0.408	
006_6GS	3	8	1	2	2	0.375	
006_6GS	3	9	1	1	1	0.352	
006_6GS	3	10	2	2	2	0.507	
006_6GS	3	11	1	2	2	0.420	
006_6GS	3	12	1	2	2	0.362	
006_6GS	3	13	2	2	2	0.405	
006_6GS	3	14	2	1	1	0.481	
006_6GS	3	15	2	1	1	0.598	
006_6GS	3	16	1	2	2	0.358	
006_6GS	3	17	1	2	2	0.369	
006_6GS	3	18	1	2	2	0.333	
006_6GS	3	19	1	2	2	0.377	
006_6GS	3	20	2	1	1	0.471	
006_6GS	3	21	2	1	1	0.491	
006_6GS	3	22	1	1	1	0.383	
006_6GS	3	23	2	1	1	0.506	
006_6GS	3	24	1	1	1	0.484	
006_6GS	3	25	2	2	2	0.439	
006_6GS	3	26	2	2	2	0.521	
006_6GS	3	27	2	1	1	0.460	
006_6GS	3	28	2	1	1	0.492	
006_6GS	3	29	1	1	1	0.343	
006_6GS	3	30	2	2	2	0.423	
006_6GS	3	31	2	1	1	0.512	
006_6GS	3	32	1	1	1	0.343	
006_6GS	3	33	2	1	1	0.358	
006_6GS	3	34	1	1	1	0.361	
006_6GS	3	35	2	2	2	0.455	
006_6GS	3	36	1	2	2	0.362	
006_6GS	3	37	1	1	1	0.323	
006_6GS	3	38	1	1	1	0.387	
006_6GS	3	39	1	2	2	0.335	
006_6GS	3	40	1	1	1	0.362	
006_6GS	3	41	1	2	2	0.324	
006_6GS	3	42	2	1	1	0.495	
006_6GS	3	43	2	2	2	0.534	
006_6GS	3	44	2	2	2	0.463	
006_6GS	3	45	2	2	2	0.452	
006_6GS	3	46	2	2	2	0.577	
006_6GS	3	47	2	1	1	0.469	
006_6GS	3	48	2	2	2	0.468	
006_6GS	3	49	1	2	2	0.377	
006_6GS	3	50	2	2	2	0.405	
006_6GS	3	51	2	1	1	0.504	
006_6GS	3	52	1	1	1	0.353	
006_6GS	3	53	2	2	2	0.474	
006_6GS	3	54	1	1	1	0.397	
006_6GS	3	55	2	1	1	0.513	
