sub	block	trial	congr	stim	resp	RT	
018_1KM	0	0	1	1	1	0.473	
018_1KM	0	1	2	1	1	0.489	
018_1KM	0	2	1	2	2	0.410	
018_1KM	0	3	2	1	1	0.428	
018_1KM	0	4	1	1	1	0.416	
018_1KM	0	5	1	2	2	0.375	
018_1KM	0	6	2	1	1	0.351	
018_1KM	0	7	1	2	2	0.352	
018_1KM	0	8	2	2	2	0.471	
018_1KM	0	9	1	1	1	0.360	
018_1KM	0	10	1	2	2	0.388	
018_1KM	0	11	2	1	1	0.457	
018_1KM	0	12	1	1	1	0.447	
018_1KM	0	13	1	1	1	0.413	
018_1KM	0	14	2	2	2	0.418	
018_1KM	0	15	2	1	1	0.367	
018_1KM	0	16	2	1	1	0.415	
018_1KM	0	17	1	2	2	0.385	
018_1KM	0	18	1	1	1	0.355	
018_1KM	0	19	1	1	1	0.360	
018_1KM	0	20	1	1	1	0.327	
018_1KM	0	21	1	2	2	0.570	
018_1KM	0	22	2	2	2	0.456	
018_1KM	0	23	1	2	2	0.396	
018_1KM	0	24	2	2	1	0.304	
018_1KM	0	25	2	2	2	0.561	
018_1KM	0	26	1	2	2	0.407	
018_1KM	0	27	1	1	1	0.380	
018_1KM	0	28	2	2	2	0.613	
018_1KM	0	29	1	2	2	0.407	
018_1KM	0	30	1	2	2	0.407	
018_1KM	0	31	1	2	2	0.406	
018_1KM	0	32	1	1	1	0.387	
018_1KM	0	33	2	1	1	0.423	
018_1KM	0	34	2	2	2	0.596	
018_1KM	0	35	2	2	2	0.521	
018_1KM	0	36	2	1	1	0.342	
018_1KM	0	37	2	2	2	0.421	
018_1KM	0	38	2	2	2	0.456	
018_1KM	0	39	1	1	1	0.362	
018_1KM	0	40	1	2	2	0.400	
018_1KM	0	41	1	2	2	0.389	
018_1KM	0	42	2	2	1	0.394	
018_1KM	0	43	2	1	1	0.506	
018_1KM	0	44	2	2	2	0.458	
018_1KM	0	45	2	1	1	0.415	
018_1KM	0	46	2	2	2	0.372	
018_1KM	0	47	2	1	1	0.424	
018_1KM	0	48	2	1	1	0.466	
018_1KM	0	49	1	1	1	0.351	
018_1KM	0	50	2	2	2	0.443	
018_1KM	0	51	1	1	1	0.416	
018_1KM	0	52	2	1	1	0.461	
018_1KM	0	53	2	1	1	0.500	
018_1KM	0	54	1	1	1	0.368	
018_1KM	0	55	1	2	2	0.484	
018_1KM	1	0	2	2	2	0.586	
018_1KM	1	1	1	2	2	0.436	
018_1KM	1	2	2	2	1	0.449	
018_1KM	1	3	1	1	1	0.410	
018_1KM	1	4	2	2	2	0.443	
018_1KM	1	5	2	1	1	0.419	
018_1KM	1	6	2	1	1	0.427	
018_1KM	1	7	2	1	1	0.373	
018_1KM	1	8	1	2	2	0.354	
018_1KM	1	9	2	1	1	0.357	
018_1KM	1	10	1	1	1	0.417	
018_1KM	1	11	1	2	2	0.448	
018_1KM	1	12	2	1	1	0.449	
018_1KM	1	13	1	1	1	0.382	
018_1KM	1	14	1	2	2	0.459	
018_1KM	1	15	1	1	1	0.426	
018_1KM	1	16	2	2	2	0.431	
018_1KM	1	17	2	2	2	0.581	
018_1KM	1	18	2	2	1	0.729	
018_1KM	1	19	1	1	1	0.466	
018_1KM	1	20	1	2	2	0.439	
018_1KM	1	21	1	1	1	0.459	
018_1KM	1	22	1	2	2	0.450	
018_1KM	1	23	1	2	2	0.508	
018_1KM	1	24	1	2	2	0.384	
018_1KM	1	25	2	1	1	0.427	
018_1KM	1	26	1	2	2	0.429	
018_1KM	1	27	1	2	2	0.493	
018_1KM	1	28	1	1	1	0.403	
018_1KM	1	29	2	1	1	0.518	
018_1KM	1	30	2	1	1	0.485	
018_1KM	1	31	1	2	2	0.424	
018_1KM	1	32	2	2	2	0.460	
018_1KM	1	33	1	1	1	0.523	
018_1KM	1	34	1	1	1	0.385	
018_1KM	1	35	2	2	2	0.880	
018_1KM	1	36	2	1	1	0.454	
018_1KM	1	37	1	1	1	0.433	
018_1KM	1	38	2	1	1	0.525	
018_1KM	1	39	1	2	2	0.405	
018_1KM	1	40	2	2	2	0.613	
018_1KM	1	41	1	2	2	0.421	
018_1KM	1	42	2	2	2	0.491	
018_1KM	1	43	2	2	2	0.530	
018_1KM	1	44	2	1	1	0.461	
018_1KM	1	45	1	1	1	0.372	
018_1KM	1	46	2	1	1	0.474	
018_1KM	1	47	1	1	1	0.403	
018_1KM	1	48	1	1	1	0.411	
018_1KM	1	49	2	1	1	0.466	
018_1KM	1	50	2	2	2	0.435	
018_1KM	1	51	1	1	1	0.410	
018_1KM	1	52	1	2	2	0.408	
018_1KM	1	53	2	2	2	0.495	
018_1KM	1	54	2	2	2	0.498	
018_1KM	1	55	2	1	1	0.425	
018_1KM	2	0	1	1	1	0.398	
018_1KM	2	1	1	2	2	0.397	
018_1KM	2	2	2	2	2	0.672	
018_1KM	2	3	1	2	2	0.401	
018_1KM	2	4	2	2	2	0.635	
018_1KM	2	5	1	1	1	0.475	
018_1KM	2	6	1	1	1	0.401	
018_1KM	2	7	2	2	2	0.395	
018_1KM	2	8	1	2	2	0.404	
018_1KM	2	9	1	2	2	0.452	
018_1KM	2	10	2	2	2	0.537	
018_1KM	2	11	2	1	1	0.411	
018_1KM	2	12	2	2	2	0.423	
018_1KM	2	13	2	1	1	0.461	
018_1KM	2	14	1	1	1	0.358	
018_1KM	2	15	2	1	1	0.364	
018_1KM	2	16	1	2	2	0.379	
018_1KM	2	17	2	2	2	0.549	
018_1KM	2	18	1	1	1	0.388	
018_1KM	2	19	1	2	2	0.384	
018_1KM	2	20	2	2	1	0.388	
018_1KM	2	21	2	1	1	0.409	
018_1KM	2	22	2	2	2	0.383	
018_1KM	2	23	2	1	1	0.475	
018_1KM	2	24	2	2	2	0.442	
018_1KM	2	25	1	1	1	0.352	
018_1KM	2	26	2	2	2	0.651	
018_1KM	2	27	1	1	1	0.372	
018_1KM	2	28	2	1	1	0.486	
018_1KM	2	29	1	2	2	0.472	
018_1KM	2	30	2	1	1	0.398	
018_1KM	2	31	1	2	2	0.408	
018_1KM	2	32	1	1	1	0.327	
018_1KM	2	33	1	1	1	0.345	
018_1KM	2	34	1	2	2	0.377	
018_1KM	2	35	1	1	1	0.394	
018_1KM	2	36	2	1	1	0.463	
018_1KM	2	37	2	2	2	0.523	
018_1KM	2	38	2	2	2	0.525	
018_1KM	2	39	1	1	1	0.411	
018_1KM	2	40	2	1	1	0.429	
018_1KM	2	41	1	2	2	0.613	
018_1KM	2	42	1	2	2	0.363	
018_1KM	2	43	1	1	1	0.287	
018_1KM	2	44	2	1	1	0.388	
018_1KM	2	45	1	2	2	0.380	
018_1KM	2	46	1	1	1	0.326	
018_1KM	2	47	2	2	2	0.517	
018_1KM	2	48	1	1	1	0.348	
018_1KM	2	49	1	2	2	0.402	
018_1KM	2	50	2	1	1	0.397	
018_1KM	2	51	2	1	2	0.412	
018_1KM	2	52	1	2	2	0.388	
018_1KM	2	53	2	2	2	0.500	
018_1KM	2	54	2	1	1	0.435	
018_1KM	2	55	2	1	1	0.341	
018_1KM	3	0	1	1	1	0.339	
018_1KM	3	1	2	1	1	0.468	
018_1KM	3	2	1	1	1	0.336	
018_1KM	3	3	2	1	1	0.420	
018_1KM	3	4	2	1	1	0.418	
018_1KM	3	5	2	1	1	0.418	
018_1KM	3	6	2	2	2	0.521	
018_1KM	3	7	1	1	1	0.329	
018_1KM	3	8	2	2	1	0.438	
018_1KM	3	9	1	2	2	0.427	
018_1KM	3	10	1	1	1	0.485	
018_1KM	3	11	2	2	2	0.364	
018_1KM	3	12	2	2	2	0.605	
018_1KM	3	13	2	2	2	0.398	
018_1KM	3	14	2	2	2	0.409	
018_1KM	3	15	2	1	1	0.411	
018_1KM	3	16	1	1	1	0.383	
018_1KM	3	17	1	1	1	0.349	
018_1KM	3	18	1	2	2	0.403	
018_1KM	3	19	2	1	1	0.431	
018_1KM	3	20	1	1	1	0.312	
018_1KM	3	21	2	1	2	0.395	
018_1KM	3	22	2	1	1	0.399	
018_1KM	3	23	1	2	2	0.417	
018_1KM	3	24	1	2	2	0.727	
018_1KM	3	25	2	1	1	0.477	
018_1KM	3	26	1	2	2	0.409	
018_1KM	3	27	1	1	1	0.370	
018_1KM	3	28	2	1	1	0.472	
018_1KM	3	29	1	1	1	0.304	
018_1KM	3	30	1	2	2	0.379	
018_1KM	3	31	2	1	1	0.459	
018_1KM	3	32	1	2	2	0.323	
018_1KM	3	33	1	2	2	0.485	
018_1KM	3	34	1	1	1	0.371	
018_1KM	3	35	1	2	2	0.382	
018_1KM	3	36	1	1	1	0.396	
018_1KM	3	37	1	1	1	0.309	
018_1KM	3	38	2	2	2	0.494	
018_1KM	3	39	2	2	1	0.335	
018_1KM	3	40	2	2	2	0.466	
018_1KM	3	41	2	1	1	0.478	
018_1KM	3	42	2	2	2	0.505	
018_1KM	3	43	2	2	2	0.451	
018_1KM	3	44	1	2	2	0.494	
018_1KM	3	45	1	1	1	0.437	
018_1KM	3	46	1	2	2	0.393	
018_1KM	3	47	2	1	1	0.405	
018_1KM	3	48	1	1	1	0.399	
018_1KM	3	49	2	2	2	0.433	
018_1KM	3	50	2	2	2	0.855	
018_1KM	3	51	2	1	1	0.539	
018_1KM	3	52	2	2	2	0.394	
018_1KM	3	53	1	2	2	0.433	
018_1KM	3	54	1	2	2	0.384	
018_1KM	3	55	1	2	2	0.344	
