sub	block	trial	congr	stim	resp	RT	
009_5LB	0	0	1	2	2	0.727	
009_5LB	0	1	2	1	1	0.551	
009_5LB	0	2	2	1	1	0.612	
009_5LB	0	3	1	2	2	0.564	
009_5LB	0	4	2	2	2	0.665	
009_5LB	0	5	1	1	1	0.527	
009_5LB	0	6	2	2	2	0.621	
009_5LB	0	7	2	2	2	0.714	
009_5LB	0	8	1	1	1	0.546	
009_5LB	0	9	1	2	2	0.402	
009_5LB	0	10	2	2	2	0.588	
009_5LB	0	11	1	1	1	0.448	
009_5LB	0	12	2	2	2	0.602	
009_5LB	0	13	2	1	1	0.551	
009_5LB	0	14	1	1	1	0.511	
009_5LB	0	15	1	2	2	0.522	
009_5LB	0	16	1	2	2	0.491	
009_5LB	0	17	1	2	2	0.469	
009_5LB	0	18	1	1	1	0.553	
009_5LB	0	19	2	1	2	0.481	
009_5LB	0	20	2	2	2	0.663	
009_5LB	0	21	2	1	1	0.573	
009_5LB	0	22	2	1	1	0.614	
009_5LB	0	23	2	1	1	0.696	
009_5LB	0	24	1	1	1	0.502	
009_5LB	0	25	1	1	1	0.518	
009_5LB	0	26	2	1	1	0.732	
009_5LB	0	27	2	1	1	0.623	
009_5LB	0	28	2	1	1	0.668	
009_5LB	0	29	1	2	2	0.583	
009_5LB	0	30	1	2	2	0.546	
009_5LB	0	31	1	1	1	0.601	
009_5LB	0	32	1	2	2	0.757	
009_5LB	0	33	1	1	1	0.541	
009_5LB	0	34	1	1	1	0.522	
009_5LB	0	35	1	2	2	0.564	
009_5LB	0	36	1	2	2	0.576	
009_5LB	0	37	2	1	1	0.629	
009_5LB	0	38	1	2	2	0.679	
009_5LB	0	39	1	1	1	0.555	
009_5LB	0	40	2	2	2	0.622	
009_5LB	0	41	1	1	1	0.554	
009_5LB	0	42	1	2	2	0.574	
009_5LB	0	43	2	1	1	0.582	
009_5LB	0	44	2	1	1	0.630	
009_5LB	0	45	2	2	2	0.539	
009_5LB	0	46	2	1	1	0.549	
009_5LB	0	47	2	2	2	0.590	
009_5LB	0	48	2	2	2	0.530	
009_5LB	0	49	1	1	1	0.549	
009_5LB	0	50	2	2	2	0.565	
009_5LB	0	51	1	2	2	0.502	
009_5LB	0	52	2	2	2	0.633	
009_5LB	0	53	2	2	2	0.612	
009_5LB	0	54	1	1	1	0.580	
009_5LB	0	55	2	2	2	0.712	
009_5LB	1	0	2	2	2	0.933	
009_5LB	1	1	2	1	1	0.641	
009_5LB	1	2	2	1	1	0.614	
009_5LB	1	3	1	2	2	0.574	
009_5LB	1	4	2	2	2	0.619	
009_5LB	1	5	2	2	2	0.564	
009_5LB	1	6	2	1	1	0.694	
009_5LB	1	7	1	1	1	0.645	
009_5LB	1	8	1	1	1	0.479	
009_5LB	1	9	1	1	1	0.578	
009_5LB	1	10	1	2	2	0.608	
009_5LB	1	11	2	2	2	0.577	
009_5LB	1	12	1	1	1	0.560	
009_5LB	1	13	2	2	2	0.634	
009_5LB	1	14	1	2	2	0.513	
009_5LB	1	15	2	1	1	0.572	
009_5LB	1	16	2	1	1	0.587	
009_5LB	1	17	1	1	1	0.557	
009_5LB	1	18	2	1	1	0.565	
009_5LB	1	19	2	1	1	0.562	
009_5LB	1	20	1	2	2	0.529	
009_5LB	1	21	2	2	2	0.636	
009_5LB	1	22	2	2	2	0.601	
009_5LB	1	23	2	1	1	0.627	
009_5LB	1	24	1	1	1	0.565	
009_5LB	1	25	1	2	2	0.556	
009_5LB	1	26	1	2	2	0.531	
009_5LB	1	27	1	2	2	0.503	
009_5LB	1	28	2	1	1	0.544	
009_5LB	1	29	1	2	2	0.587	
009_5LB	1	30	1	1	1	0.581	
009_5LB	1	31	2	2	2	0.617	
009_5LB	1	32	2	1	1	0.512	
009_5LB	1	33	2	2	2	0.560	
009_5LB	1	34	1	2	2	0.544	
009_5LB	1	35	2	2	2	0.619	
009_5LB	1	36	2	1	1	0.627	
009_5LB	1	37	1	2	2	0.573	
009_5LB	1	38	1	2	2	0.560	
009_5LB	1	39	2	1	1	0.584	
009_5LB	1	40	2	2	2	0.531	
009_5LB	1	41	2	1	1	0.511	
009_5LB	1	42	2	1	1	0.497	
009_5LB	1	43	1	2	2	0.525	
009_5LB	1	44	1	1	1	0.477	
009_5LB	1	45	1	1	1	0.515	
009_5LB	1	46	1	1	1	0.483	
009_5LB	1	47	1	1	1	0.479	
009_5LB	1	48	2	2	2	0.606	
009_5LB	1	49	1	2	2	0.451	
009_5LB	1	50	2	2	2	0.633	
009_5LB	1	51	1	1	1	0.509	
009_5LB	1	52	1	1	1	0.494	
009_5LB	1	53	1	1	1	0.537	
009_5LB	1	54	2	2	2	0.578	
009_5LB	1	55	1	2	2	0.473	
009_5LB	2	0	1	1	1	0.795	
009_5LB	2	1	1	2	2	0.591	
009_5LB	2	2	1	1	1	0.499	
009_5LB	2	3	2	1	1	0.581	
009_5LB	2	4	1	2	2	0.516	
009_5LB	2	5	2	2	2	0.624	
009_5LB	2	6	2	1	1	0.585	
009_5LB	2	7	1	1	1	0.607	
009_5LB	2	8	1	1	1	0.587	
009_5LB	2	9	1	1	1	0.481	
009_5LB	2	10	2	2	2	0.690	
009_5LB	2	11	2	1	1	0.561	
009_5LB	2	12	1	2	2	0.630	
009_5LB	2	13	2	2	2	0.762	
009_5LB	2	14	2	2	2	0.629	
009_5LB	2	15	1	1	1	0.480	
009_5LB	2	16	2	1	1	0.624	
009_5LB	2	17	1	1	1	0.506	
009_5LB	2	18	2	2	2	0.563	
009_5LB	2	19	1	1	1	0.628	
009_5LB	2	20	1	1	1	0.558	
009_5LB	2	21	1	2	2	0.545	
009_5LB	2	22	2	2	2	0.588	
009_5LB	2	23	2	2	2	0.674	
009_5LB	2	24	2	2	2	0.642	
009_5LB	2	25	2	1	1	0.651	
009_5LB	2	26	1	2	2	0.556	
009_5LB	2	27	2	1	1	0.679	
009_5LB	2	28	1	2	2	0.557	
009_5LB	2	29	2	2	2	0.604	
009_5LB	2	30	2	1	1	0.675	
009_5LB	2	31	1	2	2	0.611	
009_5LB	2	32	2	2	2	0.702	
009_5LB	2	33	2	2	2	0.584	
009_5LB	2	34	1	1	1	0.540	
009_5LB	2	35	2	1	1	0.603	
009_5LB	2	36	1	1	1	0.509	
009_5LB	2	37	2	2	2	0.554	
009_5LB	2	38	2	1	1	0.588	
009_5LB	2	39	2	1	1	0.611	
009_5LB	2	40	1	1	1	0.493	
009_5LB	2	41	2	1	1	0.570	
009_5LB	2	42	1	2	2	0.679	
009_5LB	2	43	1	2	2	0.522	
009_5LB	2	44	1	2	2	0.558	
009_5LB	2	45	1	1	1	0.526	
009_5LB	2	46	2	2	2	0.853	
009_5LB	2	47	2	2	2	0.723	
009_5LB	2	48	1	1	1	0.509	
009_5LB	2	49	1	2	2	0.509	
009_5LB	2	50	2	1	1	0.634	
009_5LB	2	51	1	2	2	0.571	
009_5LB	2	52	1	2	2	0.509	
009_5LB	2	53	1	2	2	0.461	
009_5LB	2	54	2	1	1	0.510	
009_5LB	2	55	2	1	1	0.575	
009_5LB	3	0	2	2	2	0.618	
009_5LB	3	1	1	1	1	0.539	
009_5LB	3	2	1	2	2	0.530	
009_5LB	3	3	1	1	1	0.487	
009_5LB	3	4	1	2	2	0.513	
009_5LB	3	5	2	2	2	0.612	
009_5LB	3	6	1	2	2	0.556	
009_5LB	3	7	1	1	1	0.535	
009_5LB	3	8	2	1	1	0.649	
009_5LB	3	9	2	2	2	0.587	
009_5LB	3	10	1	2	2	0.530	
009_5LB	3	11	1	1	1	0.473	
009_5LB	3	12	1	2	2	0.696	
009_5LB	3	13	2	1	1	0.580	
009_5LB	3	14	2	1	1	0.646	
009_5LB	3	15	2	1	1	0.615	
009_5LB	3	16	2	1	1	0.639	
009_5LB	3	17	2	1	1	0.619	
009_5LB	3	18	2	2	2	0.603	
009_5LB	3	19	2	1	1	0.533	
009_5LB	3	20	1	2	2	0.566	
009_5LB	3	21	2	2	2	0.617	
009_5LB	3	22	2	1	1	0.534	
009_5LB	3	23	1	2	2	0.539	
009_5LB	3	24	1	2	2	0.493	
009_5LB	3	25	2	1	1	0.598	
009_5LB	3	26	1	1	1	0.505	
009_5LB	3	27	2	1	1	0.636	
009_5LB	3	28	1	1	1	0.526	
009_5LB	3	29	1	2	2	0.536	
009_5LB	3	30	1	1	1	0.581	
009_5LB	3	31	2	2	2	0.585	
009_5LB	3	32	2	2	2	0.675	
009_5LB	3	33	2	1	1	0.541	
009_5LB	3	34	2	1	1	0.528	
009_5LB	3	35	1	1	1	0.535	
009_5LB	3	36	1	2	2	0.582	
009_5LB	3	37	1	1	1	0.486	
009_5LB	3	38	1	2	2	0.550	
009_5LB	3	39	1	2	2	0.854	
009_5LB	3	40	1	1	1	0.574	
009_5LB	3	41	1	1	1	0.626	
009_5LB	3	42	2	1	1	0.702	
009_5LB	3	43	2	2	2	0.690	
009_5LB	3	44	1	1	1	0.548	
009_5LB	3	45	2	2	2	0.648	
009_5LB	3	46	2	2	2	0.689	
009_5LB	3	47	2	2	2	0.736	
009_5LB	3	48	2	2	2	0.694	
009_5LB	3	49	2	2	2	0.745	
009_5LB	3	50	2	1	1	0.560	
009_5LB	3	51	1	2	2	0.505	
009_5LB	3	52	1	1	1	0.514	
009_5LB	3	53	1	1	1	0.525	
009_5LB	3	54	2	2	2	0.570	
009_5LB	3	55	1	2	2	0.531	
