sub	block	trial	congr	stim	resp	RT	
006_1KM	0	0	1	2	2	0.417	
006_1KM	0	1	2	2	2	0.497	
006_1KM	0	2	2	2	2	0.463	
006_1KM	0	3	2	1	1	0.467	
006_1KM	0	4	2	2	2	0.495	
006_1KM	0	5	1	2	2	0.414	
006_1KM	0	6	1	2	2	0.417	
006_1KM	0	7	1	2	2	0.451	
006_1KM	0	8	1	2	2	0.384	
006_1KM	0	9	2	2	2	0.562	
006_1KM	0	10	2	2	2	0.476	
006_1KM	0	11	2	1	1	0.416	
006_1KM	0	12	1	2	2	0.369	
006_1KM	0	13	2	1	1	0.445	
006_1KM	0	14	2	1	1	0.449	
006_1KM	0	15	1	1	1	0.404	
006_1KM	0	16	2	1	1	0.470	
006_1KM	0	17	2	2	2	0.463	
006_1KM	0	18	2	2	2	0.501	
006_1KM	0	19	2	1	1	0.490	
006_1KM	0	20	2	1	1	0.507	
006_1KM	0	21	1	1	1	0.403	
006_1KM	0	22	1	2	2	0.398	
006_1KM	0	23	1	1	1	0.362	
006_1KM	0	24	1	2	2	0.411	
006_1KM	0	25	1	1	1	0.378	
006_1KM	0	26	2	2	2	0.457	
006_1KM	0	27	1	2	2	0.561	
006_1KM	0	28	2	1	1	0.460	
006_1KM	0	29	1	1	1	0.426	
006_1KM	0	30	2	1	1	0.502	
006_1KM	0	31	2	1	1	0.454	
006_1KM	0	32	1	2	2	0.392	
006_1KM	0	33	1	2	2	0.396	
006_1KM	0	34	1	1	1	0.366	
006_1KM	0	35	1	2	2	0.393	
006_1KM	0	36	1	1	1	0.364	
006_1KM	0	37	1	1	1	0.389	
006_1KM	0	38	1	1	1	0.373	
006_1KM	0	39	1	1	1	0.397	
006_1KM	0	40	2	2	2	0.479	
006_1KM	0	41	2	2	2	0.463	
006_1KM	0	42	1	1	1	0.409	
006_1KM	0	43	2	1	1	0.426	
006_1KM	0	44	2	2	2	0.458	
006_1KM	0	45	1	2	2	0.457	
006_1KM	0	46	2	2	2	0.533	
006_1KM	0	47	2	1	1	0.404	
006_1KM	0	48	1	1	1	0.378	
006_1KM	0	49	2	2	2	0.477	
006_1KM	0	50	2	2	2	0.480	
006_1KM	0	51	1	1	1	0.373	
006_1KM	0	52	1	1	1	0.399	
006_1KM	0	53	2	1	1	0.431	
006_1KM	0	54	2	1	1	0.473	
006_1KM	0	55	1	2	2	0.480	
006_1KM	1	0	2	1	1	0.506	
006_1KM	1	1	2	1	1	0.449	
006_1KM	1	2	2	1	1	0.427	
006_1KM	1	3	2	2	2	0.485	
006_1KM	1	4	1	1	1	0.394	
006_1KM	1	5	1	1	1	0.384	
006_1KM	1	6	1	1	1	0.389	
006_1KM	1	7	2	1	1	0.563	
006_1KM	1	8	2	2	2	0.554	
006_1KM	1	9	1	2	2	0.431	
006_1KM	1	10	1	2	2	0.371	
006_1KM	1	11	2	1	1	0.400	
006_1KM	1	12	1	1	1	0.376	
006_1KM	1	13	2	2	2	0.470	
006_1KM	1	14	2	2	2	0.561	
006_1KM	1	15	2	2	2	0.458	
006_1KM	1	16	2	2	2	0.518	
006_1KM	1	17	1	2	2	0.414	
006_1KM	1	18	1	1	1	0.361	
006_1KM	1	19	1	2	2	0.441	
006_1KM	1	20	1	1	1	0.435	
006_1KM	1	21	1	1	1	0.398	
006_1KM	1	22	1	2	2	0.402	
006_1KM	1	23	1	1	1	0.380	
006_1KM	1	24	1	2	2	0.356	
006_1KM	1	25	1	2	2	0.409	
006_1KM	1	26	1	1	1	0.397	
006_1KM	1	27	1	2	2	0.421	
006_1KM	1	28	1	2	2	0.385	
006_1KM	1	29	1	2	2	0.388	
006_1KM	1	30	2	2	2	0.592	
006_1KM	1	31	2	2	2	0.498	
006_1KM	1	32	1	2	2	0.424	
006_1KM	1	33	1	2	2	0.364	
006_1KM	1	34	2	1	1	0.495	
006_1KM	1	35	2	1	1	0.551	
006_1KM	1	36	2	1	1	0.467	
006_1KM	1	37	2	1	1	0.401	
006_1KM	1	38	2	1	1	0.482	
006_1KM	1	39	1	1	1	0.429	
006_1KM	1	40	2	2	2	0.568	
006_1KM	1	41	1	1	1	0.510	
006_1KM	1	42	1	2	2	0.540	
006_1KM	1	43	1	1	1	0.486	
006_1KM	1	44	2	1	1	0.509	
006_1KM	1	45	2	2	2	0.469	
006_1KM	1	46	2	2	2	0.506	
006_1KM	1	47	2	1	1	0.504	
006_1KM	1	48	2	1	1	0.529	
006_1KM	1	49	1	1	1	0.439	
006_1KM	1	50	2	2	2	0.500	
006_1KM	1	51	2	1	1	0.458	
006_1KM	1	52	2	2	2	0.516	
006_1KM	1	53	1	1	1	0.401	
006_1KM	1	54	2	2	2	0.495	
006_1KM	1	55	1	2	2	0.497	
006_1KM	2	0	1	1	1	0.398	
006_1KM	2	1	1	1	1	0.380	
006_1KM	2	2	1	2	2	0.401	
006_1KM	2	3	2	2	2	0.535	
006_1KM	2	4	1	2	2	0.464	
006_1KM	2	5	1	1	1	0.407	
006_1KM	2	6	2	1	1	0.476	
006_1KM	2	7	2	1	1	0.535	
006_1KM	2	8	1	2	2	0.378	
006_1KM	2	9	2	2	2	0.512	
006_1KM	2	10	2	1	1	0.496	
006_1KM	2	11	1	1	1	0.413	
006_1KM	2	12	1	2	2	0.440	
006_1KM	2	13	2	1	1	0.403	
006_1KM	2	14	2	2	2	0.491	
006_1KM	2	15	2	2	2	0.457	
006_1KM	2	16	1	1	1	0.381	
006_1KM	2	17	2	1	1	0.506	
006_1KM	2	18	2	2	2	0.467	
006_1KM	2	19	2	1	1	0.524	
006_1KM	2	20	2	1	1	0.441	
006_1KM	2	21	1	1	1	0.401	
006_1KM	2	22	1	1	1	0.389	
006_1KM	2	23	1	2	2	0.378	
006_1KM	2	24	2	2	2	0.543	
006_1KM	2	25	1	1	1	0.359	
006_1KM	2	26	2	2	2	0.435	
006_1KM	2	27	1	2	2	0.395	
006_1KM	2	28	1	1	1	0.364	
006_1KM	2	29	1	1	1	0.357	
006_1KM	2	30	1	2	2	0.420	
006_1KM	2	31	1	1	1	0.348	
006_1KM	2	32	2	1	1	0.490	
006_1KM	2	33	2	1	1	0.505	
006_1KM	2	34	2	1	1	0.429	
006_1KM	2	35	2	1	1	0.407	
006_1KM	2	36	1	2	2	0.405	
006_1KM	2	37	2	1	1	0.416	
006_1KM	2	38	1	1	1	0.382	
006_1KM	2	39	1	2	2	0.394	
006_1KM	2	40	1	1	1	0.351	
006_1KM	2	41	2	1	1	0.538	
006_1KM	2	42	2	2	2	0.470	
006_1KM	2	43	1	2	2	0.450	
006_1KM	2	44	2	2	2	0.509	
006_1KM	2	45	2	2	2	0.477	
006_1KM	2	46	2	2	2	0.437	
006_1KM	2	47	1	2	2	0.373	
006_1KM	2	48	1	2	2	0.371	
006_1KM	2	49	2	2	2	0.492	
006_1KM	2	50	1	1	1	0.437	
006_1KM	2	51	1	2	2	0.452	
006_1KM	2	52	2	2	2	0.456	
006_1KM	2	53	2	1	1	0.478	
006_1KM	2	54	2	2	2	0.483	
006_1KM	2	55	1	2	2	0.484	
006_1KM	3	0	2	1	1	0.660	
006_1KM	3	1	1	2	2	0.329	
006_1KM	3	2	2	2	2	0.495	
006_1KM	3	3	1	2	2	0.344	
006_1KM	3	4	1	1	1	0.360	
006_1KM	3	5	1	2	2	0.330	
006_1KM	3	6	1	1	1	0.331	
006_1KM	3	7	2	2	2	0.528	
006_1KM	3	8	2	2	2	0.452	
006_1KM	3	9	2	2	2	0.478	
006_1KM	3	10	2	1	1	0.426	
006_1KM	3	11	1	2	2	0.392	
006_1KM	3	12	2	1	1	0.426	
006_1KM	3	13	1	2	2	0.354	
006_1KM	3	14	1	2	2	0.412	
006_1KM	3	15	1	1	1	0.381	
006_1KM	3	16	2	1	1	0.432	
006_1KM	3	17	2	1	1	0.459	
006_1KM	3	18	1	1	1	0.405	
006_1KM	3	19	2	1	1	0.493	
006_1KM	3	20	2	1	1	0.405	
006_1KM	3	21	1	2	2	0.428	
006_1KM	3	22	2	1	1	0.403	
006_1KM	3	23	2	1	1	0.413	
006_1KM	3	24	2	2	2	0.459	
006_1KM	3	25	2	2	2	0.480	
006_1KM	3	26	1	1	1	0.354	
006_1KM	3	27	2	2	2	0.440	
006_1KM	3	28	2	1	1	0.419	
006_1KM	3	29	2	2	2	0.457	
006_1KM	3	30	1	1	1	0.337	
006_1KM	3	31	2	1	1	0.486	
006_1KM	3	32	1	2	2	0.352	
006_1KM	3	33	1	2	2	0.379	
006_1KM	3	34	1	1	1	0.367	
006_1KM	3	35	1	2	2	0.379	
006_1KM	3	36	1	1	1	0.359	
006_1KM	3	37	2	2	2	0.499	
006_1KM	3	38	1	1	1	0.366	
006_1KM	3	39	2	2	2	0.484	
006_1KM	3	40	1	1	1	0.350	
006_1KM	3	41	1	1	1	0.407	
006_1KM	3	42	2	2	2	0.448	
006_1KM	3	43	1	1	1	0.384	
006_1KM	3	44	2	2	2	0.411	
006_1KM	3	45	2	1	1	0.525	
006_1KM	3	46	1	2	2	0.397	
006_1KM	3	47	1	2	2	0.463	
006_1KM	3	48	1	2	2	0.416	
006_1KM	3	49	2	1	1	0.433	
006_1KM	3	50	2	2	2	0.456	
006_1KM	3	51	1	2	2	0.394	
006_1KM	3	52	1	1	1	0.367	
006_1KM	3	53	2	2	2	0.468	
006_1KM	3	54	1	1	1	0.357	
006_1KM	3	55	2	1	1	0.620	
