sub	block	trial	congr	stim	resp	RT	
015_2NM	0	0	2	2	2	0.662	
015_2NM	0	1	2	2	2	0.609	
015_2NM	0	2	2	2	2	0.503	
015_2NM	0	3	2	1	1	0.539	
015_2NM	0	4	2	1	1	0.479	
015_2NM	0	5	1	1	1	0.485	
015_2NM	0	6	2	1	1	0.595	
015_2NM	0	7	2	1	1	0.605	
015_2NM	0	8	2	2	2	0.590	
015_2NM	0	9	2	1	1	0.505	
015_2NM	0	10	1	2	2	0.495	
015_2NM	0	11	1	2	2	0.474	
015_2NM	0	12	1	1	1	0.555	
015_2NM	0	13	2	2	2	0.545	
015_2NM	0	14	2	2	2	0.506	
015_2NM	0	15	1	2	2	0.445	
015_2NM	0	16	2	1	1	0.647	
015_2NM	0	17	1	2	2	0.638	
015_2NM	0	18	1	2	2	0.694	
015_2NM	0	19	2	2	2	0.563	
015_2NM	0	20	2	2	2	0.483	
015_2NM	0	21	1	1	1	0.503	
015_2NM	0	22	2	2	2	0.511	
015_2NM	0	23	1	1	1	0.506	
015_2NM	0	24	2	2	2	0.546	
015_2NM	0	25	2	1	1	0.495	
015_2NM	0	26	2	1	1	0.519	
015_2NM	0	27	2	2	2	0.511	
015_2NM	0	28	1	2	2	0.381	
015_2NM	0	29	1	2	2	0.404	
015_2NM	0	30	2	2	2	0.434	
015_2NM	0	31	1	1	1	0.535	
015_2NM	0	32	1	1	1	0.473	
015_2NM	0	33	1	1	1	0.407	
015_2NM	0	34	2	1	2	0.463	
015_2NM	0	35	1	2	2	0.531	
015_2NM	0	36	1	2	2	0.550	
015_2NM	0	37	1	2	2	0.486	
015_2NM	0	38	2	1	1	0.517	
015_2NM	0	39	2	1	1	0.556	
015_2NM	0	40	1	1	1	0.599	
015_2NM	0	41	1	2	2	0.538	
015_2NM	0	42	2	1	1	0.611	
015_2NM	0	43	1	2	2	0.523	
015_2NM	0	44	1	1	1	0.573	
015_2NM	0	45	2	2	2	0.532	
015_2NM	0	46	1	2	2	0.530	
015_2NM	0	47	1	1	1	0.495	
015_2NM	0	48	1	1	1	0.499	
015_2NM	0	49	2	1	1	0.615	
015_2NM	0	50	2	2	2	0.534	
015_2NM	0	51	1	2	2	0.515	
015_2NM	0	52	2	1	1	0.513	
015_2NM	0	53	1	1	1	0.529	
015_2NM	0	54	1	1	1	0.529	
015_2NM	0	55	1	1	1	0.437	
015_2NM	1	0	2	2	2	0.864	
015_2NM	1	1	1	1	1	0.488	
015_2NM	1	2	1	1	1	0.489	
015_2NM	1	3	2	2	2	0.540	
015_2NM	1	4	1	2	2	0.527	
015_2NM	1	5	1	1	1	0.476	
015_2NM	1	6	2	1	1	0.724	
015_2NM	1	7	1	1	1	0.604	
015_2NM	1	8	2	2	2	0.550	
015_2NM	1	9	1	2	2	0.591	
015_2NM	1	10	1	2	2	0.583	
015_2NM	1	11	2	1	1	0.613	
015_2NM	1	12	2	1	1	0.645	
015_2NM	1	13	1	1	1	0.572	
015_2NM	1	14	2	1	1	0.655	
015_2NM	1	15	2	2	2	0.595	
015_2NM	1	16	2	2	2	0.713	
015_2NM	1	17	1	2	2	0.735	
015_2NM	1	18	2	1	1	0.627	
015_2NM	1	19	1	1	1	0.594	
015_2NM	1	20	2	2	2	0.636	
015_2NM	1	21	1	2	2	0.638	
015_2NM	1	22	2	1	1	0.621	
015_2NM	1	23	1	1	1	0.554	
015_2NM	1	24	2	1	1	0.610	
015_2NM	1	25	2	1	1	0.580	
015_2NM	1	26	2	2	2	0.548	
015_2NM	1	27	2	2	2	0.641	
015_2NM	1	28	2	2	2	0.568	
015_2NM	1	29	1	1	1	0.548	
015_2NM	1	30	2	1	1	0.682	
015_2NM	1	31	1	2	2	0.489	
015_2NM	1	32	1	2	2	0.455	
015_2NM	1	33	1	2	2	0.535	
015_2NM	1	34	1	2	2	0.592	
015_2NM	1	35	1	1	1	0.580	
015_2NM	1	36	1	2	2	0.569	
015_2NM	1	37	2	2	2	0.514	
015_2NM	1	38	1	1	1	0.535	
015_2NM	1	39	1	1	1	0.621	
015_2NM	1	40	1	1	1	0.577	
015_2NM	1	41	1	2	2	0.574	
015_2NM	1	42	2	1	1	0.563	
015_2NM	1	43	2	2	2	0.526	
015_2NM	1	44	1	2	2	0.488	
015_2NM	1	45	2	1	1	0.519	
015_2NM	1	46	2	2	2	0.580	
015_2NM	1	47	2	2	2	0.650	
015_2NM	1	48	2	2	2	0.697	
015_2NM	1	49	2	1	1	0.628	
015_2NM	1	50	1	2	2	0.565	
015_2NM	1	51	2	1	1	0.617	
015_2NM	1	52	1	2	2	0.500	
015_2NM	1	53	1	1	1	0.522	
015_2NM	1	54	2	1	1	0.674	
015_2NM	1	55	1	1	1	0.612	
015_2NM	2	0	2	1	1	0.811	
015_2NM	2	1	1	1	1	0.597	
015_2NM	2	2	2	1	1	0.600	
015_2NM	2	3	2	2	2	0.661	
015_2NM	2	4	1	1	1	0.526	
015_2NM	2	5	2	2	2	0.612	
015_2NM	2	6	1	1	1	0.561	
015_2NM	2	7	2	1	1	0.673	
015_2NM	2	8	1	1	1	0.538	
015_2NM	2	9	2	2	2	0.599	
015_2NM	2	10	2	1	1	0.616	
015_2NM	2	11	2	2	2	0.628	
015_2NM	2	12	1	1	1	0.544	
015_2NM	2	13	1	2	2	0.537	
015_2NM	2	14	1	2	2	0.593	
015_2NM	2	15	1	1	1	0.618	
015_2NM	2	16	2	1	1	0.592	
015_2NM	2	17	2	1	1	0.637	
015_2NM	2	18	2	2	2	0.614	
015_2NM	2	19	2	1	1	0.627	
015_2NM	2	20	2	1	1	0.713	
015_2NM	2	21	1	1	1	0.521	
015_2NM	2	22	1	2	2	0.530	
015_2NM	2	23	1	1	1	0.522	
015_2NM	2	24	1	2	2	0.534	
015_2NM	2	25	1	2	2	0.566	
015_2NM	2	26	1	2	2	0.589	
015_2NM	2	27	2	2	2	0.743	
015_2NM	2	28	2	2	2	0.583	
015_2NM	2	29	1	1	1	0.576	
015_2NM	2	30	2	2	2	0.739	
015_2NM	2	31	1	1	1	0.582	
015_2NM	2	32	2	1	1	0.611	
015_2NM	2	33	2	2	2	0.507	
015_2NM	2	34	2	2	2	0.514	
015_2NM	2	35	2	1	1	0.593	
015_2NM	2	36	1	1	1	0.481	
015_2NM	2	37	1	2	2	0.514	
015_2NM	2	38	2	1	1	0.507	
015_2NM	2	39	2	1	1	0.507	
015_2NM	2	40	2	1	1	0.734	
015_2NM	2	41	2	1	1	0.504	
015_2NM	2	42	1	2	2	0.501	
015_2NM	2	43	2	2	2	0.644	
015_2NM	2	44	1	2	2	0.470	
015_2NM	2	45	2	2	2	0.586	
015_2NM	2	46	2	2	2	0.509	
015_2NM	2	47	1	2	2	0.562	
015_2NM	2	48	1	2	2	0.522	
015_2NM	2	49	1	2	2	0.520	
015_2NM	2	50	1	2	2	0.688	
015_2NM	2	51	1	1	1	0.654	
015_2NM	2	52	1	1	1	0.664	
015_2NM	2	53	1	1	1	0.529	
015_2NM	2	54	1	2	2	0.607	
015_2NM	2	55	2	2	2	0.791	
015_2NM	3	0	1	2	2	0.545	
015_2NM	3	1	1	2	2	0.476	
015_2NM	3	2	2	2	2	0.494	
015_2NM	3	3	1	1	1	0.504	
015_2NM	3	4	2	1	1	0.670	
015_2NM	3	5	2	1	1	0.489	
015_2NM	3	6	2	2	2	0.575	
015_2NM	3	7	1	2	2	0.472	
015_2NM	3	8	2	1	1	0.548	
015_2NM	3	9	2	2	2	0.484	
015_2NM	3	10	2	2	2	0.508	
015_2NM	3	11	2	2	2	0.614	
015_2NM	3	12	2	2	2	0.532	
015_2NM	3	13	2	2	2	0.476	
015_2NM	3	14	2	1	1	0.563	
015_2NM	3	15	2	1	1	0.540	
015_2NM	3	16	1	1	1	0.495	
015_2NM	3	17	1	1	1	0.523	
015_2NM	3	18	1	2	2	0.514	
015_2NM	3	19	2	2	2	0.538	
015_2NM	3	20	1	1	1	0.525	
015_2NM	3	21	1	1	1	0.553	
015_2NM	3	22	2	1	1	0.719	
015_2NM	3	23	1	1	1	0.535	
015_2NM	3	24	1	1	1	0.616	
015_2NM	3	25	1	2	2	0.526	
015_2NM	3	26	2	2	2	0.668	
015_2NM	3	27	1	2	2	0.628	
015_2NM	3	28	2	2	2	0.673	
015_2NM	3	29	1	1	1	0.521	
015_2NM	3	30	1	2	2	0.530	
015_2NM	3	31	1	1	1	0.492	
015_2NM	3	32	1	1	1	0.556	
015_2NM	3	33	2	1	1	0.700	
015_2NM	3	34	2	1	1	0.655	
015_2NM	3	35	1	2	2	0.501	
015_2NM	3	36	1	2	2	0.466	
015_2NM	3	37	2	2	2	0.486	
015_2NM	3	38	2	1	1	0.549	
015_2NM	3	39	1	1	1	0.533	
015_2NM	3	40	2	2	2	0.529	
015_2NM	3	41	2	2	2	0.876	
015_2NM	3	42	1	2	2	0.551	
015_2NM	3	43	1	1	1	0.649	
015_2NM	3	44	2	1	1	0.701	
015_2NM	3	45	1	2	2	0.594	
015_2NM	3	46	2	1	1	0.504	
015_2NM	3	47	1	2	2	0.494	
015_2NM	3	48	1	1	1	0.481	
015_2NM	3	49	1	2	2	0.516	
015_2NM	3	50	1	1	1	0.546	
015_2NM	3	51	2	1	1	0.680	
015_2NM	3	52	2	2	2	0.559	
015_2NM	3	53	2	1	1	0.504	
015_2NM	3	54	1	2	2	0.476	
015_2NM	3	55	2	1	1	0.520	
