sub	block	trial	congr	stim	resp	RT	
001_6GS	0	0	1	1	1	0.472	
001_6GS	0	1	2	2	2	0.536	
001_6GS	0	2	2	2	2	0.515	
001_6GS	0	3	1	2	2	0.408	
001_6GS	0	4	1	2	2	0.458	
001_6GS	0	5	2	1	1	0.528	
001_6GS	0	6	1	1	1	0.431	
001_6GS	0	7	1	1	1	0.459	
001_6GS	0	8	1	2	2	0.463	
001_6GS	0	9	2	2	2	0.515	
001_6GS	0	10	2	2	2	0.556	
001_6GS	0	11	1	2	2	0.421	
001_6GS	0	12	2	2	2	0.564	
001_6GS	0	13	2	1	1	0.541	
001_6GS	0	14	2	1	1	0.548	
001_6GS	0	15	1	1	1	0.412	
001_6GS	0	16	2	1	1	0.507	
001_6GS	0	17	2	2	2	0.523	
001_6GS	0	18	2	2	2	0.549	
001_6GS	0	19	2	1	1	0.651	
001_6GS	0	20	1	1	1	0.617	
001_6GS	0	21	2	1	1	0.520	
001_6GS	0	22	1	2	2	0.508	
001_6GS	0	23	1	1	1	0.408	
001_6GS	0	24	2	2	2	0.493	
001_6GS	0	25	2	1	1	0.622	
001_6GS	0	26	2	2	2	0.500	
001_6GS	0	27	1	2	2	0.000	
001_6GS	0	28	1	1	1	0.401	
001_6GS	0	29	2	1	1	0.520	
001_6GS	0	30	1	1	1	0.402	
001_6GS	0	31	1	2	2	0.605	
001_6GS	0	32	1	2	2	0.488	
001_6GS	0	33	2	2	2	0.499	
001_6GS	0	34	1	1	1	0.546	
001_6GS	0	35	2	1	1	0.520	
001_6GS	0	36	1	1	1	0.512	
001_6GS	0	37	1	1	1	0.452	
001_6GS	0	38	1	1	1	0.374	
001_6GS	0	39	1	2	2	0.656	
001_6GS	0	40	2	2	2	0.508	
001_6GS	0	41	2	1	1	0.513	
001_6GS	0	42	1	2	2	0.453	
001_6GS	0	43	1	1	1	0.543	
001_6GS	0	44	2	1	1	0.509	
001_6GS	0	45	2	1	1	0.515	
001_6GS	0	46	1	2	2	0.494	
001_6GS	0	47	1	2	2	0.469	
001_6GS	0	48	2	1	1	0.497	
001_6GS	0	49	1	2	2	0.458	
001_6GS	0	50	1	2	2	0.474	
001_6GS	0	51	2	2	2	0.476	
001_6GS	0	52	2	2	2	0.485	
001_6GS	0	53	2	2	2	0.500	
001_6GS	0	54	1	1	1	0.424	
001_6GS	0	55	2	1	1	0.459	
001_6GS	1	0	2	1	1	0.522	
001_6GS	1	1	1	1	1	0.400	
001_6GS	1	2	2	2	2	0.626	
001_6GS	1	3	1	1	1	0.542	
001_6GS	1	4	2	2	2	0.555	
001_6GS	1	5	2	2	2	0.810	
001_6GS	1	6	1	1	1	0.430	
001_6GS	1	7	1	1	1	0.427	
001_6GS	1	8	1	2	2	0.465	
001_6GS	1	9	2	2	2	0.490	
001_6GS	1	10	1	1	1	0.465	
001_6GS	1	11	1	2	2	0.590	
001_6GS	1	12	1	2	2	0.439	
001_6GS	1	13	2	1	1	0.487	
001_6GS	1	14	2	2	2	0.520	
001_6GS	1	15	1	1	1	0.423	
001_6GS	1	16	2	1	1	0.529	
001_6GS	1	17	1	2	2	0.621	
001_6GS	1	18	2	1	1	0.431	
001_6GS	1	19	1	2	2	0.433	
001_6GS	1	20	1	1	1	0.432	
001_6GS	1	21	2	1	1	0.448	
001_6GS	1	22	1	2	2	0.437	
001_6GS	1	23	1	1	1	0.456	
001_6GS	1	24	1	2	2	0.435	
001_6GS	1	25	2	2	2	0.523	
001_6GS	1	26	2	1	1	0.427	
001_6GS	1	27	1	2	2	0.420	
001_6GS	1	28	2	2	2	0.508	
001_6GS	1	29	1	1	1	0.418	
001_6GS	1	30	2	2	2	0.422	
001_6GS	1	31	2	1	1	0.377	
001_6GS	1	32	1	2	2	0.421	
001_6GS	1	33	1	1	1	0.413	
001_6GS	1	34	2	2	2	0.588	
001_6GS	1	35	1	2	2	0.438	
001_6GS	1	36	1	1	1	0.543	
001_6GS	1	37	1	1	1	0.426	
001_6GS	1	38	2	1	1	0.439	
001_6GS	1	39	2	2	2	0.609	
001_6GS	1	40	1	2	2	0.417	
001_6GS	1	41	2	2	2	0.481	
001_6GS	1	42	1	1	1	0.437	
001_6GS	1	43	2	1	2	0.639	
001_6GS	1	44	1	1	1	0.417	
001_6GS	1	45	2	2	2	0.591	
001_6GS	1	46	2	1	1	0.476	
001_6GS	1	47	2	1	1	0.453	
001_6GS	1	48	1	2	2	0.493	
001_6GS	1	49	2	1	1	0.660	
001_6GS	1	50	2	1	1	0.476	
001_6GS	1	51	1	2	2	0.469	
001_6GS	1	52	1	2	2	0.585	
001_6GS	1	53	2	1	1	0.479	
001_6GS	1	54	2	2	2	0.491	
001_6GS	1	55	2	2	2	0.586	
001_6GS	2	0	2	1	1	0.592	
001_6GS	2	1	1	1	1	0.439	
001_6GS	2	2	2	2	2	0.481	
001_6GS	2	3	2	2	2	0.569	
001_6GS	2	4	2	1	1	0.482	
001_6GS	2	5	1	1	1	0.384	
001_6GS	2	6	1	1	1	0.386	
001_6GS	2	7	2	1	1	0.441	
001_6GS	2	8	2	2	2	0.595	
001_6GS	2	9	2	1	1	0.443	
001_6GS	2	10	1	1	1	0.403	
001_6GS	2	11	2	2	2	0.527	
001_6GS	2	12	1	2	2	0.490	
001_6GS	2	13	2	2	2	0.505	
001_6GS	2	14	1	2	2	0.461	
001_6GS	2	15	2	1	1	0.436	
001_6GS	2	16	1	2	2	0.526	
001_6GS	2	17	2	1	1	0.456	
001_6GS	2	18	2	2	2	0.523	
001_6GS	2	19	1	1	1	0.429	
001_6GS	2	20	1	1	1	0.429	
001_6GS	2	21	2	1	1	0.429	
001_6GS	2	22	1	1	1	0.387	
001_6GS	2	23	2	1	1	0.495	
001_6GS	2	24	1	2	2	0.683	
001_6GS	2	25	1	1	1	0.406	
001_6GS	2	26	2	2	1	0.476	
001_6GS	2	27	1	1	1	0.406	
001_6GS	2	28	1	1	1	0.469	
001_6GS	2	29	1	2	2	0.442	
001_6GS	2	30	2	2	2	0.484	
001_6GS	2	31	1	2	2	0.388	
001_6GS	2	32	1	2	2	0.442	
001_6GS	2	33	2	2	2	0.510	
001_6GS	2	34	2	2	2	0.617	
001_6GS	2	35	2	2	2	0.503	
001_6GS	2	36	2	1	1	0.437	
001_6GS	2	37	2	1	1	0.638	
001_6GS	2	38	2	2	2	0.647	
001_6GS	2	39	1	1	1	0.419	
001_6GS	2	40	1	2	2	0.422	
001_6GS	2	41	1	1	1	0.397	
001_6GS	2	42	1	1	1	0.411	
001_6GS	2	43	1	2	2	0.459	
001_6GS	2	44	2	1	1	0.449	
001_6GS	2	45	1	2	2	0.482	
001_6GS	2	46	2	1	1	0.451	
001_6GS	2	47	1	2	2	0.515	
001_6GS	2	48	2	1	1	0.528	
001_6GS	2	49	2	2	2	0.508	
001_6GS	2	50	2	1	1	0.466	
001_6GS	2	51	1	2	2	0.431	
001_6GS	2	52	2	2	2	0.487	
001_6GS	2	53	1	2	2	0.439	
001_6GS	2	54	1	2	2	0.546	
001_6GS	2	55	1	1	1	0.417	
001_6GS	3	0	1	1	1	0.441	
001_6GS	3	1	1	1	1	0.413	
001_6GS	3	2	2	1	1	0.504	
001_6GS	3	3	1	2	2	0.441	
001_6GS	3	4	1	1	1	0.395	
001_6GS	3	5	2	2	2	0.675	
001_6GS	3	6	2	1	1	0.574	
001_6GS	3	7	1	2	2	0.449	
001_6GS	3	8	1	2	1	0.550	
001_6GS	3	9	1	1	1	0.445	
001_6GS	3	10	1	2	2	0.424	
001_6GS	3	11	1	1	1	0.437	
001_6GS	3	12	2	2	2	0.555	
001_6GS	3	13	1	1	1	0.408	
001_6GS	3	14	1	2	2	0.438	
001_6GS	3	15	2	1	1	0.437	
001_6GS	3	16	1	1	1	0.459	
001_6GS	3	17	1	1	1	0.394	
001_6GS	3	18	2	2	2	0.457	
001_6GS	3	19	1	2	2	0.412	
001_6GS	3	20	2	2	2	0.797	
001_6GS	3	21	1	2	2	0.646	
001_6GS	3	22	1	2	2	0.440	
001_6GS	3	23	1	1	1	0.427	
001_6GS	3	24	2	2	2	0.521	
001_6GS	3	25	2	1	1	0.473	
001_6GS	3	26	2	2	2	0.510	
001_6GS	3	27	2	2	2	0.416	
001_6GS	3	28	2	2	2	0.523	
001_6GS	3	29	2	2	2	0.489	
001_6GS	3	30	2	2	2	0.407	
001_6GS	3	31	2	1	1	0.460	
001_6GS	3	32	2	1	1	0.451	
001_6GS	3	33	2	1	1	0.439	
001_6GS	3	34	1	1	1	0.476	
001_6GS	3	35	1	2	2	0.612	
001_6GS	3	36	2	1	1	0.383	
001_6GS	3	37	2	1	1	0.482	
001_6GS	3	38	2	2	2	0.526	
001_6GS	3	39	2	1	1	0.067	
001_6GS	3	40	1	2	2	0.406	
001_6GS	3	41	2	1	1	0.491	
001_6GS	3	42	1	2	1	0.479	
001_6GS	3	43	2	2	2	0.473	
001_6GS	3	44	2	2	2	0.469	
001_6GS	3	45	2	2	2	0.467	
001_6GS	3	46	1	1	1	0.398	
001_6GS	3	47	1	1	1	0.377	
001_6GS	3	48	1	2	2	0.463	
001_6GS	3	49	2	1	1	0.514	
001_6GS	3	50	1	1	1	0.367	
001_6GS	3	51	2	1	1	0.420	
001_6GS	3	52	1	2	2	0.469	
001_6GS	3	53	1	2	2	0.433	
001_6GS	3	54	1	1	1	0.420	
001_6GS	3	55	2	1	1	0.658	
