sub	block	trial	congr	stim	resp	RT	
003_NM	0	0	2	2	2	0.798	
003_NM	0	1	2	1	1	0.486	
003_NM	0	2	1	2	2	0.394	
003_NM	0	3	2	2	2	0.520	
003_NM	0	4	2	2	2	0.464	
003_NM	0	5	1	2	2	0.328	
003_NM	0	6	2	2	2	0.476	
003_NM	0	7	1	2	2	0.373	
003_NM	0	8	2	2	2	0.454	
003_NM	0	9	1	2	2	0.369	
003_NM	0	10	1	2	2	0.396	
003_NM	0	11	2	1	1	0.487	
003_NM	0	12	2	2	2	0.436	
003_NM	0	13	1	1	1	0.397	
003_NM	0	14	1	2	2	0.366	
003_NM	0	15	2	2	2	0.388	
003_NM	0	16	1	1	1	0.392	
003_NM	0	17	1	1	1	0.419	
003_NM	0	18	1	1	1	0.358	
003_NM	0	19	2	1	1	0.431	
003_NM	0	20	2	1	1	0.439	
003_NM	0	21	1	1	1	0.381	
003_NM	0	22	1	2	2	0.391	
003_NM	0	23	1	1	1	0.374	
003_NM	0	24	1	2	2	0.362	
003_NM	0	25	2	1	1	0.420	
003_NM	0	26	1	1	1	0.311	
003_NM	0	27	2	1	1	0.437	
003_NM	0	28	1	2	2	0.397	
003_NM	0	29	1	1	1	0.375	
003_NM	0	30	1	1	1	0.347	
003_NM	0	31	2	1	1	0.476	
003_NM	0	32	2	2	2	0.442	
003_NM	0	33	2	1	1	0.424	
003_NM	0	34	2	2	2	0.388	
003_NM	0	35	1	2	2	0.371	
003_NM	0	36	2	1	1	0.447	
003_NM	0	37	2	2	2	0.417	
003_NM	0	38	2	1	1	0.426	
003_NM	0	39	1	2	2	0.368	
003_NM	0	40	1	2	2	0.353	
003_NM	0	41	1	1	1	0.366	
003_NM	0	42	1	1	1	0.375	
003_NM	0	43	2	2	2	0.469	
003_NM	0	44	2	1	1	0.429	
003_NM	0	45	1	2	2	0.378	
003_NM	0	46	1	1	1	0.364	
003_NM	0	47	2	2	2	0.386	
003_NM	0	48	1	1	1	0.332	
003_NM	0	49	2	2	2	0.356	
003_NM	0	50	2	1	1	0.432	
003_NM	0	51	1	2	2	0.392	
003_NM	0	52	2	1	1	0.437	
003_NM	0	53	2	2	2	0.404	
003_NM	0	54	2	1	1	0.553	
003_NM	0	55	1	1	1	0.322	
003_NM	1	0	1	1	1	0.406	
003_NM	1	1	2	2	2	0.392	
003_NM	1	2	1	2	2	0.540	
003_NM	1	3	2	2	2	0.437	
003_NM	1	4	1	2	2	0.372	
003_NM	1	5	2	1	1	0.371	
003_NM	1	6	1	2	2	0.380	
003_NM	1	7	2	2	2	0.449	
003_NM	1	8	2	1	1	0.396	
003_NM	1	9	1	2	2	0.334	
003_NM	1	10	1	1	1	0.348	
003_NM	1	11	1	2	2	0.324	
003_NM	1	12	2	2	2	0.415	
003_NM	1	13	1	1	1	0.363	
003_NM	1	14	1	1	1	0.340	
003_NM	1	15	2	2	2	0.398	
003_NM	1	16	1	1	1	0.377	
003_NM	1	17	2	2	2	0.365	
003_NM	1	18	2	1	1	0.396	
003_NM	1	19	2	1	1	0.407	
003_NM	1	20	1	2	2	0.371	
003_NM	1	21	2	2	2	0.438	
003_NM	1	22	2	1	1	0.442	
003_NM	1	23	1	2	2	0.384	
003_NM	1	24	2	2	2	0.416	
003_NM	1	25	1	2	2	0.317	
003_NM	1	26	2	1	1	0.430	
003_NM	1	27	1	2	2	0.554	
003_NM	1	28	2	1	1	0.394	
003_NM	1	29	2	1	2	0.289	
003_NM	1	30	2	2	2	0.633	
003_NM	1	31	2	2	2	0.507	
003_NM	1	32	2	1	1	0.419	
003_NM	1	33	1	1	1	0.402	
003_NM	1	34	2	1	1	0.455	
003_NM	1	35	1	1	1	0.353	
003_NM	1	36	1	1	1	0.427	
003_NM	1	37	1	2	2	0.383	
003_NM	1	38	1	2	2	0.379	
003_NM	1	39	1	1	1	0.414	
003_NM	1	40	2	1	1	0.534	
003_NM	1	41	1	2	2	0.385	
003_NM	1	42	2	2	2	0.434	
003_NM	1	43	1	1	1	0.385	
003_NM	1	44	2	2	2	0.486	
003_NM	1	45	1	1	1	0.388	
003_NM	1	46	1	2	2	0.396	
003_NM	1	47	2	2	2	0.455	
003_NM	1	48	2	1	1	0.401	
003_NM	1	49	1	1	1	0.345	
003_NM	1	50	1	1	1	0.347	
003_NM	1	51	2	1	1	0.421	
003_NM	1	52	2	1	1	0.383	
003_NM	1	53	1	2	2	0.383	
003_NM	1	54	1	1	1	0.393	
003_NM	1	55	2	2	2	0.452	
003_NM	2	0	1	2	2	0.401	
003_NM	2	1	2	1	1	0.383	
003_NM	2	2	1	1	1	0.362	
003_NM	2	3	1	2	2	0.389	
003_NM	2	4	2	2	2	0.448	
003_NM	2	5	1	2	2	0.335	
003_NM	2	6	1	1	1	0.378	
003_NM	2	7	1	2	2	0.405	
003_NM	2	8	2	1	1	0.436	
003_NM	2	9	2	1	1	0.515	
003_NM	2	10	1	2	2	0.428	
003_NM	2	11	1	1	1	0.338	
003_NM	2	12	1	1	1	0.325	
003_NM	2	13	2	2	2	0.386	
003_NM	2	14	1	1	1	0.344	
003_NM	2	15	2	2	2	0.491	
003_NM	2	16	1	2	2	0.382	
003_NM	2	17	2	2	2	0.492	
003_NM	2	18	2	2	2	0.390	
003_NM	2	19	1	2	2	0.353	
003_NM	2	20	2	1	1	0.408	
003_NM	2	21	2	1	1	0.393	
003_NM	2	22	1	1	1	0.361	
003_NM	2	23	2	1	1	0.410	
003_NM	2	24	1	2	2	0.623	
003_NM	2	25	2	2	2	0.473	
003_NM	2	26	1	1	1	0.590	
003_NM	2	27	1	1	1	0.399	
003_NM	2	28	1	1	1	0.362	
003_NM	2	29	2	1	1	0.434	
003_NM	2	30	2	1	1	0.404	
003_NM	2	31	2	1	1	0.385	
003_NM	2	32	1	1	1	0.359	
003_NM	2	33	2	1	1	0.429	
003_NM	2	34	1	2	2	0.453	
003_NM	2	35	1	1	1	0.545	
003_NM	2	36	2	2	2	0.406	
003_NM	2	37	2	1	1	0.458	
003_NM	2	38	1	1	1	0.428	
003_NM	2	39	1	2	2	0.420	
003_NM	2	40	1	2	2	0.390	
003_NM	2	41	2	1	1	0.393	
003_NM	2	42	1	1	1	0.396	
003_NM	2	43	2	2	2	0.527	
003_NM	2	44	2	2	2	0.423	
003_NM	2	45	2	2	2	0.325	
003_NM	2	46	2	1	1	0.398	
003_NM	2	47	2	1	1	0.339	
003_NM	2	48	2	2	2	0.453	
003_NM	2	49	2	2	2	0.419	
003_NM	2	50	1	2	2	0.318	
003_NM	2	51	2	2	2	0.438	
003_NM	2	52	1	2	2	0.343	
003_NM	2	53	1	2	2	0.289	
003_NM	2	54	2	2	2	0.406	
003_NM	2	55	1	1	1	0.414	
003_NM	3	0	1	1	1	0.559	
003_NM	3	1	1	2	2	0.430	
003_NM	3	2	2	2	2	0.433	
003_NM	3	3	2	2	2	0.416	
003_NM	3	4	1	2	2	0.368	
003_NM	3	5	1	1	1	0.564	
003_NM	3	6	1	2	2	0.398	
003_NM	3	7	1	1	1	0.408	
003_NM	3	8	1	2	2	0.397	
003_NM	3	9	1	2	2	0.388	
003_NM	3	10	1	2	2	0.281	
003_NM	3	11	2	2	2	0.442	
003_NM	3	12	2	1	1	0.399	
003_NM	3	13	2	1	1	0.399	
003_NM	3	14	2	2	2	0.513	
003_NM	3	15	2	1	1	0.451	
003_NM	3	16	2	2	2	0.431	
003_NM	3	17	1	1	1	0.350	
003_NM	3	18	2	1	1	0.425	
003_NM	3	19	2	1	1	0.412	
003_NM	3	20	2	2	2	0.570	
003_NM	3	21	2	1	1	0.452	
003_NM	3	22	1	2	2	0.414	
003_NM	3	23	1	1	1	0.393	
003_NM	3	24	1	2	2	0.398	
003_NM	3	25	2	2	2	0.374	
003_NM	3	26	1	2	2	0.313	
003_NM	3	27	1	2	2	0.356	
003_NM	3	28	2	1	1	0.420	
003_NM	3	29	2	1	1	0.439	
003_NM	3	30	1	2	2	0.389	
003_NM	3	31	2	2	2	0.409	
003_NM	3	32	2	2	2	0.406	
003_NM	3	33	1	2	2	0.351	
003_NM	3	34	2	2	2	0.404	
003_NM	3	35	2	1	1	0.444	
003_NM	3	36	1	1	1	0.365	
003_NM	3	37	1	1	1	0.330	
003_NM	3	38	2	1	1	0.361	
003_NM	3	39	2	2	2	0.434	
003_NM	3	40	1	1	1	0.393	
003_NM	3	41	1	2	2	0.382	
003_NM	3	42	2	1	1	0.464	
003_NM	3	43	2	1	1	0.559	
003_NM	3	44	1	1	1	0.389	
003_NM	3	45	2	1	1	0.396	
003_NM	3	46	1	1	1	0.354	
003_NM	3	47	2	1	1	0.420	
003_NM	3	48	1	1	1	0.324	
003_NM	3	49	2	2	2	0.460	
003_NM	3	50	2	2	2	0.399	
003_NM	3	51	1	1	1	0.389	
003_NM	3	52	1	1	1	0.334	
003_NM	3	53	1	2	2	0.475	
003_NM	3	54	1	1	1	0.383	
003_NM	3	55	2	2	2	0.463	
