sub	block	trial	congr	stim	resp	RT	
001_2NM	0	0	2	2	2	0.665	
001_2NM	0	1	2	2	2	0.517	
001_2NM	0	2	2	1	1	0.511	
001_2NM	0	3	1	2	2	0.449	
001_2NM	0	4	2	1	1	0.563	
001_2NM	0	5	1	1	1	0.432	
001_2NM	0	6	1	2	2	0.445	
001_2NM	0	7	2	1	1	0.486	
001_2NM	0	8	2	2	2	0.494	
001_2NM	0	9	2	2	2	0.472	
001_2NM	0	10	1	1	1	0.434	
001_2NM	0	11	2	2	2	0.486	
001_2NM	0	12	1	1	1	0.434	
001_2NM	0	13	2	1	1	0.603	
001_2NM	0	14	2	2	2	0.464	
001_2NM	0	15	1	2	2	0.453	
001_2NM	0	16	1	1	1	0.583	
001_2NM	0	17	2	2	2	0.433	
001_2NM	0	18	1	2	2	0.440	
001_2NM	0	19	1	2	2	0.396	
001_2NM	0	20	1	1	1	0.526	
001_2NM	0	21	2	1	1	0.556	
001_2NM	0	22	1	1	1	0.422	
001_2NM	0	23	2	2	2	0.469	
001_2NM	0	24	2	1	1	0.460	
001_2NM	0	25	2	1	1	0.430	
001_2NM	0	26	1	1	1	0.443	
001_2NM	0	27	1	1	1	0.407	
001_2NM	0	28	2	2	2	0.441	
001_2NM	0	29	2	2	2	0.529	
001_2NM	0	30	2	2	2	0.510	
001_2NM	0	31	1	1	1	0.395	
001_2NM	0	32	1	2	2	0.422	
001_2NM	0	33	1	2	2	0.405	
001_2NM	0	34	2	1	1	0.467	
001_2NM	0	35	1	1	1	0.326	
001_2NM	0	36	2	1	2	0.353	
001_2NM	0	37	1	1	1	0.412	
001_2NM	0	38	2	1	1	0.433	
001_2NM	0	39	1	1	1	0.323	
001_2NM	0	40	2	2	2	0.449	
001_2NM	0	41	2	1	1	0.476	
001_2NM	0	42	1	2	2	0.473	
001_2NM	0	43	2	1	1	0.439	
001_2NM	0	44	1	2	2	0.406	
001_2NM	0	45	2	1	1	0.418	
001_2NM	0	46	1	2	2	0.458	
001_2NM	0	47	1	2	2	0.449	
001_2NM	0	48	1	2	2	0.452	
001_2NM	0	49	2	2	2	0.537	
001_2NM	0	50	1	1	1	0.572	
001_2NM	0	51	1	1	1	0.404	
001_2NM	0	52	1	2	2	0.687	
001_2NM	0	53	2	1	1	0.677	
001_2NM	0	54	1	2	2	0.531	
001_2NM	0	55	2	2	2	0.529	
001_2NM	1	0	2	2	2	0.536	
001_2NM	1	1	2	2	2	0.471	
001_2NM	1	2	2	2	2	0.560	
001_2NM	1	3	2	1	1	0.615	
001_2NM	1	4	1	2	2	0.395	
001_2NM	1	5	1	2	2	0.402	
001_2NM	1	6	1	1	1	0.412	
001_2NM	1	7	2	2	2	0.469	
001_2NM	1	8	1	2	2	0.435	
001_2NM	1	9	1	1	1	0.391	
001_2NM	1	10	1	1	1	0.512	
001_2NM	1	11	2	1	1	0.440	
001_2NM	1	12	1	1	1	0.334	
001_2NM	1	13	2	2	2	0.507	
001_2NM	1	14	2	1	1	0.536	
001_2NM	1	15	1	2	2	0.413	
001_2NM	1	16	2	1	1	0.514	
001_2NM	1	17	1	2	2	0.440	
001_2NM	1	18	1	1	1	0.358	
001_2NM	1	19	2	2	2	0.421	
001_2NM	1	20	2	2	2	0.639	
001_2NM	1	21	2	2	2	0.593	
001_2NM	1	22	2	2	2	0.437	
001_2NM	1	23	1	2	2	0.000	
001_2NM	1	24	2	1	1	0.530	
001_2NM	1	25	1	1	1	0.357	
001_2NM	1	26	1	1	1	0.364	
001_2NM	1	27	1	1	1	0.328	
001_2NM	1	28	1	1	1	0.337	
001_2NM	1	29	1	1	1	0.390	
001_2NM	1	30	1	1	1	0.324	
001_2NM	1	31	1	2	2	0.396	
001_2NM	1	32	1	2	2	0.423	
001_2NM	1	33	1	1	1	0.412	
001_2NM	1	34	2	1	1	0.594	
001_2NM	1	35	1	2	2	0.505	
001_2NM	1	36	1	2	2	0.415	
001_2NM	1	37	2	2	2	0.483	
001_2NM	1	38	1	1	1	0.451	
001_2NM	1	39	2	1	1	0.426	
001_2NM	1	40	1	2	2	0.375	
001_2NM	1	41	2	1	1	0.500	
001_2NM	1	42	2	2	2	0.473	
001_2NM	1	43	2	1	1	0.491	
001_2NM	1	44	2	1	1	0.414	
001_2NM	1	45	2	1	1	0.430	
001_2NM	1	46	2	1	1	0.346	
001_2NM	1	47	2	2	2	0.494	
001_2NM	1	48	2	2	2	0.461	
001_2NM	1	49	1	2	2	0.439	
001_2NM	1	50	1	2	2	0.375	
001_2NM	1	51	1	1	1	0.379	
001_2NM	1	52	2	2	2	0.455	
001_2NM	1	53	1	2	2	0.405	
001_2NM	1	54	2	1	2	0.042	
001_2NM	1	55	2	1	1	0.445	
001_2NM	2	0	2	1	1	0.677	
001_2NM	2	1	1	2	2	0.430	
001_2NM	2	2	2	1	1	0.494	
001_2NM	2	3	1	2	1	0.522	
001_2NM	2	4	2	1	1	0.510	
001_2NM	2	5	1	2	2	0.473	
001_2NM	2	6	2	2	2	0.517	
001_2NM	2	7	1	2	2	0.479	
001_2NM	2	8	2	1	1	0.401	
001_2NM	2	9	1	1	1	0.395	
001_2NM	2	10	2	1	1	0.425	
001_2NM	2	11	2	2	2	0.507	
001_2NM	2	12	1	1	1	0.427	
001_2NM	2	13	2	2	2	0.518	
001_2NM	2	14	2	1	1	0.462	
001_2NM	2	15	2	2	2	0.548	
001_2NM	2	16	1	2	2	0.603	
001_2NM	2	17	1	1	1	0.439	
001_2NM	2	18	1	2	2	0.419	
001_2NM	2	19	2	1	1	0.464	
001_2NM	2	20	2	2	2	0.485	
001_2NM	2	21	2	2	2	0.497	
001_2NM	2	22	1	2	2	0.478	
001_2NM	2	23	1	1	1	0.409	
001_2NM	2	24	2	2	2	0.475	
001_2NM	2	25	2	2	2	0.437	
001_2NM	2	26	2	2	2	0.660	
001_2NM	2	27	1	2	2	0.418	
001_2NM	2	28	1	1	1	0.385	
001_2NM	2	29	1	1	1	0.378	
001_2NM	2	30	2	1	1	0.522	
001_2NM	2	31	2	1	1	0.415	
001_2NM	2	32	2	2	2	0.459	
001_2NM	2	33	1	1	1	0.474	
001_2NM	2	34	2	2	2	0.517	
001_2NM	2	35	2	1	1	0.619	
001_2NM	2	36	2	1	1	0.539	
001_2NM	2	37	1	1	1	0.434	
001_2NM	2	38	2	1	1	0.505	
001_2NM	2	39	1	2	2	0.659	
001_2NM	2	40	1	2	2	0.463	
001_2NM	2	41	1	2	2	0.465	
001_2NM	2	42	1	1	1	0.580	
001_2NM	2	43	1	2	2	0.497	
001_2NM	2	44	1	1	1	0.473	
001_2NM	2	45	2	1	1	0.600	
001_2NM	2	46	2	2	2	0.562	
001_2NM	2	47	1	1	1	0.553	
001_2NM	2	48	2	2	2	0.503	
001_2NM	2	49	1	1	1	0.407	
001_2NM	2	50	2	2	2	0.505	
001_2NM	2	51	1	1	1	0.536	
001_2NM	2	52	1	2	2	0.418	
001_2NM	2	53	2	1	1	0.468	
001_2NM	2	54	1	1	1	0.430	
001_2NM	2	55	1	2	2	0.460	
001_2NM	3	0	2	1	1	0.578	
001_2NM	3	1	1	2	2	0.465	
001_2NM	3	2	2	2	2	0.567	
001_2NM	3	3	2	2	2	0.574	
001_2NM	3	4	1	1	1	0.379	
001_2NM	3	5	1	1	1	0.396	
001_2NM	3	6	1	2	2	0.452	
001_2NM	3	7	1	1	1	0.464	
001_2NM	3	8	2	1	1	0.489	
001_2NM	3	9	2	2	2	0.434	
001_2NM	3	10	2	2	2	0.516	
001_2NM	3	11	2	1	1	0.412	
001_2NM	3	12	1	2	2	0.402	
001_2NM	3	13	1	2	2	0.415	
001_2NM	3	14	2	1	1	0.437	
001_2NM	3	15	1	1	1	0.380	
001_2NM	3	16	2	2	2	0.511	
001_2NM	3	17	1	1	1	0.413	
001_2NM	3	18	2	2	2	0.522	
001_2NM	3	19	2	1	1	0.424	
001_2NM	3	20	1	2	2	0.721	
001_2NM	3	21	1	1	1	0.535	
001_2NM	3	22	2	2	2	0.546	
001_2NM	3	23	1	2	2	0.417	
001_2NM	3	24	1	2	2	0.419	
001_2NM	3	25	1	2	2	0.422	
001_2NM	3	26	2	1	1	0.465	
001_2NM	3	27	2	2	2	0.506	
001_2NM	3	28	2	2	2	0.499	
001_2NM	3	29	1	1	1	0.523	
001_2NM	3	30	1	1	1	0.433	
001_2NM	3	31	1	2	2	0.455	
001_2NM	3	32	2	2	2	0.549	
001_2NM	3	33	2	1	1	0.494	
001_2NM	3	34	1	2	2	0.452	
001_2NM	3	35	2	1	1	0.470	
001_2NM	3	36	1	1	1	0.442	
001_2NM	3	37	2	1	1	0.516	
001_2NM	3	38	2	1	1	0.469	
001_2NM	3	39	1	1	1	0.377	
001_2NM	3	40	1	2	2	0.414	
001_2NM	3	41	1	1	1	0.411	
001_2NM	3	42	1	2	2	0.441	
001_2NM	3	43	1	1	1	0.400	
001_2NM	3	44	1	1	1	0.385	
001_2NM	3	45	1	2	2	0.449	
001_2NM	3	46	2	2	2	0.490	
001_2NM	3	47	1	1	1	0.420	
001_2NM	3	48	2	1	1	0.435	
001_2NM	3	49	2	1	1	0.397	
001_2NM	3	50	2	2	2	0.506	
001_2NM	3	51	2	2	2	0.555	
001_2NM	3	52	2	2	2	0.681	
001_2NM	3	53	2	1	1	0.451	
001_2NM	3	54	1	2	2	0.417	
001_2NM	3	55	2	1	1	0.481	
