sub	block	trial	congr	stim	resp	RT	
005_3DB	0	0	2	2	2	0.514	
005_3DB	0	1	1	1	1	0.418	
005_3DB	0	2	2	1	1	0.486	
005_3DB	0	3	1	1	1	0.464	
005_3DB	0	4	2	1	1	0.566	
005_3DB	0	5	2	1	1	0.535	
005_3DB	0	6	1	1	1	0.519	
005_3DB	0	7	1	1	1	0.456	
005_3DB	0	8	1	2	2	0.496	
005_3DB	0	9	2	1	1	0.519	
005_3DB	0	10	1	2	2	0.426	
005_3DB	0	11	2	1	1	0.535	
005_3DB	0	12	2	1	1	0.498	
005_3DB	0	13	1	1	1	0.479	
005_3DB	0	14	1	2	2	0.552	
005_3DB	0	15	2	2	2	0.490	
005_3DB	0	16	1	2	2	0.483	
005_3DB	0	17	1	2	2	0.388	
005_3DB	0	18	1	1	1	0.453	
005_3DB	0	19	1	2	2	0.454	
005_3DB	0	20	1	2	2	0.463	
005_3DB	0	21	2	1	1	0.469	
005_3DB	0	22	2	2	2	0.473	
005_3DB	0	23	2	2	2	0.483	
005_3DB	0	24	1	2	2	0.570	
005_3DB	0	25	1	2	2	0.453	
005_3DB	0	26	2	2	2	0.381	
005_3DB	0	27	1	1	1	0.366	
005_3DB	0	28	2	1	1	0.469	
005_3DB	0	29	2	2	2	0.518	
005_3DB	0	30	1	2	2	0.435	
005_3DB	0	31	1	2	2	0.438	
005_3DB	0	32	1	1	1	0.438	
005_3DB	0	33	2	1	1	0.536	
005_3DB	0	34	2	2	2	0.457	
005_3DB	0	35	2	2	2	0.455	
005_3DB	0	36	2	1	1	0.475	
005_3DB	0	37	1	1	1	0.502	
005_3DB	0	38	1	1	1	0.452	
005_3DB	0	39	1	1	1	0.397	
005_3DB	0	40	2	2	2	0.480	
005_3DB	0	41	2	2	2	0.432	
005_3DB	0	42	2	1	1	0.458	
005_3DB	0	43	1	2	2	0.553	
005_3DB	0	44	1	2	2	0.611	
005_3DB	0	45	1	1	1	0.763	
005_3DB	0	46	2	1	1	0.491	
005_3DB	0	47	1	1	1	0.442	
005_3DB	0	48	2	2	2	0.458	
005_3DB	0	49	2	1	1	0.509	
005_3DB	0	50	2	2	2	0.479	
005_3DB	0	51	2	1	1	0.460	
005_3DB	0	52	2	2	2	0.525	
005_3DB	0	53	1	2	2	0.471	
005_3DB	0	54	1	1	1	0.464	
005_3DB	0	55	2	2	2	0.461	
005_3DB	1	0	1	2	2	0.430	
005_3DB	1	1	2	1	1	0.430	
005_3DB	1	2	2	2	2	0.599	
005_3DB	1	3	1	1	1	0.558	
005_3DB	1	4	1	1	1	0.500	
005_3DB	1	5	1	1	1	0.395	
005_3DB	1	6	2	1	1	0.500	
005_3DB	1	7	2	1	1	0.418	
005_3DB	1	8	1	1	1	0.447	
005_3DB	1	9	1	1	1	0.425	
005_3DB	1	10	2	1	1	0.501	
005_3DB	1	11	2	1	1	0.699	
005_3DB	1	12	1	2	2	0.675	
005_3DB	1	13	2	2	2	0.481	
005_3DB	1	14	1	2	2	0.418	
005_3DB	1	15	2	1	1	0.430	
005_3DB	1	16	2	2	2	0.457	
005_3DB	1	17	2	2	2	0.440	
005_3DB	1	18	1	2	2	0.387	
005_3DB	1	19	2	1	1	0.713	
005_3DB	1	20	2	2	2	0.582	
005_3DB	1	21	1	1	1	0.559	
005_3DB	1	22	1	2	2	0.440	
005_3DB	1	23	1	1	1	0.461	
005_3DB	1	24	1	2	2	0.475	
005_3DB	1	25	1	1	1	0.476	
005_3DB	1	26	1	1	1	0.419	
005_3DB	1	27	1	1	1	0.664	
005_3DB	1	28	2	2	2	0.495	
005_3DB	1	29	2	1	1	0.515	
005_3DB	1	30	1	1	1	0.429	
005_3DB	1	31	1	1	1	0.419	
005_3DB	1	32	2	2	2	0.457	
005_3DB	1	33	1	2	2	0.412	
005_3DB	1	34	1	2	2	0.417	
005_3DB	1	35	2	2	2	0.513	
005_3DB	1	36	1	2	2	0.399	
005_3DB	1	37	1	2	2	0.425	
005_3DB	1	38	2	1	1	0.478	
005_3DB	1	39	1	2	2	0.387	
005_3DB	1	40	2	2	2	0.621	
005_3DB	1	41	2	1	1	0.513	
005_3DB	1	42	1	1	1	0.577	
005_3DB	1	43	2	2	2	0.668	
005_3DB	1	44	2	2	2	0.495	
005_3DB	1	45	2	2	2	0.470	
005_3DB	1	46	1	2	2	0.361	
005_3DB	1	47	2	1	1	0.510	
005_3DB	1	48	2	1	1	0.494	
005_3DB	1	49	2	2	2	0.417	
005_3DB	1	50	2	1	1	0.471	
005_3DB	1	51	1	2	2	0.673	
005_3DB	1	52	1	2	2	0.415	
005_3DB	1	53	2	1	1	0.496	
005_3DB	1	54	2	2	2	0.420	
005_3DB	1	55	1	1	1	0.476	
005_3DB	2	0	2	1	1	0.651	
005_3DB	2	1	2	2	2	0.419	
005_3DB	2	2	1	2	2	0.484	
005_3DB	2	3	2	2	2	0.493	
005_3DB	2	4	1	1	1	0.423	
005_3DB	2	5	1	1	1	0.427	
005_3DB	2	6	1	1	1	0.389	
005_3DB	2	7	2	1	1	0.442	
005_3DB	2	8	2	2	2	0.488	
005_3DB	2	9	2	1	1	0.454	
005_3DB	2	10	1	2	2	0.716	
005_3DB	2	11	1	2	2	0.728	
005_3DB	2	12	1	2	2	0.617	
005_3DB	2	13	2	2	2	0.456	
005_3DB	2	14	1	2	2	0.472	
005_3DB	2	15	2	1	1	0.499	
005_3DB	2	16	2	2	2	0.501	
005_3DB	2	17	2	1	1	0.438	
005_3DB	2	18	1	1	1	0.418	
005_3DB	2	19	1	1	1	0.393	
005_3DB	2	20	2	2	2	0.458	
005_3DB	2	21	2	1	1	0.572	
005_3DB	2	22	2	2	2	0.563	
005_3DB	2	23	2	2	2	0.459	
005_3DB	2	24	2	2	2	0.507	
005_3DB	2	25	2	2	2	0.739	
005_3DB	2	26	1	2	2	0.490	
005_3DB	2	27	2	1	1	0.540	
005_3DB	2	28	1	1	1	0.709	
005_3DB	2	29	1	2	2	0.478	
005_3DB	2	30	2	1	1	0.474	
005_3DB	2	31	1	2	2	0.449	
005_3DB	2	32	1	1	1	0.417	
005_3DB	2	33	1	2	2	0.517	
005_3DB	2	34	1	1	1	0.412	
005_3DB	2	35	2	1	1	0.502	
005_3DB	2	36	2	1	1	0.609	
005_3DB	2	37	1	1	1	0.387	
005_3DB	2	38	1	1	1	0.436	
005_3DB	2	39	1	2	2	0.648	
005_3DB	2	40	2	2	2	0.476	
005_3DB	2	41	1	1	1	0.478	
005_3DB	2	42	1	2	2	0.521	
005_3DB	2	43	2	1	1	0.543	
005_3DB	2	44	1	2	2	0.470	
005_3DB	2	45	1	1	1	0.487	
005_3DB	2	46	2	1	1	0.501	
005_3DB	2	47	1	1	2	0.453	
005_3DB	2	48	2	1	1	0.494	
005_3DB	2	49	2	2	2	0.448	
005_3DB	2	50	2	2	2	0.642	
005_3DB	2	51	1	2	2	0.421	
005_3DB	2	52	2	1	1	0.464	
005_3DB	2	53	2	2	2	0.435	
005_3DB	2	54	1	2	2	0.465	
005_3DB	2	55	1	1	1	0.435	
005_3DB	3	0	2	2	2	0.671	
005_3DB	3	1	2	2	2	0.391	
005_3DB	3	2	2	2	2	0.399	
005_3DB	3	3	2	1	1	0.595	
005_3DB	3	4	1	1	1	0.503	
005_3DB	3	5	1	1	1	0.548	
005_3DB	3	6	1	2	2	0.437	
005_3DB	3	7	2	1	1	0.476	
005_3DB	3	8	1	2	2	0.402	
005_3DB	3	9	2	1	1	0.460	
005_3DB	3	10	1	2	2	0.425	
005_3DB	3	11	1	1	1	0.403	
005_3DB	3	12	2	2	2	0.408	
005_3DB	3	13	1	1	1	0.391	
005_3DB	3	14	2	1	1	0.449	
005_3DB	3	15	1	2	2	0.382	
005_3DB	3	16	2	1	1	0.460	
005_3DB	3	17	1	1	1	0.444	
005_3DB	3	18	2	1	1	0.442	
005_3DB	3	19	2	2	2	0.488	
005_3DB	3	20	1	2	2	0.585	
005_3DB	3	21	2	2	2	0.592	
005_3DB	3	22	2	1	1	0.644	
005_3DB	3	23	2	1	1	0.499	
005_3DB	3	24	2	1	1	0.474	
005_3DB	3	25	1	1	1	0.422	
005_3DB	3	26	1	1	1	0.470	
005_3DB	3	27	1	1	1	0.415	
005_3DB	3	28	2	2	2	0.427	
005_3DB	3	29	1	2	2	0.420	
005_3DB	3	30	1	2	2	0.573	
005_3DB	3	31	2	2	2	0.477	
005_3DB	3	32	2	1	1	0.439	
005_3DB	3	33	2	1	1	0.542	
005_3DB	3	34	1	2	2	0.419	
005_3DB	3	35	1	1	1	0.477	
005_3DB	3	36	2	2	2	0.413	
005_3DB	3	37	2	2	2	0.401	
005_3DB	3	38	1	2	2	0.680	
005_3DB	3	39	1	2	2	0.411	
005_3DB	3	40	1	2	2	0.416	
005_3DB	3	41	1	2	2	0.350	
005_3DB	3	42	1	1	1	0.520	
005_3DB	3	43	1	2	2	0.774	
005_3DB	3	44	2	1	1	0.504	
005_3DB	3	45	2	2	2	0.583	
005_3DB	3	46	2	1	1	0.474	
005_3DB	3	47	2	2	2	0.448	
005_3DB	3	48	2	1	1	0.426	
005_3DB	3	49	1	1	1	0.526	
005_3DB	3	50	2	2	2	0.502	
005_3DB	3	51	1	1	1	0.459	
005_3DB	3	52	1	1	1	0.536	
005_3DB	3	53	1	1	1	0.476	
005_3DB	3	54	1	2	2	0.606	
005_3DB	3	55	2	2	2	0.529	
