sub	block	trial	congr	stim	resp	RT	
014	0	0	2	2	2	0.518	
014	0	1	2	1	1	0.465	
014	0	2	2	2	2	0.445	
014	0	3	1	2	2	0.328	
014	0	4	2	1	2	0.308	
014	0	5	1	2	2	0.369	
014	0	6	2	2	2	0.474	
014	0	7	2	1	2	0.352	
014	0	8	2	1	1	0.495	
014	0	9	2	1	1	0.353	
014	0	10	2	2	2	0.400	
014	0	11	2	2	2	0.328	
014	0	12	1	1	1	0.349	
014	0	13	2	1	1	0.475	
014	0	14	2	2	2	0.363	
014	0	15	2	1	1	0.394	
014	0	16	2	1	1	0.360	
014	0	17	1	1	1	0.379	
014	0	18	2	1	1	0.438	
014	0	19	1	1	1	0.352	
014	0	20	1	1	1	0.297	
014	0	21	1	2	2	0.360	
014	0	22	1	1	1	0.408	
014	0	23	1	2	2	0.374	
014	0	24	2	2	2	0.478	
014	0	25	2	2	2	0.335	
014	0	26	1	1	1	0.398	
014	0	27	1	1	1	0.349	
014	0	28	1	2	2	0.369	
014	0	29	2	2	2	0.461	
014	0	30	2	1	2	0.332	
014	0	31	1	2	2	0.405	
014	0	32	2	2	2	0.385	
014	0	33	1	2	2	0.336	
014	0	34	1	1	1	0.381	
014	0	35	1	2	2	0.298	
014	0	36	2	1	1	0.427	
014	0	37	2	2	2	0.409	
014	0	38	2	1	1	0.416	
014	0	39	1	2	2	0.372	
014	0	40	1	1	1	0.350	
014	0	41	1	2	2	0.340	
014	0	42	2	2	1	0.320	
014	0	43	1	2	2	0.341	
014	0	44	1	1	1	0.417	
014	0	45	2	1	1	0.368	
014	0	46	2	1	2	0.362	
014	0	47	1	1	1	0.320	
014	0	48	1	2	2	0.431	
014	0	49	2	2	2	0.390	
014	0	50	2	2	2	0.454	
014	0	51	1	2	2	0.327	
014	0	52	1	1	1	0.576	
014	0	53	1	2	2	0.384	
014	0	54	1	1	1	0.392	
014	0	55	1	1	1	0.303	
014	1	0	1	2	2	0.401	
014	1	1	1	2	2	0.316	
014	1	2	1	1	1	0.538	
014	1	3	2	2	2	0.471	
014	1	4	1	2	2	0.377	
014	1	5	2	1	1	0.383	
014	1	6	2	2	2	0.403	
014	1	7	2	1	1	0.411	
014	1	8	1	2	2	0.388	
014	1	9	1	1	1	0.314	
014	1	10	2	1	1	0.406	
014	1	11	1	2	2	0.382	
014	1	12	2	1	1	0.387	
014	1	13	2	1	1	0.431	
014	1	14	2	2	2	0.463	
014	1	15	1	1	1	0.375	
014	1	16	1	2	2	0.350	
014	1	17	1	1	1	0.357	
014	1	18	2	2	1	0.377	
014	1	19	1	2	2	0.385	
014	1	20	2	1	1	0.433	
014	1	21	1	1	1	0.349	
014	1	22	2	1	1	0.439	
014	1	23	1	2	2	0.351	
014	1	24	1	2	2	0.326	
014	1	25	2	2	2	0.343	
014	1	26	2	1	1	0.472	
014	1	27	1	1	1	0.317	
014	1	28	1	1	1	0.319	
014	1	29	1	2	2	0.360	
014	1	30	1	2	2	0.300	
014	1	31	2	1	1	0.394	
014	1	32	2	1	1	0.351	
014	1	33	1	1	1	0.327	
014	1	34	2	2	2	0.434	
014	1	35	1	1	1	0.366	
014	1	36	2	1	1	0.302	
014	1	37	1	1	1	0.369	
014	1	38	2	2	2	0.565	
014	1	39	1	2	2	0.300	
014	1	40	2	2	1	0.412	
014	1	41	2	2	2	0.333	
014	1	42	2	2	2	0.326	
014	1	43	1	2	2	0.268	
014	1	44	1	1	1	0.459	
014	1	45	1	2	2	0.380	
014	1	46	2	2	2	0.302	
014	1	47	1	1	1	0.398	
014	1	48	2	2	1	0.474	
014	1	49	2	1	2	0.366	
014	1	50	1	1	1	0.380	
014	1	51	2	1	1	0.460	
014	1	52	2	2	2	0.526	
014	1	53	2	1	1	0.492	
014	1	54	2	2	2	0.419	
014	1	55	1	1	1	0.358	
014	2	0	1	2	2	0.397	
014	2	1	2	1	1	0.550	
014	2	2	2	1	1	0.476	
014	2	3	1	2	2	0.432	
014	2	4	1	2	2	0.354	
014	2	5	2	2	2	0.470	
014	2	6	2	1	1	0.478	
014	2	7	1	1	1	0.301	
014	2	8	1	2	2	0.372	
014	2	9	1	2	2	0.335	
014	2	10	2	1	1	0.478	
014	2	11	1	2	2	0.373	
014	2	12	1	1	1	0.297	
014	2	13	2	2	2	0.392	
014	2	14	1	1	1	0.416	
014	2	15	1	2	2	0.366	
014	2	16	2	2	2	0.412	
014	2	17	1	1	1	0.422	
014	2	18	1	1	1	0.356	
014	2	19	1	1	1	0.311	
014	2	20	2	1	1	0.416	
014	2	21	1	1	1	0.309	
014	2	22	1	1	1	0.343	
014	2	23	2	2	1	0.275	
014	2	24	1	2	2	0.331	
014	2	25	2	1	1	0.400	
014	2	26	1	1	1	0.343	
014	2	27	2	1	1	0.462	
014	2	28	2	2	2	0.527	
014	2	29	2	2	2	0.397	
014	2	30	1	2	2	0.321	
014	2	31	1	2	2	0.330	
014	2	32	2	1	1	0.552	
014	2	33	1	1	1	0.326	
014	2	34	2	1	1	0.452	
014	2	35	1	2	2	0.371	
014	2	36	1	2	2	0.353	
014	2	37	2	1	1	0.427	
014	2	38	2	1	1	0.446	
014	2	39	2	2	2	0.406	
014	2	40	2	1	1	0.400	
014	2	41	2	2	2	0.483	
014	2	42	2	2	2	0.449	
014	2	43	1	1	1	0.372	
014	2	44	1	1	1	0.335	
014	2	45	2	1	1	0.362	
014	2	46	2	2	2	0.452	
014	2	47	2	2	2	0.419	
014	2	48	2	2	2	0.471	
014	2	49	1	1	1	0.422	
014	2	50	1	1	1	0.391	
014	2	51	1	2	2	0.386	
014	2	52	2	1	1	0.401	
014	2	53	1	2	2	0.329	
014	2	54	2	2	2	0.410	
014	2	55	2	2	2	0.328	
014	3	0	1	1	1	0.354	
014	3	1	2	1	2	0.408	
014	3	2	2	2	2	0.430	
014	3	3	1	2	2	0.372	
014	3	4	1	2	2	0.385	
014	3	5	1	2	2	0.333	
014	3	6	2	1	2	0.434	
014	3	7	1	2	2	0.394	
014	3	8	2	2	2	0.443	
014	3	9	2	1	1	0.519	
014	3	10	1	1	1	0.342	
014	3	11	2	1	1	0.348	
014	3	12	1	2	2	0.435	
014	3	13	1	1	1	0.324	
014	3	14	1	1	1	0.459	
014	3	15	1	2	2	0.369	
014	3	16	1	1	1	0.338	
014	3	17	1	2	2	0.354	
014	3	18	2	1	2	0.349	
014	3	19	2	2	2	0.444	
014	3	20	1	2	2	0.351	
014	3	21	1	2	2	0.351	
014	3	22	2	1	1	0.556	
014	3	23	2	1	1	0.390	
014	3	24	2	2	2	0.449	
014	3	25	2	2	2	0.406	
014	3	26	2	2	2	0.442	
014	3	27	2	2	2	0.538	
014	3	28	2	1	1	0.376	
014	3	29	2	1	1	0.448	
014	3	30	2	1	1	0.354	
014	3	31	2	2	2	0.388	
014	3	32	2	1	1	0.342	
014	3	33	1	1	1	0.367	
014	3	34	1	1	1	0.346	
014	3	35	2	1	1	0.373	
014	3	36	2	2	2	0.414	
014	3	37	1	1	1	0.405	
014	3	38	2	1	2	0.391	
014	3	39	1	2	2	0.399	
014	3	40	2	2	2	0.425	
014	3	41	2	1	1	0.424	
014	3	42	2	2	2	0.415	
014	3	43	2	2	2	0.332	
014	3	44	1	1	1	0.389	
014	3	45	2	2	2	0.530	
014	3	46	1	2	2	0.326	
014	3	47	1	1	1	0.343	
014	3	48	1	1	1	0.363	
014	3	49	1	1	1	0.364	
014	3	50	1	2	2	0.452	
014	3	51	1	2	2	0.338	
014	3	52	1	1	1	0.374	
014	3	53	2	2	1	0.356	
014	3	54	1	2	2	0.302	
014	3	55	1	1	1	0.394	
