sub	block	trial	congr	stim	resp	RT	
014	0	0	2	2	2	0.511	
014	0	1	1	2	2	0.367	
014	0	2	1	1	1	0.389	
014	0	3	1	2	2	0.373	
014	0	4	2	1	1	0.474	
014	0	5	1	1	1	0.355	
014	0	6	1	2	2	0.354	
014	0	7	2	2	1	0.326	
014	0	8	1	1	1	0.403	
014	0	9	1	2	2	0.385	
014	0	10	2	1	1	0.436	
014	0	11	1	2	2	0.381	
014	0	12	2	1	1	0.408	
014	0	13	2	1	1	0.374	
014	0	14	2	2	2	0.475	
014	0	15	1	2	2	0.370	
014	0	16	1	1	1	0.390	
014	0	17	2	2	2	0.482	
014	0	18	1	2	2	0.389	
014	0	19	1	1	1	0.324	
014	0	20	1	1	1	0.371	
014	0	21	1	2	2	0.395	
014	0	22	2	2	2	0.461	
014	0	23	2	1	1	0.402	
014	0	24	2	1	1	0.500	
014	0	25	1	2	2	0.352	
014	0	26	2	2	2	0.530	
014	0	27	2	1	1	0.409	
014	0	28	1	1	1	0.331	
014	0	29	1	1	1	0.402	
014	0	30	1	1	1	0.426	
014	0	31	2	2	2	0.512	
014	0	32	1	1	1	0.420	
014	0	33	1	1	1	0.343	
014	0	34	2	1	1	0.356	
014	0	35	2	2	2	0.391	
014	0	36	2	2	2	0.469	
014	0	37	2	1	1	0.361	
014	0	38	1	2	2	0.364	
014	0	39	2	2	2	0.534	
014	0	40	1	2	2	0.407	
014	0	41	1	2	2	0.323	
014	0	42	2	1	1	0.417	
014	0	43	2	1	1	0.502	
014	0	44	1	1	1	0.412	
014	0	45	2	2	2	0.417	
014	0	46	2	2	2	0.461	
014	0	47	1	2	2	0.333	
014	0	48	2	1	1	0.410	
014	0	49	2	2	2	0.414	
014	0	50	2	1	1	0.419	
014	0	51	1	1	1	0.368	
014	0	52	2	2	2	0.436	
014	0	53	1	1	1	0.421	
014	0	54	1	2	2	0.367	
014	0	55	2	1	1	0.385	
014	1	0	1	1	1	0.348	
014	1	1	2	1	1	0.495	
014	1	2	2	1	1	0.359	
014	1	3	2	2	2	0.475	
014	1	4	2	2	2	0.414	
014	1	5	1	1	1	0.354	
014	1	6	1	1	1	0.337	
014	1	7	2	1	1	0.402	
014	1	8	2	2	2	0.451	
014	1	9	1	2	2	0.392	
014	1	10	1	1	1	0.363	
014	1	11	2	1	1	0.408	
014	1	12	2	2	1	0.324	
014	1	13	2	1	1	0.486	
014	1	14	2	2	2	0.459	
014	1	15	1	2	2	0.330	
014	1	16	1	1	1	0.429	
014	1	17	2	1	1	0.511	
014	1	18	1	1	1	0.357	
014	1	19	1	1	1	0.355	
014	1	20	1	2	2	0.411	
014	1	21	1	1	2	0.423	
014	1	22	2	1	1	0.506	
014	1	23	2	1	1	0.544	
014	1	24	2	2	2	0.512	
014	1	25	1	1	1	0.432	
014	1	26	1	2	2	0.405	
014	1	27	1	1	1	0.411	
014	1	28	2	1	1	0.521	
014	1	29	1	2	2	0.399	
014	1	30	2	2	2	0.611	
014	1	31	2	2	2	0.530	
014	1	32	1	2	2	0.380	
014	1	33	2	2	2	0.454	
014	1	34	2	1	1	0.478	
014	1	35	1	2	2	0.423	
014	1	36	1	1	1	0.407	
014	1	37	1	1	1	0.367	
014	1	38	2	2	2	0.437	
014	1	39	2	1	1	0.464	
014	1	40	2	2	2	0.396	
014	1	41	1	2	2	0.372	
014	1	42	2	2	2	0.442	
014	1	43	1	2	2	0.358	
014	1	44	2	2	2	0.521	
014	1	45	2	2	2	0.336	
014	1	46	2	1	1	0.473	
014	1	47	1	2	2	0.424	
014	1	48	1	1	1	0.389	
014	1	49	1	2	2	0.407	
014	1	50	2	1	1	0.372	
014	1	51	1	1	1	0.382	
014	1	52	1	2	2	0.380	
014	1	53	1	2	2	0.404	
014	1	54	2	1	1	0.419	
014	1	55	1	2	2	0.390	
014	2	0	1	2	2	0.429	
014	2	1	1	2	2	0.345	
014	2	2	1	1	1	0.394	
014	2	3	1	2	2	0.360	
014	2	4	2	1	1	0.515	
014	2	5	2	2	2	0.423	
014	2	6	1	1	1	0.391	
014	2	7	2	2	2	0.440	
014	2	8	2	1	1	0.561	
014	2	9	2	1	1	0.466	
014	2	10	1	2	2	0.425	
014	2	11	2	1	1	0.346	
014	2	12	1	1	1	0.331	
014	2	13	2	2	2	0.391	
014	2	14	2	1	1	0.467	
014	2	15	2	2	2	0.437	
014	2	16	1	1	1	0.378	
014	2	17	2	1	1	0.499	
014	2	18	2	1	1	0.432	
014	2	19	2	1	1	0.416	
014	2	20	2	1	1	0.356	
014	2	21	1	2	2	0.399	
014	2	22	1	2	2	0.389	
014	2	23	2	2	1	0.431	
014	2	24	2	1	1	0.421	
014	2	25	2	2	1	0.644	
014	2	26	1	2	2	0.416	
014	2	27	1	1	1	0.356	
014	2	28	2	2	2	0.480	
014	2	29	1	1	1	0.375	
014	2	30	1	2	2	0.390	
014	2	31	1	1	1	0.407	
014	2	32	1	2	2	0.414	
014	2	33	1	1	1	0.385	
014	2	34	2	2	2	0.474	
014	2	35	1	2	2	0.372	
014	2	36	1	2	2	0.379	
014	2	37	2	2	2	0.513	
014	2	38	1	1	1	0.382	
014	2	39	1	2	2	0.570	
014	2	40	2	2	2	0.429	
014	2	41	2	1	1	0.423	
014	2	42	1	1	1	0.386	
014	2	43	1	2	2	0.382	
014	2	44	2	1	1	0.499	
014	2	45	1	1	1	0.361	
014	2	46	2	1	1	0.460	
014	2	47	2	2	2	0.419	
014	2	48	1	1	1	0.399	
014	2	49	1	1	1	0.331	
014	2	50	1	2	2	0.398	
014	2	51	1	1	1	0.396	
014	2	52	2	2	2	0.394	
014	2	53	2	2	2	0.473	
014	2	54	2	1	1	0.404	
014	2	55	2	2	2	0.493	
014	3	0	1	1	999	999.000	
014	3	1	2	2	999	999.000	
014	3	2	1	2	999	999.000	
014	3	3	2	2	999	999.000	
014	3	4	1	2	2	1.093	
014	3	5	2	1	1	0.407	
014	3	6	2	1	1	0.411	
014	3	7	2	2	1	0.463	
014	3	8	2	2	2	0.574	
014	3	9	2	2	2	0.437	
014	3	10	1	1	1	0.375	
014	3	11	2	1	2	0.367	
014	3	12	2	1	1	0.405	
014	3	13	2	1	1	0.470	
014	3	14	2	2	2	0.436	
014	3	15	1	2	2	0.338	
014	3	16	1	2	2	0.371	
014	3	17	2	1	1	0.466	
014	3	18	2	2	2	0.409	
014	3	19	1	2	2	0.355	
014	3	20	1	2	2	0.357	
014	3	21	2	1	1	0.466	
014	3	22	2	1	1	0.488	
014	3	23	2	1	1	0.487	
014	3	24	1	1	1	0.360	
014	3	25	1	1	1	0.314	
014	3	26	2	2	2	0.531	
014	3	27	2	2	2	0.396	
014	3	28	2	2	2	0.483	
014	3	29	1	1	1	0.442	
014	3	30	1	1	1	0.350	
014	3	31	1	1	1	0.396	
014	3	32	1	2	2	0.405	
014	3	33	2	1	1	0.461	
014	3	34	2	2	2	0.418	
014	3	35	2	2	2	0.389	
014	3	36	1	2	2	0.360	
014	3	37	2	1	1	0.506	
014	3	38	1	2	2	0.380	
014	3	39	1	2	2	0.415	
014	3	40	1	1	1	0.401	
014	3	41	1	1	1	0.351	
014	3	42	1	2	2	0.360	
014	3	43	1	1	1	0.378	
014	3	44	2	1	1	0.516	
014	3	45	2	2	2	0.465	
014	3	46	1	2	2	0.357	
014	3	47	1	1	1	0.390	
014	3	48	1	1	1	0.385	
014	3	49	1	1	1	0.359	
014	3	50	1	1	1	0.322	
014	3	51	2	1	2	0.409	
014	3	52	2	1	1	0.365	
014	3	53	1	2	2	0.473	
014	3	54	1	2	2	0.378	
014	3	55	2	2	2	0.525	
