sub	block	trial	congr	stim	resp	RT	
012_2NM	0	0	1	1	1	0.389	
012_2NM	0	1	1	1	1	0.310	
012_2NM	0	2	2	1	2	0.424	
012_2NM	0	3	2	2	2	0.524	
012_2NM	0	4	1	2	2	0.436	
012_2NM	0	5	2	2	2	0.370	
012_2NM	0	6	2	1	1	0.474	
012_2NM	0	7	1	1	1	0.366	
012_2NM	0	8	2	2	2	0.457	
012_2NM	0	9	1	1	1	0.399	
012_2NM	0	10	1	1	1	0.355	
012_2NM	0	11	2	1	1	0.454	
012_2NM	0	12	2	1	1	0.464	
012_2NM	0	13	2	2	2	0.491	
012_2NM	0	14	2	1	1	0.396	
012_2NM	0	15	1	1	1	0.416	
012_2NM	0	16	1	1	1	0.317	
012_2NM	0	17	2	2	1	0.316	
012_2NM	0	18	2	1	1	0.533	
012_2NM	0	19	2	1	1	0.563	
012_2NM	0	20	2	2	2	0.610	
012_2NM	0	21	2	1	1	0.460	
012_2NM	0	22	1	1	1	0.401	
012_2NM	0	23	2	1	1	0.365	
012_2NM	0	24	2	2	2	0.461	
012_2NM	0	25	1	1	1	0.404	
012_2NM	0	26	1	2	2	0.355	
012_2NM	0	27	1	2	2	0.339	
012_2NM	0	28	1	2	2	0.315	
012_2NM	0	29	1	2	2	0.316	
012_2NM	0	30	2	2	2	0.313	
012_2NM	0	31	2	2	2	0.371	
012_2NM	0	32	1	2	2	0.334	
012_2NM	0	33	1	1	1	0.459	
012_2NM	0	34	2	1	1	0.427	
012_2NM	0	35	2	2	2	0.409	
012_2NM	0	36	1	2	2	0.425	
012_2NM	0	37	2	2	2	0.373	
012_2NM	0	38	1	2	2	0.406	
012_2NM	0	39	1	2	2	0.351	
012_2NM	0	40	1	2	2	0.324	
012_2NM	0	41	2	1	2	0.277	
012_2NM	0	42	2	1	1	0.498	
012_2NM	0	43	1	2	2	0.438	
012_2NM	0	44	1	2	2	0.360	
012_2NM	0	45	2	2	2	0.424	
012_2NM	0	46	2	1	1	0.400	
012_2NM	0	47	1	2	2	0.403	
012_2NM	0	48	2	1	1	0.435	
012_2NM	0	49	1	1	1	0.364	
012_2NM	0	50	1	2	2	0.356	
012_2NM	0	51	1	1	1	0.369	
012_2NM	0	52	2	2	2	0.424	
012_2NM	0	53	1	1	1	0.418	
012_2NM	0	54	2	2	2	0.515	
012_2NM	0	55	1	1	1	0.381	
012_2NM	1	0	2	2	1	0.600	
012_2NM	1	1	2	1	1	0.408	
012_2NM	1	2	1	1	1	0.383	
012_2NM	1	3	1	1	1	0.419	
012_2NM	1	4	2	1	1	0.614	
012_2NM	1	5	1	1	1	0.540	
012_2NM	1	6	2	2	2	0.478	
012_2NM	1	7	1	2	2	0.343	
012_2NM	1	8	1	2	2	0.497	
012_2NM	1	9	2	2	1	0.385	
012_2NM	1	10	1	1	1	0.419	
012_2NM	1	11	2	1	1	0.514	
012_2NM	1	12	1	2	2	0.486	
012_2NM	1	13	2	2	2	0.358	
012_2NM	1	14	2	1	1	0.496	
012_2NM	1	15	1	2	2	0.540	
012_2NM	1	16	2	1	1	0.469	
012_2NM	1	17	1	1	1	0.375	
012_2NM	1	18	2	1	1	0.442	
012_2NM	1	19	2	1	1	0.405	
012_2NM	1	20	1	1	1	0.369	
012_2NM	1	21	2	2	2	0.450	
012_2NM	1	22	1	2	2	0.347	
012_2NM	1	23	2	1	1	0.417	
012_2NM	1	24	2	2	2	0.541	
012_2NM	1	25	2	2	2	0.466	
012_2NM	1	26	2	1	1	0.419	
012_2NM	1	27	1	2	2	0.508	
012_2NM	1	28	1	1	1	0.523	
012_2NM	1	29	2	1	1	0.500	
012_2NM	1	30	1	2	2	0.396	
012_2NM	1	31	1	1	1	0.375	
012_2NM	1	32	2	1	1	0.447	
012_2NM	1	33	1	1	1	0.330	
012_2NM	1	34	1	1	1	0.339	
012_2NM	1	35	1	2	1	0.428	
012_2NM	1	36	2	2	2	0.480	
012_2NM	1	37	1	1	1	0.460	
012_2NM	1	38	1	1	1	0.395	
012_2NM	1	39	2	1	1	0.417	
012_2NM	1	40	2	1	1	0.433	
012_2NM	1	41	1	1	1	0.473	
012_2NM	1	42	2	2	2	0.691	
012_2NM	1	43	2	2	2	0.398	
012_2NM	1	44	1	2	2	0.342	
012_2NM	1	45	2	1	1	0.404	
012_2NM	1	46	2	2	2	0.520	
012_2NM	1	47	1	1	1	0.401	
012_2NM	1	48	2	2	2	0.408	
012_2NM	1	49	1	2	2	0.390	
012_2NM	1	50	2	2	2	0.469	
012_2NM	1	51	1	2	2	0.372	
012_2NM	1	52	1	2	2	0.341	
012_2NM	1	53	1	2	2	0.318	
012_2NM	1	54	1	2	2	0.311	
012_2NM	1	55	2	2	2	0.425	
012_2NM	2	0	1	1	1	0.404	
012_2NM	2	1	1	1	1	0.320	
012_2NM	2	2	2	1	1	0.366	
012_2NM	2	3	2	1	1	0.330	
012_2NM	2	4	2	1	1	0.327	
012_2NM	2	5	1	2	2	0.406	
012_2NM	2	6	1	2	2	0.394	
012_2NM	2	7	2	2	2	0.428	
012_2NM	2	8	1	2	2	0.372	
012_2NM	2	9	2	2	2	0.391	
012_2NM	2	10	1	2	2	0.331	
012_2NM	2	11	2	1	1	0.437	
012_2NM	2	12	2	1	1	0.427	
012_2NM	2	13	2	2	1	0.366	
012_2NM	2	14	2	1	1	0.561	
012_2NM	2	15	1	1	1	0.362	
012_2NM	2	16	2	1	1	0.348	
012_2NM	2	17	2	1	1	0.344	
012_2NM	2	18	1	2	2	0.404	
012_2NM	2	19	2	1	1	0.415	
012_2NM	2	20	1	2	2	0.418	
012_2NM	2	21	1	2	2	0.350	
012_2NM	2	22	2	2	2	0.427	
012_2NM	2	23	1	1	2	0.369	
012_2NM	2	24	2	2	2	0.466	
012_2NM	2	25	1	1	1	0.371	
012_2NM	2	26	2	2	2	0.460	
012_2NM	2	27	2	2	2	0.413	
012_2NM	2	28	1	1	1	0.491	
012_2NM	2	29	2	1	1	0.386	
012_2NM	2	30	2	1	1	0.417	
012_2NM	2	31	1	2	2	0.396	
012_2NM	2	32	1	1	1	0.436	
012_2NM	2	33	2	2	2	0.457	
012_2NM	2	34	1	2	2	0.369	
012_2NM	2	35	2	1	1	0.422	
012_2NM	2	36	1	2	2	0.412	
012_2NM	2	37	2	1	1	0.417	
012_2NM	2	38	2	2	2	0.428	
012_2NM	2	39	2	2	2	0.483	
012_2NM	2	40	2	2	2	0.458	
012_2NM	2	41	2	2	2	0.392	
012_2NM	2	42	1	1	1	0.397	
012_2NM	2	43	1	1	1	0.422	
012_2NM	2	44	1	1	1	0.433	
012_2NM	2	45	1	2	2	0.405	
012_2NM	2	46	2	2	1	0.385	
012_2NM	2	47	2	2	2	0.407	
012_2NM	2	48	1	1	1	0.436	
012_2NM	2	49	1	1	1	0.396	
012_2NM	2	50	1	2	2	0.384	
012_2NM	2	51	1	1	1	0.418	
012_2NM	2	52	1	2	2	0.407	
012_2NM	2	53	2	1	1	0.429	
012_2NM	2	54	1	1	1	0.421	
012_2NM	2	55	1	2	2	0.615	
012_2NM	3	0	2	2	2	0.540	
012_2NM	3	1	1	1	1	0.395	
012_2NM	3	2	2	2	2	0.390	
012_2NM	3	3	2	1	1	0.473	
012_2NM	3	4	2	2	2	0.541	
012_2NM	3	5	2	2	1	0.427	
012_2NM	3	6	1	2	2	0.439	
012_2NM	3	7	1	2	2	0.370	
012_2NM	3	8	2	1	1	0.459	
012_2NM	3	9	2	1	1	0.431	
012_2NM	3	10	1	2	2	0.399	
012_2NM	3	11	2	2	2	0.384	
012_2NM	3	12	1	2	2	0.346	
012_2NM	3	13	2	2	2	0.415	
012_2NM	3	14	2	1	1	0.452	
012_2NM	3	15	2	2	2	0.460	
012_2NM	3	16	1	2	2	0.424	
012_2NM	3	17	2	1	1	0.473	
012_2NM	3	18	2	2	2	0.447	
012_2NM	3	19	2	2	2	0.324	
012_2NM	3	20	1	1	1	0.388	
012_2NM	3	21	1	2	2	0.374	
012_2NM	3	22	2	1	1	0.416	
012_2NM	3	23	2	1	1	0.397	
012_2NM	3	24	2	2	2	0.427	
012_2NM	3	25	1	1	1	0.441	
012_2NM	3	26	1	1	1	0.409	
012_2NM	3	27	1	2	2	0.370	
012_2NM	3	28	1	2	2	0.355	
012_2NM	3	29	2	1	1	0.513	
012_2NM	3	30	1	2	2	0.398	
012_2NM	3	31	1	1	1	0.404	
012_2NM	3	32	1	2	2	0.549	
012_2NM	3	33	1	2	2	0.437	
012_2NM	3	34	1	1	1	0.386	
012_2NM	3	35	2	2	2	0.492	
012_2NM	3	36	2	1	1	0.477	
012_2NM	3	37	1	1	1	0.374	
012_2NM	3	38	1	1	1	0.366	
012_2NM	3	39	2	1	2	0.387	
012_2NM	3	40	1	2	2	0.374	
012_2NM	3	41	2	1	1	0.575	
012_2NM	3	42	1	1	1	0.405	
012_2NM	3	43	1	1	1	0.316	
012_2NM	3	44	1	2	2	0.427	
012_2NM	3	45	2	1	1	0.364	
012_2NM	3	46	2	1	1	0.403	
012_2NM	3	47	2	1	1	0.379	
012_2NM	3	48	1	2	2	0.379	
012_2NM	3	49	1	1	1	0.404	
012_2NM	3	50	2	2	2	0.439	
012_2NM	3	51	2	2	2	0.370	
012_2NM	3	52	2	2	2	0.352	
012_2NM	3	53	1	1	1	0.393	
012_2NM	3	54	1	1	1	0.369	
012_2NM	3	55	1	1	1	0.442	
