sub	block	trial	congr	stim	resp	RT	
015_5LB	0	0	1	2	2	0.484	
015_5LB	0	1	2	1	1	0.512	
015_5LB	0	2	1	2	2	0.447	
015_5LB	0	3	2	2	2	0.614	
015_5LB	0	4	1	1	1	0.455	
015_5LB	0	5	2	2	2	0.480	
015_5LB	0	6	2	1	1	0.464	
015_5LB	0	7	2	1	1	0.597	
015_5LB	0	8	1	1	1	0.471	
015_5LB	0	9	2	2	2	0.440	
015_5LB	0	10	1	2	2	0.463	
015_5LB	0	11	2	1	1	0.432	
015_5LB	0	12	2	2	2	0.489	
015_5LB	0	13	1	2	2	0.421	
015_5LB	0	14	2	2	2	0.537	
015_5LB	0	15	2	2	2	0.612	
015_5LB	0	16	1	1	1	0.522	
015_5LB	0	17	2	2	2	0.475	
015_5LB	0	18	1	2	2	0.457	
015_5LB	0	19	1	2	2	0.448	
015_5LB	0	20	2	2	2	0.586	
015_5LB	0	21	1	1	1	0.413	
015_5LB	0	22	1	2	2	0.631	
015_5LB	0	23	2	1	1	0.499	
015_5LB	0	24	2	2	2	0.552	
015_5LB	0	25	2	1	1	0.529	
015_5LB	0	26	2	2	2	0.440	
015_5LB	0	27	1	2	2	0.487	
015_5LB	0	28	1	1	1	0.430	
015_5LB	0	29	1	2	2	0.427	
015_5LB	0	30	2	1	1	0.479	
015_5LB	0	31	1	1	1	0.388	
015_5LB	0	32	1	2	2	0.432	
015_5LB	0	33	1	1	1	0.447	
015_5LB	0	34	1	1	1	0.432	
015_5LB	0	35	2	1	1	0.411	
015_5LB	0	36	2	2	2	0.482	
015_5LB	0	37	1	1	1	0.423	
015_5LB	0	38	2	1	1	0.490	
015_5LB	0	39	1	2	2	0.402	
015_5LB	0	40	1	2	2	0.392	
015_5LB	0	41	2	1	1	0.458	
015_5LB	0	42	2	2	2	0.482	
015_5LB	0	43	1	1	1	0.388	
015_5LB	0	44	1	1	1	0.443	
015_5LB	0	45	1	1	1	0.426	
015_5LB	0	46	2	1	1	0.594	
015_5LB	0	47	2	1	1	0.492	
015_5LB	0	48	1	1	1	0.398	
015_5LB	0	49	2	2	2	0.466	
015_5LB	0	50	2	1	1	0.482	
015_5LB	0	51	2	2	2	0.488	
015_5LB	0	52	1	2	2	0.462	
015_5LB	0	53	1	1	1	0.453	
015_5LB	0	54	2	1	1	0.434	
015_5LB	0	55	1	2	2	0.440	
015_5LB	1	0	2	2	2	0.528	
015_5LB	1	1	1	2	2	0.381	
015_5LB	1	2	2	2	2	0.563	
015_5LB	1	3	2	1	1	0.480	
015_5LB	1	4	2	1	1	0.398	
015_5LB	1	5	1	1	1	0.371	
015_5LB	1	6	1	1	1	0.367	
015_5LB	1	7	1	2	2	0.467	
015_5LB	1	8	1	2	2	0.447	
015_5LB	1	9	1	1	1	0.410	
015_5LB	1	10	1	2	2	0.540	
015_5LB	1	11	2	2	2	0.581	
015_5LB	1	12	1	2	2	0.425	
015_5LB	1	13	1	2	2	0.420	
015_5LB	1	14	2	2	2	0.366	
015_5LB	1	15	2	1	1	0.511	
015_5LB	1	16	2	2	2	0.468	
015_5LB	1	17	2	2	2	0.447	
015_5LB	1	18	1	1	1	0.445	
015_5LB	1	19	2	2	2	0.489	
015_5LB	1	20	1	2	2	0.423	
015_5LB	1	21	2	1	1	0.424	
015_5LB	1	22	1	1	1	0.365	
015_5LB	1	23	2	2	2	0.464	
015_5LB	1	24	1	2	2	0.439	
015_5LB	1	25	1	1	1	0.444	
015_5LB	1	26	1	1	1	0.413	
015_5LB	1	27	1	1	1	0.392	
015_5LB	1	28	2	1	1	0.547	
015_5LB	1	29	2	1	1	0.428	
015_5LB	1	30	1	2	2	0.495	
015_5LB	1	31	2	2	2	0.498	
015_5LB	1	32	2	2	2	0.459	
015_5LB	1	33	2	1	1	0.422	
015_5LB	1	34	2	2	2	0.514	
015_5LB	1	35	1	1	1	0.464	
015_5LB	1	36	1	2	2	0.421	
015_5LB	1	37	2	1	1	0.427	
015_5LB	1	38	1	1	1	0.443	
015_5LB	1	39	2	1	1	0.498	
015_5LB	1	40	1	1	1	0.457	
015_5LB	1	41	2	2	2	0.524	
015_5LB	1	42	1	2	2	0.421	
015_5LB	1	43	1	2	2	0.448	
015_5LB	1	44	1	1	1	0.491	
015_5LB	1	45	2	1	1	0.464	
015_5LB	1	46	2	1	1	0.528	
015_5LB	1	47	2	1	1	0.449	
015_5LB	1	48	2	1	1	0.634	
015_5LB	1	49	1	1	1	0.449	
015_5LB	1	50	2	1	1	0.342	
015_5LB	1	51	1	1	1	0.348	
015_5LB	1	52	2	2	2	0.511	
015_5LB	1	53	1	2	2	0.451	
015_5LB	1	54	2	2	2	0.635	
015_5LB	1	55	1	2	2	0.456	
015_5LB	2	0	2	1	1	0.538	
015_5LB	2	1	2	2	2	0.469	
015_5LB	2	2	2	1	1	0.488	
015_5LB	2	3	1	1	1	0.400	
015_5LB	2	4	1	2	2	0.455	
015_5LB	2	5	1	2	2	0.409	
015_5LB	2	6	1	1	1	0.422	
015_5LB	2	7	2	1	1	0.440	
015_5LB	2	8	2	1	1	0.610	
015_5LB	2	9	2	2	2	0.517	
015_5LB	2	10	1	2	2	0.407	
015_5LB	2	11	2	1	1	0.448	
015_5LB	2	12	1	2	2	0.413	
015_5LB	2	13	1	2	2	0.364	
015_5LB	2	14	1	1	1	0.445	
015_5LB	2	15	1	1	1	0.382	
015_5LB	2	16	2	2	2	0.521	
015_5LB	2	17	1	1	1	0.407	
015_5LB	2	18	2	2	2	0.446	
015_5LB	2	19	2	2	2	0.560	
015_5LB	2	20	1	1	1	0.467	
015_5LB	2	21	1	2	2	0.441	
015_5LB	2	22	2	1	1	0.564	
015_5LB	2	23	1	1	1	0.451	
015_5LB	2	24	1	1	1	0.412	
015_5LB	2	25	2	2	2	0.418	
015_5LB	2	26	2	2	2	0.443	
015_5LB	2	27	1	1	1	0.391	
015_5LB	2	28	2	2	2	0.460	
015_5LB	2	29	1	2	2	0.396	
015_5LB	2	30	2	1	1	0.446	
015_5LB	2	31	1	2	2	0.474	
015_5LB	2	32	2	2	2	0.402	
015_5LB	2	33	2	2	2	0.418	
015_5LB	2	34	2	1	1	0.390	
015_5LB	2	35	1	2	2	0.441	
015_5LB	2	36	2	1	1	0.499	
015_5LB	2	37	1	1	1	0.420	
015_5LB	2	38	1	2	2	0.446	
015_5LB	2	39	2	1	1	0.431	
015_5LB	2	40	2	2	2	0.463	
015_5LB	2	41	1	1	1	0.406	
015_5LB	2	42	2	2	2	0.410	
015_5LB	2	43	1	2	2	0.414	
015_5LB	2	44	2	1	1	0.443	
015_5LB	2	45	1	1	1	0.406	
015_5LB	2	46	1	2	2	0.464	
015_5LB	2	47	2	1	1	0.394	
015_5LB	2	48	2	2	2	0.409	
015_5LB	2	49	2	1	1	0.427	
015_5LB	2	50	1	2	2	0.463	
015_5LB	2	51	1	2	2	0.354	
015_5LB	2	52	2	1	1	0.465	
015_5LB	2	53	2	2	2	0.456	
015_5LB	2	54	1	1	1	0.414	
015_5LB	2	55	1	1	1	0.407	
015_5LB	3	0	2	2	2	0.631	
015_5LB	3	1	2	2	2	0.488	
015_5LB	3	2	1	2	2	0.422	
015_5LB	3	3	1	2	2	0.403	
015_5LB	3	4	1	1	1	0.457	
015_5LB	3	5	1	1	1	0.415	
015_5LB	3	6	1	2	2	0.467	
015_5LB	3	7	1	2	2	0.432	
015_5LB	3	8	2	2	2	0.588	
015_5LB	3	9	2	1	1	0.466	
015_5LB	3	10	2	1	1	0.557	
015_5LB	3	11	2	1	1	0.489	
015_5LB	3	12	2	2	2	0.463	
015_5LB	3	13	1	1	1	0.444	
015_5LB	3	14	2	1	1	0.492	
015_5LB	3	15	2	1	1	0.520	
015_5LB	3	16	2	2	2	0.589	
015_5LB	3	17	2	1	1	0.473	
015_5LB	3	18	1	2	2	0.418	
015_5LB	3	19	2	1	1	0.481	
015_5LB	3	20	1	1	1	0.424	
015_5LB	3	21	1	1	1	0.467	
015_5LB	3	22	1	2	2	0.503	
015_5LB	3	23	1	2	2	0.439	
015_5LB	3	24	1	1	1	0.440	
015_5LB	3	25	1	2	2	0.430	
015_5LB	3	26	1	2	2	0.389	
015_5LB	3	27	2	2	2	0.404	
015_5LB	3	28	2	2	2	0.381	
015_5LB	3	29	1	2	2	0.357	
015_5LB	3	30	1	1	1	0.457	
015_5LB	3	31	2	2	2	0.626	
015_5LB	3	32	2	1	1	0.504	
015_5LB	3	33	2	1	1	0.434	
015_5LB	3	34	1	1	1	0.512	
015_5LB	3	35	1	2	2	0.460	
015_5LB	3	36	2	2	2	0.538	
015_5LB	3	37	2	2	2	0.495	
015_5LB	3	38	2	2	2	0.497	
015_5LB	3	39	2	2	2	0.577	
015_5LB	3	40	1	1	1	0.453	
015_5LB	3	41	1	2	2	0.433	
015_5LB	3	42	2	2	2	0.401	
015_5LB	3	43	1	1	1	0.459	
015_5LB	3	44	2	1	1	0.601	
015_5LB	3	45	1	1	1	0.440	
015_5LB	3	46	2	1	1	0.562	
015_5LB	3	47	1	1	1	0.426	
015_5LB	3	48	1	1	1	0.415	
015_5LB	3	49	1	2	2	0.482	
015_5LB	3	50	2	1	1	0.526	
015_5LB	3	51	2	1	1	0.437	
015_5LB	3	52	2	1	1	0.462	
015_5LB	3	53	2	2	2	0.435	
015_5LB	3	54	1	1	1	0.465	
015_5LB	3	55	1	2	2	0.388	
