sub	block	trial	congr	stim	resp	RT	
009_NM	0	0	1	2	2	0.599	
009_NM	0	1	2	1	1	0.665	
009_NM	0	2	1	1	1	0.517	
009_NM	0	3	2	2	2	0.650	
009_NM	0	4	2	1	1	0.556	
009_NM	0	5	2	2	2	0.711	
009_NM	0	6	1	1	1	0.445	
009_NM	0	7	1	2	2	0.558	
009_NM	0	8	2	1	1	0.672	
009_NM	0	9	2	2	2	0.633	
009_NM	0	10	1	2	2	0.519	
009_NM	0	11	2	1	1	0.596	
009_NM	0	12	1	1	1	0.447	
009_NM	0	13	1	2	2	0.473	
009_NM	0	14	2	1	1	0.589	
009_NM	0	15	2	1	1	0.619	
009_NM	0	16	1	1	1	0.505	
009_NM	0	17	1	2	2	0.535	
009_NM	0	18	2	2	2	0.655	
009_NM	0	19	2	2	2	0.612	
009_NM	0	20	2	1	1	0.540	
009_NM	0	21	2	2	2	0.602	
009_NM	0	22	1	1	1	0.491	
009_NM	0	23	2	1	1	0.685	
009_NM	0	24	1	2	2	0.483	
009_NM	0	25	1	1	1	0.567	
009_NM	0	26	2	2	2	0.568	
009_NM	0	27	2	1	1	0.718	
009_NM	0	28	1	2	2	0.591	
009_NM	0	29	1	2	2	0.535	
009_NM	0	30	1	2	2	0.437	
009_NM	0	31	2	2	2	0.689	
009_NM	0	32	1	1	1	0.608	
009_NM	0	33	2	2	2	0.625	
009_NM	0	34	2	2	2	0.565	
009_NM	0	35	2	1	1	0.568	
009_NM	0	36	1	2	2	0.468	
009_NM	0	37	1	2	2	0.462	
009_NM	0	38	1	1	1	0.513	
009_NM	0	39	2	1	1	0.611	
009_NM	0	40	2	1	1	0.595	
009_NM	0	41	1	1	1	0.465	
009_NM	0	42	1	1	1	0.463	
009_NM	0	43	2	1	1	0.562	
009_NM	0	44	2	2	2	0.627	
009_NM	0	45	1	1	1	0.688	
009_NM	0	46	1	1	1	0.512	
009_NM	0	47	1	2	2	0.576	
009_NM	0	48	1	1	1	0.550	
009_NM	0	49	1	1	1	0.543	
009_NM	0	50	2	2	2	0.585	
009_NM	0	51	1	2	2	0.464	
009_NM	0	52	1	2	2	0.360	
009_NM	0	53	2	1	1	0.525	
009_NM	0	54	2	2	2	0.559	
009_NM	0	55	2	2	2	0.650	
009_NM	1	0	2	2	2	0.893	
009_NM	1	1	1	1	1	0.542	
009_NM	1	2	2	2	2	0.620	
009_NM	1	3	2	1	1	0.644	
009_NM	1	4	1	2	2	0.577	
009_NM	1	5	1	1	1	0.482	
009_NM	1	6	1	2	2	0.531	
009_NM	1	7	1	2	2	0.547	
009_NM	1	8	2	1	1	0.527	
009_NM	1	9	2	1	1	0.551	
009_NM	1	10	2	1	1	0.585	
009_NM	1	11	2	2	2	0.566	
009_NM	1	12	2	2	2	0.607	
009_NM	1	13	1	1	1	0.553	
009_NM	1	14	2	2	2	0.570	
009_NM	1	15	1	1	1	0.532	
009_NM	1	16	1	2	2	0.540	
009_NM	1	17	2	2	2	0.571	
009_NM	1	18	1	1	1	0.587	
009_NM	1	19	2	1	1	0.539	
009_NM	1	20	1	2	2	0.487	
009_NM	1	21	1	2	2	0.502	
009_NM	1	22	1	1	1	0.564	
009_NM	1	23	2	1	1	0.664	
009_NM	1	24	1	2	2	0.533	
009_NM	1	25	2	2	2	0.648	
009_NM	1	26	1	1	1	0.593	
009_NM	1	27	2	1	1	0.669	
009_NM	1	28	1	2	2	0.510	
009_NM	1	29	1	2	2	0.485	
009_NM	1	30	1	1	1	0.669	
009_NM	1	31	2	2	2	0.659	
009_NM	1	32	2	1	1	0.622	
009_NM	1	33	1	1	1	0.501	
009_NM	1	34	1	2	2	0.578	
009_NM	1	35	2	2	2	0.551	
009_NM	1	36	1	1	1	0.503	
009_NM	1	37	1	1	1	0.493	
009_NM	1	38	1	1	1	0.493	
009_NM	1	39	2	1	1	0.646	
009_NM	1	40	1	1	1	0.490	
009_NM	1	41	2	1	1	0.569	
009_NM	1	42	1	2	2	0.506	
009_NM	1	43	2	2	2	0.647	
009_NM	1	44	2	2	2	0.621	
009_NM	1	45	2	1	1	0.644	
009_NM	1	46	2	2	2	0.508	
009_NM	1	47	2	2	2	0.656	
009_NM	1	48	2	1	1	0.689	
009_NM	1	49	1	1	1	0.531	
009_NM	1	50	2	1	1	0.616	
009_NM	1	51	1	2	2	0.570	
009_NM	1	52	2	1	1	0.597	
009_NM	1	53	1	2	2	0.556	
009_NM	1	54	2	2	2	0.700	
009_NM	1	55	1	2	2	0.491	
009_NM	2	0	1	1	1	0.542	
009_NM	2	1	1	2	2	0.520	
009_NM	2	2	1	1	1	0.477	
009_NM	2	3	2	1	1	0.590	
009_NM	2	4	1	1	1	0.484	
009_NM	2	5	2	2	2	0.780	
009_NM	2	6	2	2	2	0.555	
009_NM	2	7	1	2	2	0.514	
009_NM	2	8	1	1	1	0.527	
009_NM	2	9	2	2	2	0.500	
009_NM	2	10	2	1	1	0.607	
009_NM	2	11	1	2	2	0.484	
009_NM	2	12	1	2	2	0.520	
009_NM	2	13	2	2	2	0.603	
009_NM	2	14	1	1	1	0.580	
009_NM	2	15	1	1	1	0.530	
009_NM	2	16	1	1	1	0.470	
009_NM	2	17	1	2	2	0.532	
009_NM	2	18	2	1	1	0.556	
009_NM	2	19	2	1	1	0.603	
009_NM	2	20	1	2	2	0.486	
009_NM	2	21	1	2	2	0.474	
009_NM	2	22	1	2	2	0.588	
009_NM	2	23	1	1	1	0.556	
009_NM	2	24	2	1	1	0.585	
009_NM	2	25	2	1	1	0.554	
009_NM	2	26	1	2	2	0.531	
009_NM	2	27	1	2	2	0.453	
009_NM	2	28	1	1	1	0.506	
009_NM	2	29	1	2	2	0.516	
009_NM	2	30	2	1	1	0.509	
009_NM	2	31	2	2	2	0.592	
009_NM	2	32	2	1	1	0.607	
009_NM	2	33	1	2	2	0.500	
009_NM	2	34	2	2	2	0.547	
009_NM	2	35	1	1	1	0.504	
009_NM	2	36	2	2	2	0.580	
009_NM	2	37	2	1	1	0.624	
009_NM	2	38	1	2	2	0.466	
009_NM	2	39	2	1	1	0.562	
009_NM	2	40	2	2	2	0.672	
009_NM	2	41	2	1	1	0.527	
009_NM	2	42	2	1	1	0.564	
009_NM	2	43	2	2	2	0.622	
009_NM	2	44	2	2	2	0.636	
009_NM	2	45	2	2	2	1.024	
009_NM	2	46	2	2	2	0.576	
009_NM	2	47	1	2	2	0.480	
009_NM	2	48	1	1	1	0.551	
009_NM	2	49	1	1	1	0.489	
009_NM	2	50	2	2	2	0.647	
009_NM	2	51	2	1	1	0.636	
009_NM	2	52	1	1	1	0.477	
009_NM	2	53	1	1	1	0.489	
009_NM	2	54	2	1	1	0.584	
009_NM	2	55	2	2	2	0.665	
009_NM	3	0	2	2	2	0.590	
009_NM	3	1	2	2	2	0.557	
009_NM	3	2	2	1	1	0.635	
009_NM	3	3	1	2	2	0.527	
009_NM	3	4	1	1	1	0.522	
009_NM	3	5	1	1	1	0.490	
009_NM	3	6	2	2	2	0.600	
009_NM	3	7	1	2	2	0.611	
009_NM	3	8	2	2	2	0.621	
009_NM	3	9	1	2	2	0.441	
009_NM	3	10	2	2	2	0.625	
009_NM	3	11	1	1	1	0.637	
009_NM	3	12	1	2	2	0.460	
009_NM	3	13	1	1	1	0.501	
009_NM	3	14	1	1	1	0.507	
009_NM	3	15	1	2	2	0.541	
009_NM	3	16	2	1	1	0.563	
009_NM	3	17	1	1	1	0.491	
009_NM	3	18	2	2	2	0.517	
009_NM	3	19	2	2	2	0.587	
009_NM	3	20	2	1	1	0.544	
009_NM	3	21	1	2	2	0.527	
009_NM	3	22	2	2	2	0.557	
009_NM	3	23	2	2	2	0.546	
009_NM	3	24	2	1	1	0.672	
009_NM	3	25	2	1	1	0.557	
009_NM	3	26	1	2	2	0.480	
009_NM	3	27	2	1	1	0.679	
009_NM	3	28	1	1	1	0.612	
009_NM	3	29	1	1	1	0.518	
009_NM	3	30	2	2	2	0.578	
009_NM	3	31	2	2	2	0.517	
009_NM	3	32	2	2	2	0.672	
009_NM	3	33	1	1	1	0.491	
009_NM	3	34	1	2	2	0.510	
009_NM	3	35	1	1	1	0.565	
009_NM	3	36	1	2	2	0.595	
009_NM	3	37	2	1	1	0.615	
009_NM	3	38	1	1	1	0.649	
009_NM	3	39	2	1	1	0.865	
009_NM	3	40	2	1	1	0.820	
009_NM	3	41	1	2	2	0.551	
009_NM	3	42	2	1	1	0.664	
009_NM	3	43	1	1	1	0.555	
009_NM	3	44	1	1	1	0.543	
009_NM	3	45	1	2	2	0.830	
009_NM	3	46	1	2	2	0.556	
009_NM	3	47	2	2	2	0.653	
009_NM	3	48	2	2	2	0.684	
009_NM	3	49	1	1	1	0.569	
009_NM	3	50	2	1	1	0.658	
009_NM	3	51	1	2	2	0.603	
009_NM	3	52	1	2	2	0.522	
009_NM	3	53	2	1	1	0.674	
009_NM	3	54	2	1	1	0.613	
009_NM	3	55	2	1	1	0.665	
