sub	block	trial	congr	stim	resp	RT	
011_4PH	0	0	1	1	1	0.504	
011_4PH	0	1	1	2	2	0.380	
011_4PH	0	2	2	2	2	0.448	
011_4PH	0	3	2	1	1	0.478	
011_4PH	0	4	1	2	2	0.435	
011_4PH	0	5	2	1	1	0.454	
011_4PH	0	6	2	2	2	0.443	
011_4PH	0	7	1	2	2	0.388	
011_4PH	0	8	1	1	1	0.430	
011_4PH	0	9	1	2	2	0.353	
011_4PH	0	10	1	1	1	0.410	
011_4PH	0	11	2	1	1	0.713	
011_4PH	0	12	1	1	1	0.375	
011_4PH	0	13	2	1	1	0.350	
011_4PH	0	14	1	1	1	0.493	
011_4PH	0	15	2	1	1	0.545	
011_4PH	0	16	1	2	2	0.361	
011_4PH	0	17	2	2	2	0.389	
011_4PH	0	18	2	2	2	0.490	
011_4PH	0	19	1	2	2	0.412	
011_4PH	0	20	2	2	2	0.392	
011_4PH	0	21	1	2	2	0.313	
011_4PH	0	22	2	1	2	0.333	
011_4PH	0	23	2	1	1	0.440	
011_4PH	0	24	1	1	1	0.385	
011_4PH	0	25	2	2	2	0.532	
011_4PH	0	26	1	2	2	0.394	
011_4PH	0	27	2	1	1	0.414	
011_4PH	0	28	2	1	1	0.467	
011_4PH	0	29	1	1	1	0.385	
011_4PH	0	30	1	2	2	0.387	
011_4PH	0	31	1	1	1	0.378	
011_4PH	0	32	1	1	1	0.341	
011_4PH	0	33	1	1	1	0.330	
011_4PH	0	34	2	1	1	0.472	
011_4PH	0	35	1	2	2	0.416	
011_4PH	0	36	2	2	2	0.427	
011_4PH	0	37	2	2	2	0.405	
011_4PH	0	38	2	1	1	0.425	
011_4PH	0	39	2	1	1	0.510	
011_4PH	0	40	1	1	1	0.460	
011_4PH	0	41	2	2	2	0.405	
011_4PH	0	42	2	2	2	0.407	
011_4PH	0	43	1	1	1	0.374	
011_4PH	0	44	1	2	2	0.566	
011_4PH	0	45	2	1	1	0.393	
011_4PH	0	46	2	2	1	0.423	
011_4PH	0	47	1	2	2	0.405	
011_4PH	0	48	1	2	2	0.507	
011_4PH	0	49	1	2	2	0.388	
011_4PH	0	50	2	2	2	0.444	
011_4PH	0	51	1	1	1	0.384	
011_4PH	0	52	2	2	2	0.560	
011_4PH	0	53	1	1	1	0.408	
011_4PH	0	54	2	1	1	0.455	
011_4PH	0	55	2	2	2	0.383	
011_4PH	1	0	2	2	2	0.499	
011_4PH	1	1	1	2	2	0.407	
011_4PH	1	2	2	1	1	0.386	
011_4PH	1	3	2	2	2	0.538	
011_4PH	1	4	1	1	1	0.417	
011_4PH	1	5	1	2	2	0.392	
011_4PH	1	6	2	1	1	0.436	
011_4PH	1	7	1	1	1	0.385	
011_4PH	1	8	1	2	2	0.382	
011_4PH	1	9	2	2	2	0.391	
011_4PH	1	10	1	2	2	0.365	
011_4PH	1	11	2	2	2	0.406	
011_4PH	1	12	1	1	1	0.361	
011_4PH	1	13	1	2	2	0.401	
011_4PH	1	14	2	2	2	0.420	
011_4PH	1	15	1	2	2	0.369	
011_4PH	1	16	2	2	2	0.606	
011_4PH	1	17	1	2	2	0.408	
011_4PH	1	18	1	1	1	0.405	
011_4PH	1	19	1	1	1	0.369	
011_4PH	1	20	2	1	1	0.465	
011_4PH	1	21	2	2	2	0.577	
011_4PH	1	22	2	1	1	0.529	
011_4PH	1	23	1	1	1	0.361	
011_4PH	1	24	1	1	1	0.421	
011_4PH	1	25	1	2	2	0.451	
011_4PH	1	26	2	1	1	0.398	
011_4PH	1	27	1	2	2	0.395	
011_4PH	1	28	2	1	1	0.431	
011_4PH	1	29	2	1	1	0.432	
011_4PH	1	30	2	2	2	0.401	
011_4PH	1	31	1	1	1	0.370	
011_4PH	1	32	1	1	1	0.410	
011_4PH	1	33	2	2	2	0.463	
011_4PH	1	34	1	2	2	0.396	
011_4PH	1	35	2	1	1	0.466	
011_4PH	1	36	2	1	1	0.521	
011_4PH	1	37	1	2	2	0.616	
011_4PH	1	38	1	1	1	0.378	
011_4PH	1	39	2	2	2	0.667	
011_4PH	1	40	2	1	1	0.545	
011_4PH	1	41	1	1	1	0.551	
011_4PH	1	42	1	2	2	0.449	
011_4PH	1	43	2	1	1	0.460	
011_4PH	1	44	2	2	2	0.484	
011_4PH	1	45	1	2	2	0.607	
011_4PH	1	46	2	1	1	0.527	
011_4PH	1	47	2	1	1	0.476	
011_4PH	1	48	2	2	2	0.522	
011_4PH	1	49	2	1	1	0.444	
011_4PH	1	50	1	1	1	0.413	
011_4PH	1	51	2	2	2	0.561	
011_4PH	1	52	1	1	1	0.439	
011_4PH	1	53	1	1	1	0.558	
011_4PH	1	54	1	2	2	0.415	
011_4PH	1	55	2	2	2	0.484	
011_4PH	2	0	1	2	2	0.421	
011_4PH	2	1	2	2	2	0.417	
011_4PH	2	2	2	1	1	0.491	
011_4PH	2	3	2	1	1	0.496	
011_4PH	2	4	2	2	2	0.405	
011_4PH	2	5	2	2	2	0.510	
011_4PH	2	6	2	1	1	0.491	
011_4PH	2	7	1	2	2	0.435	
011_4PH	2	8	2	2	2	0.494	
011_4PH	2	9	2	2	2	0.430	
011_4PH	2	10	2	1	1	0.482	
011_4PH	2	11	2	2	2	0.447	
011_4PH	2	12	1	2	2	0.430	
011_4PH	2	13	2	1	1	0.481	
011_4PH	2	14	1	2	2	0.403	
011_4PH	2	15	2	1	1	0.494	
011_4PH	2	16	2	2	2	0.640	
011_4PH	2	17	2	1	1	0.630	
011_4PH	2	18	1	1	1	0.613	
011_4PH	2	19	1	2	2	0.700	
011_4PH	2	20	1	1	1	0.562	
011_4PH	2	21	1	1	1	0.388	
011_4PH	2	22	1	2	2	0.502	
011_4PH	2	23	1	2	2	0.494	
011_4PH	2	24	2	1	1	0.496	
011_4PH	2	25	2	2	2	0.428	
011_4PH	2	26	1	2	2	0.460	
011_4PH	2	27	1	2	2	0.460	
011_4PH	2	28	1	1	1	0.502	
011_4PH	2	29	1	1	1	0.436	
011_4PH	2	30	2	2	2	0.459	
011_4PH	2	31	2	2	2	0.489	
011_4PH	2	32	1	1	1	0.417	
011_4PH	2	33	1	2	2	0.394	
011_4PH	2	34	2	1	1	0.479	
011_4PH	2	35	2	2	2	0.432	
011_4PH	2	36	1	1	1	0.470	
011_4PH	2	37	2	2	2	0.419	
011_4PH	2	38	2	1	1	0.457	
011_4PH	2	39	1	2	2	0.386	
011_4PH	2	40	1	1	1	0.395	
011_4PH	2	41	2	1	1	0.615	
011_4PH	2	42	2	2	2	0.487	
011_4PH	2	43	2	2	2	0.522	
011_4PH	2	44	1	1	1	0.419	
011_4PH	2	45	1	2	2	0.386	
011_4PH	2	46	1	1	1	0.469	
011_4PH	2	47	1	1	1	0.417	
011_4PH	2	48	1	2	2	0.382	
011_4PH	2	49	1	1	1	0.392	
011_4PH	2	50	2	1	1	0.509	
011_4PH	2	51	1	1	1	0.397	
011_4PH	2	52	2	1	1	0.448	
011_4PH	2	53	1	2	2	0.451	
011_4PH	2	54	2	1	1	0.460	
011_4PH	2	55	1	1	1	0.530	
011_4PH	3	0	2	1	1	0.643	
011_4PH	3	1	1	1	1	0.411	
011_4PH	3	2	1	2	2	0.426	
011_4PH	3	3	1	1	1	0.420	
011_4PH	3	4	2	1	1	0.486	
011_4PH	3	5	2	1	1	0.473	
011_4PH	3	6	2	2	2	0.456	
011_4PH	3	7	2	1	1	0.468	
011_4PH	3	8	1	1	1	0.404	
011_4PH	3	9	1	2	2	0.406	
011_4PH	3	10	1	1	1	0.388	
011_4PH	3	11	1	2	2	0.411	
011_4PH	3	12	1	2	2	0.371	
011_4PH	3	13	1	1	1	0.417	
011_4PH	3	14	1	2	2	0.420	
011_4PH	3	15	2	1	1	0.486	
011_4PH	3	16	1	1	1	0.441	
011_4PH	3	17	1	1	1	0.336	
011_4PH	3	18	1	2	2	0.420	
011_4PH	3	19	1	1	1	0.479	
011_4PH	3	20	2	2	2	0.455	
011_4PH	3	21	1	1	1	0.430	
011_4PH	3	22	1	1	1	0.398	
011_4PH	3	23	2	2	2	0.440	
011_4PH	3	24	1	1	1	0.372	
011_4PH	3	25	2	1	1	0.431	
011_4PH	3	26	2	2	2	0.439	
011_4PH	3	27	2	2	2	0.499	
011_4PH	3	28	1	1	1	0.445	
011_4PH	3	29	2	2	2	0.417	
011_4PH	3	30	1	2	2	0.357	
011_4PH	3	31	2	1	1	0.450	
011_4PH	3	32	2	2	2	0.503	
011_4PH	3	33	2	1	1	0.479	
011_4PH	3	34	2	1	1	0.454	
011_4PH	3	35	2	2	2	0.433	
011_4PH	3	36	2	2	2	0.417	
011_4PH	3	37	2	1	1	0.468	
011_4PH	3	38	2	1	1	0.464	
011_4PH	3	39	1	1	1	0.401	
011_4PH	3	40	2	2	2	0.512	
011_4PH	3	41	1	2	2	0.498	
011_4PH	3	42	2	2	2	0.456	
011_4PH	3	43	2	1	1	0.469	
011_4PH	3	44	1	2	2	0.390	
011_4PH	3	45	1	2	2	0.403	
011_4PH	3	46	2	2	2	0.435	
011_4PH	3	47	1	2	2	0.341	
011_4PH	3	48	2	1	1	0.521	
011_4PH	3	49	1	2	2	0.604	
011_4PH	3	50	1	2	2	0.382	
011_4PH	3	51	2	1	1	0.444	
011_4PH	3	52	2	2	2	0.455	
011_4PH	3	53	2	2	2	0.453	
011_4PH	3	54	1	1	1	0.388	
011_4PH	3	55	1	2	2	0.414	
