sub	block	trial	congr	stim	resp	RT	
003_4PH	0	0	1	2	2	0.801	
003_4PH	0	1	2	1	1	0.541	
003_4PH	0	2	1	2	2	0.402	
003_4PH	0	3	2	2	2	0.451	
003_4PH	0	4	2	1	1	0.425	
003_4PH	0	5	1	1	1	0.362	
003_4PH	0	6	2	2	2	0.439	
003_4PH	0	7	1	2	2	0.325	
003_4PH	0	8	2	1	1	0.449	
003_4PH	0	9	1	1	1	0.356	
003_4PH	0	10	1	1	1	0.329	
003_4PH	0	11	1	1	1	0.332	
003_4PH	0	12	2	1	1	0.473	
003_4PH	0	13	1	2	2	0.370	
003_4PH	0	14	1	1	1	0.355	
003_4PH	0	15	1	1	1	0.311	
003_4PH	0	16	2	2	2	0.490	
003_4PH	0	17	2	2	2	0.454	
003_4PH	0	18	1	2	2	0.368	
003_4PH	0	19	2	1	1	0.432	
003_4PH	0	20	2	2	2	0.425	
003_4PH	0	21	2	1	1	0.394	
003_4PH	0	22	2	1	1	0.401	
003_4PH	0	23	2	2	2	0.465	
003_4PH	0	24	2	2	2	0.392	
003_4PH	0	25	1	2	2	0.357	
003_4PH	0	26	2	1	2	0.300	
003_4PH	0	27	2	1	1	0.416	
003_4PH	0	28	2	2	2	0.450	
003_4PH	0	29	1	1	1	0.407	
003_4PH	0	30	2	1	1	0.407	
003_4PH	0	31	1	1	1	0.380	
003_4PH	0	32	2	2	2	0.444	
003_4PH	0	33	2	2	2	0.429	
003_4PH	0	34	1	1	1	0.419	
003_4PH	0	35	1	1	1	0.334	
003_4PH	0	36	1	1	1	0.378	
003_4PH	0	37	2	2	2	0.410	
003_4PH	0	38	1	2	2	0.383	
003_4PH	0	39	1	1	1	0.416	
003_4PH	0	40	1	2	2	0.397	
003_4PH	0	41	1	2	2	0.363	
003_4PH	0	42	2	2	2	0.467	
003_4PH	0	43	1	2	2	0.399	
003_4PH	0	44	2	1	1	0.448	
003_4PH	0	45	1	2	2	0.386	
003_4PH	0	46	2	2	2	0.426	
003_4PH	0	47	1	1	1	0.420	
003_4PH	0	48	2	1	1	0.446	
003_4PH	0	49	2	1	1	0.428	
003_4PH	0	50	2	1	1	0.379	
003_4PH	0	51	1	2	2	0.413	
003_4PH	0	52	1	1	1	0.425	
003_4PH	0	53	2	2	2	0.421	
003_4PH	0	54	1	2	2	0.390	
003_4PH	0	55	1	2	2	0.424	
003_4PH	1	0	2	2	2	0.545	
003_4PH	1	1	2	1	1	0.467	
003_4PH	1	2	1	2	2	0.399	
003_4PH	1	3	2	2	2	0.435	
003_4PH	1	4	2	2	2	0.392	
003_4PH	1	5	1	1	1	0.424	
003_4PH	1	6	2	2	2	0.396	
003_4PH	1	7	2	1	1	0.441	
003_4PH	1	8	1	2	2	0.372	
003_4PH	1	9	1	2	2	0.368	
003_4PH	1	10	2	2	2	0.400	
003_4PH	1	11	1	1	1	0.403	
003_4PH	1	12	1	1	1	0.362	
003_4PH	1	13	2	2	2	0.387	
003_4PH	1	14	2	1	1	0.448	
003_4PH	1	15	1	2	2	0.565	
003_4PH	1	16	2	2	2	0.365	
003_4PH	1	17	1	1	1	0.393	
003_4PH	1	18	2	1	1	0.370	
003_4PH	1	19	2	1	1	0.448	
003_4PH	1	20	2	2	2	0.453	
003_4PH	1	21	2	1	1	0.409	
003_4PH	1	22	2	2	2	0.384	
003_4PH	1	23	1	2	2	0.325	
003_4PH	1	24	1	1	1	0.386	
003_4PH	1	25	2	1	1	0.381	
003_4PH	1	26	2	2	2	0.428	
003_4PH	1	27	2	1	1	0.412	
003_4PH	1	28	2	1	1	0.350	
003_4PH	1	29	2	1	1	0.364	
003_4PH	1	30	2	2	2	0.415	
003_4PH	1	31	2	1	1	0.379	
003_4PH	1	32	1	1	1	0.344	
003_4PH	1	33	2	2	2	0.402	
003_4PH	1	34	2	1	1	0.370	
003_4PH	1	35	1	2	2	0.368	
003_4PH	1	36	2	1	1	0.486	
003_4PH	1	37	1	1	1	0.406	
003_4PH	1	38	1	2	2	0.372	
003_4PH	1	39	1	2	2	0.364	
003_4PH	1	40	2	2	2	0.431	
003_4PH	1	41	1	1	1	0.417	
003_4PH	1	42	1	1	1	0.355	
003_4PH	1	43	2	2	2	0.369	
003_4PH	1	44	1	1	1	0.400	
003_4PH	1	45	1	2	2	0.513	
003_4PH	1	46	1	2	2	0.340	
003_4PH	1	47	1	2	2	0.340	
003_4PH	1	48	1	1	1	0.429	
003_4PH	1	49	1	2	2	0.424	
003_4PH	1	50	1	2	2	0.369	
003_4PH	1	51	1	1	1	0.454	
003_4PH	1	52	2	1	1	0.418	
003_4PH	1	53	1	2	2	0.371	
003_4PH	1	54	1	1	1	0.443	
003_4PH	1	55	1	1	1	0.365	
003_4PH	2	0	2	1	1	0.470	
003_4PH	2	1	2	2	2	0.447	
003_4PH	2	2	2	1	2	0.412	
003_4PH	2	3	2	2	2	0.470	
003_4PH	2	4	2	2	2	0.446	
003_4PH	2	5	1	2	2	0.366	
003_4PH	2	6	1	1	1	0.420	
003_4PH	2	7	2	1	1	0.417	
003_4PH	2	8	1	1	1	0.361	
003_4PH	2	9	2	1	1	0.427	
003_4PH	2	10	2	1	1	0.342	
003_4PH	2	11	1	2	2	0.407	
003_4PH	2	12	1	1	1	0.373	
003_4PH	2	13	1	2	2	0.420	
003_4PH	2	14	1	1	1	0.343	
003_4PH	2	15	2	1	1	0.412	
003_4PH	2	16	2	2	1	0.295	
003_4PH	2	17	2	1	1	0.422	
003_4PH	2	18	1	2	2	0.397	
003_4PH	2	19	2	2	2	0.436	
003_4PH	2	20	2	2	2	0.424	
003_4PH	2	21	2	2	2	0.428	
003_4PH	2	22	1	2	2	0.602	
003_4PH	2	23	1	1	1	0.412	
003_4PH	2	24	2	2	2	0.468	
003_4PH	2	25	1	1	1	0.391	
003_4PH	2	26	2	1	1	0.459	
003_4PH	2	27	1	2	2	0.405	
003_4PH	2	28	2	1	1	0.565	
003_4PH	2	29	1	1	1	0.414	
003_4PH	2	30	1	2	2	0.403	
003_4PH	2	31	1	2	2	0.344	
003_4PH	2	32	1	2	2	0.309	
003_4PH	2	33	1	2	2	0.305	
003_4PH	2	34	1	1	1	0.388	
003_4PH	2	35	1	1	1	0.328	
003_4PH	2	36	2	1	1	0.387	
003_4PH	2	37	1	1	1	0.333	
003_4PH	2	38	2	1	1	0.334	
003_4PH	2	39	1	1	1	0.340	
003_4PH	2	40	2	2	1	0.291	
003_4PH	2	41	2	1	1	0.385	
003_4PH	2	42	1	1	1	0.353	
003_4PH	2	43	1	1	1	0.444	
003_4PH	2	44	2	1	1	0.386	
003_4PH	2	45	2	2	2	0.431	
003_4PH	2	46	1	1	1	0.394	
003_4PH	2	47	1	2	2	0.374	
003_4PH	2	48	1	2	2	0.387	
003_4PH	2	49	2	1	1	0.493	
003_4PH	2	50	1	2	2	0.351	
003_4PH	2	51	2	2	2	0.406	
003_4PH	2	52	1	2	2	0.372	
003_4PH	2	53	2	2	2	0.423	
003_4PH	2	54	2	2	2	0.401	
003_4PH	2	55	2	2	2	0.484	
003_4PH	3	0	2	2	2	0.617	
003_4PH	3	1	2	2	2	0.358	
003_4PH	3	2	1	2	2	0.328	
003_4PH	3	3	2	1	1	0.474	
003_4PH	3	4	1	2	2	0.368	
003_4PH	3	5	2	1	1	0.431	
003_4PH	3	6	2	1	1	0.428	
003_4PH	3	7	2	1	1	0.362	
003_4PH	3	8	2	1	1	0.375	
003_4PH	3	9	2	2	2	0.453	
003_4PH	3	10	1	2	2	0.364	
003_4PH	3	11	1	2	2	0.318	
003_4PH	3	12	2	2	2	0.322	
003_4PH	3	13	1	2	2	0.353	
003_4PH	3	14	2	2	2	0.409	
003_4PH	3	15	2	2	2	0.476	
003_4PH	3	16	2	1	1	0.487	
003_4PH	3	17	2	1	1	0.435	
003_4PH	3	18	1	2	2	0.412	
003_4PH	3	19	2	2	2	0.374	
003_4PH	3	20	1	1	1	0.428	
003_4PH	3	21	2	1	1	0.424	
003_4PH	3	22	1	1	1	0.518	
003_4PH	3	23	1	2	2	0.501	
003_4PH	3	24	1	1	1	0.370	
003_4PH	3	25	2	2	2	0.421	
003_4PH	3	26	2	1	1	0.424	
003_4PH	3	27	1	1	1	0.337	
003_4PH	3	28	1	2	2	0.374	
003_4PH	3	29	1	2	2	0.311	
003_4PH	3	30	1	2	2	0.320	
003_4PH	3	31	2	1	1	0.473	
003_4PH	3	32	1	2	2	0.479	
003_4PH	3	33	2	2	2	0.333	
003_4PH	3	34	2	2	2	0.365	
003_4PH	3	35	1	1	1	0.518	
003_4PH	3	36	2	1	1	0.361	
003_4PH	3	37	1	1	1	0.336	
003_4PH	3	38	1	1	1	0.343	
003_4PH	3	39	2	2	2	0.408	
003_4PH	3	40	1	1	1	0.363	
003_4PH	3	41	1	2	2	0.354	
003_4PH	3	42	1	1	1	0.336	
003_4PH	3	43	1	1	1	0.356	
003_4PH	3	44	2	1	1	0.411	
003_4PH	3	45	1	2	2	0.389	
003_4PH	3	46	2	1	1	0.512	
003_4PH	3	47	1	1	1	0.296	
003_4PH	3	48	1	2	2	0.384	
003_4PH	3	49	1	1	1	0.368	
003_4PH	3	50	1	1	1	0.322	
003_4PH	3	51	2	2	2	0.412	
003_4PH	3	52	1	1	1	0.383	
003_4PH	3	53	2	2	2	0.425	
003_4PH	3	54	2	1	1	0.374	
003_4PH	3	55	2	2	2	0.372	
