sub	block	trial	congr	stim	resp	RT	
014_1KM	0	0	1	2	2	0.554	
014_1KM	0	1	1	1	1	0.394	
014_1KM	0	2	1	2	2	0.416	
014_1KM	0	3	1	1	1	0.410	
014_1KM	0	4	2	2	2	0.490	
014_1KM	0	5	1	1	1	0.414	
014_1KM	0	6	2	2	2	0.515	
014_1KM	0	7	1	2	2	0.385	
014_1KM	0	8	1	1	1	0.415	
014_1KM	0	9	1	2	2	0.396	
014_1KM	0	10	1	1	1	0.341	
014_1KM	0	11	1	1	1	0.353	
014_1KM	0	12	2	2	2	0.396	
014_1KM	0	13	2	1	1	0.439	
014_1KM	0	14	1	1	1	0.400	
014_1KM	0	15	1	1	1	0.350	
014_1KM	0	16	1	1	1	0.351	
014_1KM	0	17	1	2	2	0.278	
014_1KM	0	18	1	1	1	0.369	
014_1KM	0	19	2	2	2	0.405	
014_1KM	0	20	2	1	1	0.390	
014_1KM	0	21	1	2	2	0.317	
014_1KM	0	22	2	2	2	0.516	
014_1KM	0	23	2	1	1	0.330	
014_1KM	0	24	2	1	1	0.452	
014_1KM	0	25	1	2	2	0.359	
014_1KM	0	26	2	1	1	0.431	
014_1KM	0	27	2	2	2	0.414	
014_1KM	0	28	2	1	2	0.329	
014_1KM	0	29	2	1	1	0.372	
014_1KM	0	30	2	2	2	0.393	
014_1KM	0	31	2	2	2	0.507	
014_1KM	0	32	2	2	2	0.371	
014_1KM	0	33	1	2	2	0.403	
014_1KM	0	34	2	1	1	0.568	
014_1KM	0	35	2	1	1	0.383	
014_1KM	0	36	2	1	1	0.391	
014_1KM	0	37	1	2	2	0.353	
014_1KM	0	38	2	1	1	0.453	
014_1KM	0	39	1	2	2	0.369	
014_1KM	0	40	1	1	1	0.320	
014_1KM	0	41	1	2	2	0.361	
014_1KM	0	42	2	1	1	0.303	
014_1KM	0	43	2	2	2	0.423	
014_1KM	0	44	1	2	2	0.360	
014_1KM	0	45	2	2	1	0.376	
014_1KM	0	46	2	2	2	0.444	
014_1KM	0	47	1	2	2	0.349	
014_1KM	0	48	2	1	2	0.345	
014_1KM	0	49	2	1	1	0.486	
014_1KM	0	50	1	2	2	0.370	
014_1KM	0	51	1	1	1	0.328	
014_1KM	0	52	1	1	1	0.322	
014_1KM	0	53	2	2	2	0.519	
014_1KM	0	54	1	1	1	0.354	
014_1KM	0	55	2	2	2	0.419	
014_1KM	1	0	2	2	2	0.459	
014_1KM	1	1	2	2	2	0.435	
014_1KM	1	2	2	2	2	0.396	
014_1KM	1	3	1	2	2	0.344	
014_1KM	1	4	2	1	1	0.441	
014_1KM	1	5	1	1	1	0.379	
014_1KM	1	6	1	1	1	0.322	
014_1KM	1	7	2	2	2	0.400	
014_1KM	1	8	2	1	1	0.437	
014_1KM	1	9	1	1	1	0.314	
014_1KM	1	10	1	1	1	0.338	
014_1KM	1	11	1	1	1	0.298	
014_1KM	1	12	2	1	1	0.380	
014_1KM	1	13	2	1	1	0.507	
014_1KM	1	14	2	1	1	0.458	
014_1KM	1	15	1	1	1	0.315	
014_1KM	1	16	2	2	2	0.406	
014_1KM	1	17	2	1	1	0.438	
014_1KM	1	18	1	1	1	0.402	
014_1KM	1	19	1	2	2	0.354	
014_1KM	1	20	1	2	2	0.335	
014_1KM	1	21	2	1	1	0.435	
014_1KM	1	22	1	2	2	0.350	
014_1KM	1	23	2	1	1	0.288	
014_1KM	1	24	1	1	1	0.308	
014_1KM	1	25	2	1	1	0.373	
014_1KM	1	26	1	1	1	0.414	
014_1KM	1	27	2	2	2	0.425	
014_1KM	1	28	2	2	1	0.307	
014_1KM	1	29	1	2	2	0.329	
014_1KM	1	30	1	1	1	0.388	
014_1KM	1	31	2	1	1	0.478	
014_1KM	1	32	2	1	1	0.422	
014_1KM	1	33	1	2	2	0.375	
014_1KM	1	34	1	2	2	0.378	
014_1KM	1	35	1	2	2	0.329	
014_1KM	1	36	1	1	1	0.363	
014_1KM	1	37	2	1	2	0.390	
014_1KM	1	38	1	2	2	0.355	
014_1KM	1	39	2	2	2	0.468	
014_1KM	1	40	1	2	2	0.315	
014_1KM	1	41	1	1	1	0.353	
014_1KM	1	42	2	2	2	0.429	
014_1KM	1	43	1	1	1	0.351	
014_1KM	1	44	2	2	2	0.419	
014_1KM	1	45	2	2	2	0.437	
014_1KM	1	46	2	1	1	0.459	
014_1KM	1	47	1	2	2	0.390	
014_1KM	1	48	1	2	2	0.358	
014_1KM	1	49	2	2	2	0.474	
014_1KM	1	50	2	2	2	0.409	
014_1KM	1	51	1	2	2	0.372	
014_1KM	1	52	1	2	2	0.323	
014_1KM	1	53	1	1	1	0.351	
014_1KM	1	54	2	1	1	0.457	
014_1KM	1	55	2	2	2	0.502	
014_1KM	2	0	1	1	1	0.398	
014_1KM	2	1	1	2	1	0.388	
014_1KM	2	2	1	1	1	0.405	
014_1KM	2	3	2	1	1	0.427	
014_1KM	2	4	1	2	2	0.376	
014_1KM	2	5	2	2	2	0.433	
014_1KM	2	6	2	2	2	0.379	
014_1KM	2	7	1	2	2	0.317	
014_1KM	2	8	2	1	2	0.382	
014_1KM	2	9	2	1	1	0.522	
014_1KM	2	10	1	1	1	0.413	
014_1KM	2	11	1	1	1	0.358	
014_1KM	2	12	2	1	1	0.455	
014_1KM	2	13	1	2	2	0.417	
014_1KM	2	14	1	2	2	0.357	
014_1KM	2	15	2	2	1	0.475	
014_1KM	2	16	1	2	2	0.354	
014_1KM	2	17	2	2	2	0.374	
014_1KM	2	18	1	2	2	0.311	
014_1KM	2	19	1	1	1	0.410	
014_1KM	2	20	1	2	2	0.373	
014_1KM	2	21	1	2	2	0.334	
014_1KM	2	22	2	2	2	0.333	
014_1KM	2	23	1	1	1	0.460	
014_1KM	2	24	1	2	2	0.315	
014_1KM	2	25	2	2	2	0.465	
014_1KM	2	26	2	1	2	0.366	
014_1KM	2	27	1	1	1	0.426	
014_1KM	2	28	2	1	1	0.462	
014_1KM	2	29	1	1	1	0.353	
014_1KM	2	30	2	1	1	0.354	
014_1KM	2	31	2	1	1	0.483	
014_1KM	2	32	1	1	1	0.353	
014_1KM	2	33	2	1	1	0.359	
014_1KM	2	34	2	1	1	0.345	
014_1KM	2	35	1	1	1	0.339	
014_1KM	2	36	2	2	2	0.485	
014_1KM	2	37	1	1	1	0.436	
014_1KM	2	38	2	1	1	0.367	
014_1KM	2	39	2	2	2	0.471	
014_1KM	2	40	2	1	1	0.513	
014_1KM	2	41	1	1	1	0.397	
014_1KM	2	42	2	1	1	0.453	
014_1KM	2	43	2	2	2	0.523	
014_1KM	2	44	2	2	2	0.520	
014_1KM	2	45	2	2	2	0.470	
014_1KM	2	46	1	2	2	0.324	
014_1KM	2	47	1	1	1	0.334	
014_1KM	2	48	2	2	2	0.452	
014_1KM	2	49	2	2	2	0.428	
014_1KM	2	50	2	1	2	0.357	
014_1KM	2	51	1	2	2	0.333	
014_1KM	2	52	1	2	2	0.361	
014_1KM	2	53	1	1	1	0.531	
014_1KM	2	54	1	2	2	0.338	
014_1KM	2	55	2	2	2	0.424	
014_1KM	3	0	1	1	1	0.385	
014_1KM	3	1	1	2	2	0.408	
014_1KM	3	2	1	2	2	0.307	
014_1KM	3	3	1	1	1	0.375	
014_1KM	3	4	1	2	2	0.333	
014_1KM	3	5	1	1	1	0.333	
014_1KM	3	6	2	2	2	0.511	
014_1KM	3	7	1	1	1	0.357	
014_1KM	3	8	1	2	2	0.318	
014_1KM	3	9	2	1	2	0.350	
014_1KM	3	10	1	2	2	0.325	
014_1KM	3	11	1	2	2	0.342	
014_1KM	3	12	2	2	2	0.396	
014_1KM	3	13	1	1	1	0.413	
014_1KM	3	14	2	2	2	0.480	
014_1KM	3	15	2	1	1	0.421	
014_1KM	3	16	2	2	2	0.414	
014_1KM	3	17	2	2	2	0.441	
014_1KM	3	18	1	1	1	0.378	
014_1KM	3	19	1	1	1	0.457	
014_1KM	3	20	2	2	2	0.426	
014_1KM	3	21	2	2	2	0.461	
014_1KM	3	22	2	1	1	0.413	
014_1KM	3	23	2	1	1	0.430	
014_1KM	3	24	2	2	2	0.498	
014_1KM	3	25	1	1	1	0.380	
014_1KM	3	26	1	2	2	0.384	
014_1KM	3	27	2	2	2	0.519	
014_1KM	3	28	2	1	1	0.408	
014_1KM	3	29	2	1	1	0.437	
014_1KM	3	30	1	1	1	0.316	
014_1KM	3	31	1	2	2	0.290	
014_1KM	3	32	2	2	1	0.372	
014_1KM	3	33	1	2	2	0.349	
014_1KM	3	34	2	1	1	0.413	
014_1KM	3	35	1	2	2	0.318	
014_1KM	3	36	1	2	2	0.330	
014_1KM	3	37	1	1	1	0.560	
014_1KM	3	38	2	1	1	0.544	
014_1KM	3	39	2	2	2	0.434	
014_1KM	3	40	1	1	1	0.376	
014_1KM	3	41	1	1	1	0.341	
014_1KM	3	42	2	1	2	0.321	
014_1KM	3	43	2	1	1	0.459	
014_1KM	3	44	2	1	1	0.396	
014_1KM	3	45	2	1	1	0.436	
014_1KM	3	46	1	2	2	0.418	
014_1KM	3	47	1	1	1	0.434	
014_1KM	3	48	2	2	2	0.412	
014_1KM	3	49	1	2	2	0.379	
014_1KM	3	50	2	1	1	0.449	
014_1KM	3	51	1	2	2	0.378	
014_1KM	3	52	1	1	1	0.411	
014_1KM	3	53	2	1	1	0.497	
014_1KM	3	54	2	2	2	0.391	
014_1KM	3	55	2	2	2	0.430	
