sub	block	trial	congr	stim	resp	RT	
017_1BL	0	0	1	1	1	0.672	
017_1BL	0	1	2	1	1	0.631	
017_1BL	0	2	2	1	1	0.444	
017_1BL	0	3	1	1	1	0.373	
017_1BL	0	4	2	2	2	0.616	
017_1BL	0	5	1	2	2	0.468	
017_1BL	0	6	1	2	2	0.439	
017_1BL	0	7	1	1	1	0.648	
017_1BL	0	8	2	2	2	0.816	
017_1BL	0	9	2	2	2	0.643	
017_1BL	0	10	2	2	2	0.495	
017_1BL	0	11	2	1	1	0.562	
017_1BL	0	12	2	2	2	0.506	
017_1BL	0	13	2	1	1	0.495	
017_1BL	0	14	2	1	1	0.677	
017_1BL	0	15	1	1	1	0.461	
017_1BL	0	16	2	2	2	0.563	
017_1BL	0	17	2	1	1	0.661	
017_1BL	0	18	2	2	2	0.572	
017_1BL	0	19	2	2	2	0.551	
017_1BL	0	20	1	2	2	0.457	
017_1BL	0	21	2	1	1	0.563	
017_1BL	0	22	1	1	1	0.459	
017_1BL	0	23	1	2	2	0.408	
017_1BL	0	24	2	1	1	0.477	
017_1BL	0	25	2	2	2	0.445	
017_1BL	0	26	1	2	2	0.438	
017_1BL	0	27	1	1	1	0.426	
017_1BL	0	28	1	2	2	0.402	
017_1BL	0	29	1	2	2	0.459	
017_1BL	0	30	1	1	1	0.399	
017_1BL	0	31	1	1	1	0.383	
017_1BL	0	32	1	1	1	0.426	
017_1BL	0	33	1	2	2	0.373	
017_1BL	0	34	2	2	2	0.512	
017_1BL	0	35	2	2	2	0.499	
017_1BL	0	36	2	1	1	0.502	
017_1BL	0	37	1	2	2	0.367	
017_1BL	0	38	1	2	2	0.419	
017_1BL	0	39	1	1	1	0.376	
017_1BL	0	40	2	1	1	0.528	
017_1BL	0	41	2	1	1	0.558	
017_1BL	0	42	1	1	1	0.569	
017_1BL	0	43	1	2	2	0.458	
017_1BL	0	44	2	2	2	0.529	
017_1BL	0	45	1	2	2	0.459	
017_1BL	0	46	1	2	2	0.390	
017_1BL	0	47	1	1	1	0.407	
017_1BL	0	48	2	2	2	0.472	
017_1BL	0	49	1	2	2	0.384	
017_1BL	0	50	1	1	1	0.443	
017_1BL	0	51	2	1	1	0.490	
017_1BL	0	52	1	1	1	0.516	
017_1BL	0	53	2	2	2	0.514	
017_1BL	0	54	2	1	1	0.467	
017_1BL	0	55	2	1	1	0.646	
017_1BL	1	0	1	1	1	0.510	
017_1BL	1	1	2	2	2	0.579	
017_1BL	1	2	2	1	1	0.548	
017_1BL	1	3	2	1	1	0.536	
017_1BL	1	4	2	2	2	0.500	
017_1BL	1	5	1	1	1	0.577	
017_1BL	1	6	1	2	2	0.435	
017_1BL	1	7	2	2	2	0.684	
017_1BL	1	8	2	2	2	0.565	
017_1BL	1	9	1	1	1	0.492	
017_1BL	1	10	2	1	1	0.639	
017_1BL	1	11	2	1	1	0.521	
017_1BL	1	12	1	2	2	0.435	
017_1BL	1	13	2	2	2	0.560	
017_1BL	1	14	2	1	1	0.535	
017_1BL	1	15	1	2	2	0.473	
017_1BL	1	16	1	2	2	0.435	
017_1BL	1	17	1	1	1	0.483	
017_1BL	1	18	2	2	2	0.481	
017_1BL	1	19	1	2	2	0.493	
017_1BL	1	20	2	2	2	0.618	
017_1BL	1	21	1	1	1	0.457	
017_1BL	1	22	2	1	1	0.590	
017_1BL	1	23	1	1	1	0.507	
017_1BL	1	24	1	2	2	0.429	
017_1BL	1	25	1	2	2	0.433	
017_1BL	1	26	1	1	1	0.433	
017_1BL	1	27	1	2	2	0.399	
017_1BL	1	28	1	2	2	0.451	
017_1BL	1	29	2	1	1	0.549	
017_1BL	1	30	1	1	1	0.506	
017_1BL	1	31	2	1	1	0.517	
017_1BL	1	32	2	1	1	0.479	
017_1BL	1	33	2	2	2	0.506	
017_1BL	1	34	1	2	2	0.477	
017_1BL	1	35	1	1	1	0.436	
017_1BL	1	36	1	1	1	0.463	
017_1BL	1	37	2	1	1	0.554	
017_1BL	1	38	1	1	1	0.557	
017_1BL	1	39	1	2	2	0.520	
017_1BL	1	40	1	2	2	0.408	
017_1BL	1	41	1	2	2	0.421	
017_1BL	1	42	2	2	2	0.633	
017_1BL	1	43	1	2	2	0.455	
017_1BL	1	44	2	1	1	0.497	
017_1BL	1	45	2	2	2	0.526	
017_1BL	1	46	2	2	2	0.598	
017_1BL	1	47	1	1	1	0.547	
017_1BL	1	48	2	1	1	0.562	
017_1BL	1	49	2	2	2	0.477	
017_1BL	1	50	2	1	1	0.511	
017_1BL	1	51	2	2	2	0.493	
017_1BL	1	52	2	1	1	0.510	
017_1BL	1	53	1	1	1	0.464	
017_1BL	1	54	1	1	1	0.572	
017_1BL	1	55	2	2	2	0.526	
017_1BL	2	0	2	2	2	0.907	
017_1BL	2	1	2	1	1	0.566	
017_1BL	2	2	2	2	2	0.499	
017_1BL	2	3	2	1	1	0.587	
017_1BL	2	4	1	2	2	0.564	
017_1BL	2	5	1	1	1	0.596	
017_1BL	2	6	2	2	2	0.535	
017_1BL	2	7	2	2	2	0.473	
017_1BL	2	8	1	2	2	0.503	
017_1BL	2	9	1	1	1	0.562	
017_1BL	2	10	2	1	1	0.698	
017_1BL	2	11	2	1	1	0.595	
017_1BL	2	12	1	1	1	0.552	
017_1BL	2	13	2	2	2	0.446	
017_1BL	2	14	1	2	2	0.478	
017_1BL	2	15	1	2	2	0.471	
017_1BL	2	16	2	1	1	0.489	
017_1BL	2	17	2	1	1	0.672	
017_1BL	2	18	1	2	2	0.453	
017_1BL	2	19	1	2	2	0.513	
017_1BL	2	20	1	2	2	0.420	
017_1BL	2	21	2	2	2	0.671	
017_1BL	2	22	1	1	1	0.530	
017_1BL	2	23	1	1	1	0.561	
017_1BL	2	24	2	1	1	0.562	
017_1BL	2	25	1	2	2	0.661	
017_1BL	2	26	1	1	1	0.490	
017_1BL	2	27	2	1	1	0.565	
017_1BL	2	28	2	2	2	0.865	
017_1BL	2	29	1	2	2	0.572	
017_1BL	2	30	2	2	2	0.559	
017_1BL	2	31	2	2	2	0.509	
017_1BL	2	32	1	2	2	0.547	
017_1BL	2	33	2	2	2	0.629	
017_1BL	2	34	1	1	1	0.702	
017_1BL	2	35	2	1	1	0.498	
017_1BL	2	36	2	2	2	0.481	
017_1BL	2	37	2	1	1	0.541	
017_1BL	2	38	1	1	1	0.554	
017_1BL	2	39	1	1	1	0.468	
017_1BL	2	40	1	2	2	0.532	
017_1BL	2	41	2	2	2	0.454	
017_1BL	2	42	2	1	1	0.520	
017_1BL	2	43	1	1	1	0.482	
017_1BL	2	44	1	1	1	0.485	
017_1BL	2	45	2	1	1	0.592	
017_1BL	2	46	1	1	1	0.549	
017_1BL	2	47	1	1	1	0.473	
017_1BL	2	48	2	1	1	0.505	
017_1BL	2	49	2	2	2	0.483	
017_1BL	2	50	1	2	2	0.471	
017_1BL	2	51	1	2	2	0.539	
017_1BL	2	52	1	2	2	0.442	
017_1BL	2	53	1	1	1	0.806	
017_1BL	2	54	2	1	1	0.533	
017_1BL	2	55	2	2	2	0.501	
017_1BL	3	0	1	2	2	0.537	
017_1BL	3	1	2	1	1	0.598	
017_1BL	3	2	1	1	1	0.519	
017_1BL	3	3	2	2	2	0.534	
017_1BL	3	4	2	1	1	0.786	
017_1BL	3	5	2	1	1	0.648	
017_1BL	3	6	1	1	1	0.520	
017_1BL	3	7	2	2	2	0.485	
017_1BL	3	8	2	1	1	0.525	
017_1BL	3	9	1	2	2	0.458	
017_1BL	3	10	2	2	2	0.569	
017_1BL	3	11	2	1	1	0.754	
017_1BL	3	12	2	1	1	0.567	
017_1BL	3	13	1	1	1	0.514	
017_1BL	3	14	2	2	2	0.584	
017_1BL	3	15	1	2	2	0.498	
017_1BL	3	16	1	1	1	0.593	
017_1BL	3	17	2	2	2	0.671	
017_1BL	3	18	1	2	2	0.477	
017_1BL	3	19	1	1	1	0.689	
017_1BL	3	20	1	2	2	0.626	
017_1BL	3	21	1	1	1	0.640	
017_1BL	3	22	1	1	1	0.660	
017_1BL	3	23	1	2	2	0.436	
017_1BL	3	24	2	2	2	0.649	
017_1BL	3	25	2	1	1	0.496	
017_1BL	3	26	2	2	2	0.484	
017_1BL	3	27	1	1	1	0.616	
017_1BL	3	28	1	2	2	0.437	
017_1BL	3	29	1	1	1	0.785	
017_1BL	3	30	2	2	2	0.563	
017_1BL	3	31	2	2	2	0.484	
017_1BL	3	32	2	1	1	0.513	
017_1BL	3	33	2	2	2	0.487	
017_1BL	3	34	2	1	1	0.519	
017_1BL	3	35	1	2	2	0.516	
017_1BL	3	36	2	1	1	0.633	
017_1BL	3	37	1	2	2	0.429	
017_1BL	3	38	1	2	2	0.490	
017_1BL	3	39	1	1	1	0.537	
017_1BL	3	40	1	1	1	0.494	
017_1BL	3	41	1	1	1	0.554	
017_1BL	3	42	1	1	1	0.596	
017_1BL	3	43	1	2	2	0.441	
017_1BL	3	44	2	1	1	0.660	
017_1BL	3	45	2	2	2	0.576	
017_1BL	3	46	1	1	1	0.447	
017_1BL	3	47	1	2	2	0.498	
017_1BL	3	48	2	2	2	0.515	
017_1BL	3	49	1	2	2	0.403	
017_1BL	3	50	2	2	2	0.523	
017_1BL	3	51	2	2	2	0.564	
017_1BL	3	52	2	1	1	0.709	
017_1BL	3	53	2	1	1	0.553	
017_1BL	3	54	2	1	1	0.555	
017_1BL	3	55	1	2	2	0.469	
