sub	block	trial	congr	stim	resp	RT	
001_1BL	0	0	2	2	2	0.659	
001_1BL	0	1	2	2	2	0.524	
001_1BL	0	2	2	1	1	0.432	
001_1BL	0	3	2	1	1	0.491	
001_1BL	0	4	1	1	1	0.396	
001_1BL	0	5	2	1	1	0.465	
001_1BL	0	6	1	2	2	0.574	
001_1BL	0	7	2	2	2	0.608	
001_1BL	0	8	1	2	2	0.406	
001_1BL	0	9	2	1	1	0.408	
001_1BL	0	10	2	2	2	0.464	
001_1BL	0	11	2	1	1	0.441	
001_1BL	0	12	1	1	1	0.403	
001_1BL	0	13	1	1	1	0.419	
001_1BL	0	14	1	2	2	0.397	
001_1BL	0	15	2	2	2	0.493	
001_1BL	0	16	1	1	1	0.378	
001_1BL	0	17	1	1	1	0.414	
001_1BL	0	18	2	1	1	0.517	
001_1BL	0	19	1	1	1	0.364	
001_1BL	0	20	2	1	1	0.433	
001_1BL	0	21	2	1	1	0.433	
001_1BL	0	22	1	1	1	0.373	
001_1BL	0	23	1	1	1	0.342	
001_1BL	0	24	1	2	2	0.358	
001_1BL	0	25	1	1	1	0.383	
001_1BL	0	26	2	2	2	0.499	
001_1BL	0	27	2	1	1	0.488	
001_1BL	0	28	1	1	1	0.413	
001_1BL	0	29	2	2	2	0.499	
001_1BL	0	30	1	2	2	0.387	
001_1BL	0	31	2	2	2	0.574	
001_1BL	0	32	1	1	1	0.404	
001_1BL	0	33	2	1	1	0.444	
001_1BL	0	34	2	1	1	0.423	
001_1BL	0	35	1	1	1	0.419	
001_1BL	0	36	2	2	2	0.473	
001_1BL	0	37	1	2	2	0.576	
001_1BL	0	38	1	2	2	0.423	
001_1BL	0	39	1	1	1	0.441	
001_1BL	0	40	2	1	1	0.469	
001_1BL	0	41	2	2	2	0.540	
001_1BL	0	42	1	2	2	0.423	
001_1BL	0	43	1	2	2	0.398	
001_1BL	0	44	2	2	2	0.562	
001_1BL	0	45	1	2	2	0.401	
001_1BL	0	46	1	2	2	0.387	
001_1BL	0	47	2	1	1	0.427	
001_1BL	0	48	1	2	2	0.438	
001_1BL	0	49	2	2	2	0.517	
001_1BL	0	50	2	2	2	0.503	
001_1BL	0	51	1	2	2	0.441	
001_1BL	0	52	1	2	2	0.372	
001_1BL	0	53	2	1	1	0.420	
001_1BL	0	54	2	2	2	0.506	
001_1BL	0	55	1	1	1	0.700	
001_1BL	1	0	1	2	2	0.486	
001_1BL	1	1	1	2	2	0.403	
001_1BL	1	2	1	2	2	0.434	
001_1BL	1	3	2	1	1	0.489	
001_1BL	1	4	2	1	1	0.419	
001_1BL	1	5	1	1	1	0.417	
001_1BL	1	6	2	2	2	0.474	
001_1BL	1	7	1	1	1	0.553	
001_1BL	1	8	1	1	1	0.420	
001_1BL	1	9	2	1	1	0.535	
001_1BL	1	10	1	1	1	0.384	
001_1BL	1	11	2	2	2	0.487	
001_1BL	1	12	2	1	1	0.433	
001_1BL	1	13	1	2	2	0.569	
001_1BL	1	14	1	2	2	0.401	
001_1BL	1	15	1	1	1	0.545	
001_1BL	1	16	2	2	2	0.430	
001_1BL	1	17	1	2	2	0.401	
001_1BL	1	18	1	1	1	0.502	
001_1BL	1	19	2	2	2	0.498	
001_1BL	1	20	2	2	2	0.451	
001_1BL	1	21	1	1	1	0.406	
001_1BL	1	22	2	1	1	0.514	
001_1BL	1	23	2	1	1	0.399	
001_1BL	1	24	1	2	2	0.434	
001_1BL	1	25	1	1	1	0.409	
001_1BL	1	26	1	2	2	0.588	
001_1BL	1	27	1	1	1	0.443	
001_1BL	1	28	2	2	2	0.485	
001_1BL	1	29	2	1	1	0.446	
001_1BL	1	30	2	1	1	0.489	
001_1BL	1	31	2	1	1	0.444	
001_1BL	1	32	2	1	1	0.461	
001_1BL	1	33	1	1	1	0.430	
001_1BL	1	34	1	1	1	0.415	
001_1BL	1	35	1	2	2	0.405	
001_1BL	1	36	2	2	2	0.544	
001_1BL	1	37	1	2	2	0.445	
001_1BL	1	38	2	1	1	0.456	
001_1BL	1	39	2	2	2	0.692	
001_1BL	1	40	2	2	2	0.472	
001_1BL	1	41	2	1	2	0.446	
001_1BL	1	42	1	2	2	0.418	
001_1BL	1	43	2	1	1	0.566	
001_1BL	1	44	2	2	2	0.495	
001_1BL	1	45	1	1	1	0.419	
001_1BL	1	46	2	2	2	0.476	
001_1BL	1	47	2	1	1	0.452	
001_1BL	1	48	1	2	2	0.438	
001_1BL	1	49	1	1	1	0.483	
001_1BL	1	50	2	2	2	0.481	
001_1BL	1	51	1	2	2	0.443	
001_1BL	1	52	1	1	1	0.464	
001_1BL	1	53	2	2	2	0.534	
001_1BL	1	54	1	2	2	0.433	
001_1BL	1	55	2	2	2	0.521	
001_1BL	2	0	1	1	1	0.572	
001_1BL	2	1	1	2	2	0.414	
001_1BL	2	2	1	2	2	0.387	
001_1BL	2	3	2	1	1	0.475	
001_1BL	2	4	2	2	2	0.510	
001_1BL	2	5	2	1	1	0.468	
001_1BL	2	6	1	2	2	0.405	
001_1BL	2	7	2	1	1	0.501	
001_1BL	2	8	2	1	1	0.491	
001_1BL	2	9	1	1	1	0.435	
001_1BL	2	10	2	2	2	0.470	
001_1BL	2	11	1	2	2	0.477	
001_1BL	2	12	2	2	2	0.530	
001_1BL	2	13	1	2	2	0.405	
001_1BL	2	14	2	1	1	0.479	
001_1BL	2	15	2	2	2	0.515	
001_1BL	2	16	1	1	1	0.444	
001_1BL	2	17	1	1	1	0.486	
001_1BL	2	18	2	1	1	0.515	
001_1BL	2	19	2	1	1	0.464	
001_1BL	2	20	1	2	2	0.448	
001_1BL	2	21	1	2	2	0.440	
001_1BL	2	22	2	2	2	0.516	
001_1BL	2	23	1	1	1	0.428	
001_1BL	2	24	2	2	2	0.533	
001_1BL	2	25	2	1	1	0.477	
001_1BL	2	26	2	1	1	0.501	
001_1BL	2	27	2	2	2	0.653	
001_1BL	2	28	1	2	2	0.432	
001_1BL	2	29	1	2	2	0.442	
001_1BL	2	30	1	2	2	0.414	
001_1BL	2	31	1	1	1	0.439	
001_1BL	2	32	1	2	2	0.419	
001_1BL	2	33	1	2	2	0.430	
001_1BL	2	34	2	2	2	0.486	
001_1BL	2	35	2	1	1	0.602	
001_1BL	2	36	1	1	1	0.410	
001_1BL	2	37	1	1	1	0.440	
001_1BL	2	38	1	2	2	0.448	
001_1BL	2	39	1	1	1	0.454	
001_1BL	2	40	2	1	1	0.521	
001_1BL	2	41	2	1	1	0.405	
001_1BL	2	42	2	1	1	0.461	
001_1BL	2	43	1	1	1	0.429	
001_1BL	2	44	1	2	2	0.565	
001_1BL	2	45	1	1	1	0.444	
001_1BL	2	46	2	2	2	0.571	
001_1BL	2	47	1	1	1	0.437	
001_1BL	2	48	2	2	2	0.609	
001_1BL	2	49	2	2	2	0.530	
001_1BL	2	50	1	1	1	0.432	
001_1BL	2	51	2	2	2	0.537	
001_1BL	2	52	2	1	1	0.494	
001_1BL	2	53	1	1	1	0.477	
001_1BL	2	54	2	2	2	0.539	
001_1BL	2	55	2	2	2	0.448	
001_1BL	3	0	1	1	1	0.560	
001_1BL	3	1	2	1	2	0.498	
001_1BL	3	2	1	2	2	0.539	
001_1BL	3	3	2	2	2	0.523	
001_1BL	3	4	1	1	1	0.466	
001_1BL	3	5	1	1	1	0.410	
001_1BL	3	6	2	1	1	0.438	
001_1BL	3	7	1	2	2	0.708	
001_1BL	3	8	1	2	2	0.440	
001_1BL	3	9	2	1	1	0.451	
001_1BL	3	10	2	1	1	0.441	
001_1BL	3	11	2	2	2	0.584	
001_1BL	3	12	1	1	1	0.427	
001_1BL	3	13	2	2	2	0.532	
001_1BL	3	14	1	1	1	0.390	
001_1BL	3	15	1	2	2	0.448	
001_1BL	3	16	1	2	2	0.384	
001_1BL	3	17	1	1	1	0.442	
001_1BL	3	18	2	2	2	0.515	
001_1BL	3	19	2	1	1	0.452	
001_1BL	3	20	2	1	1	0.460	
001_1BL	3	21	2	1	1	0.547	
001_1BL	3	22	1	2	2	0.438	
001_1BL	3	23	2	1	1	0.430	
001_1BL	3	24	2	1	1	0.532	
001_1BL	3	25	1	1	1	0.383	
001_1BL	3	26	2	2	2	0.494	
001_1BL	3	27	1	2	2	0.592	
001_1BL	3	28	1	2	2	0.402	
001_1BL	3	29	1	1	1	0.419	
001_1BL	3	30	2	2	2	0.447	
001_1BL	3	31	1	1	1	0.650	
001_1BL	3	32	1	2	2	0.562	
001_1BL	3	33	2	2	2	0.502	
001_1BL	3	34	2	2	2	0.534	
001_1BL	3	35	2	1	1	0.541	
001_1BL	3	36	2	2	2	0.496	
001_1BL	3	37	2	1	1	0.447	
001_1BL	3	38	1	2	2	0.397	
001_1BL	3	39	1	2	2	0.367	
001_1BL	3	40	2	1	1	0.641	
001_1BL	3	41	1	1	1	0.456	
001_1BL	3	42	2	2	2	0.470	
001_1BL	3	43	1	2	2	0.417	
001_1BL	3	44	2	1	1	0.450	
001_1BL	3	45	2	2	2	0.489	
001_1BL	3	46	1	2	2	0.384	
001_1BL	3	47	2	2	2	0.522	
001_1BL	3	48	2	1	1	0.462	
001_1BL	3	49	1	1	1	0.419	
001_1BL	3	50	1	1	1	0.410	
001_1BL	3	51	2	2	2	0.427	
001_1BL	3	52	1	1	1	0.508	
001_1BL	3	53	1	1	1	0.422	
001_1BL	3	54	2	2	2	0.467	
001_1BL	3	55	1	2	2	0.396	
