sub	block	trial	congr	stim	resp	RT	
016_4PH	0	0	2	2	1	0.477	
016_4PH	0	1	2	2	2	0.580	
016_4PH	0	2	1	1	1	0.377	
016_4PH	0	3	2	1	1	0.461	
016_4PH	0	4	1	2	2	0.459	
016_4PH	0	5	1	2	2	0.457	
016_4PH	0	6	2	2	2	0.396	
016_4PH	0	7	1	2	2	0.481	
016_4PH	0	8	1	1	2	0.315	
016_4PH	0	9	2	1	2	0.347	
016_4PH	0	10	2	1	1	0.586	
016_4PH	0	11	2	2	1	0.510	
016_4PH	0	12	1	1	1	0.452	
016_4PH	0	13	2	2	2	0.420	
016_4PH	0	14	2	2	2	0.410	
016_4PH	0	15	2	1	1	0.456	
016_4PH	0	16	1	1	1	0.415	
016_4PH	0	17	2	1	2	0.345	
016_4PH	0	18	2	2	1	0.641	
016_4PH	0	19	2	1	2	0.850	
016_4PH	0	20	2	1	2	0.572	
016_4PH	0	21	2	1	999	999.000	
016_4PH	0	22	2	1	1	0.552	
016_4PH	0	23	1	2	2	0.373	
016_4PH	0	24	2	2	2	0.483	
016_4PH	0	25	1	2	2	0.373	
016_4PH	0	26	2	1	1	0.545	
016_4PH	0	27	1	2	2	0.448	
016_4PH	0	28	1	1	1	0.440	
016_4PH	0	29	2	2	2	0.468	
016_4PH	0	30	1	2	2	0.310	
016_4PH	0	31	1	2	2	0.293	
016_4PH	0	32	1	1	1	0.414	
016_4PH	0	33	2	1	1	0.487	
016_4PH	0	34	1	1	1	0.306	
016_4PH	0	35	1	1	1	0.319	
016_4PH	0	36	1	2	1	0.258	
016_4PH	0	37	2	2	2	0.494	
016_4PH	0	38	2	1	1	0.464	
016_4PH	0	39	1	1	1	0.367	
016_4PH	0	40	1	2	2	0.370	
016_4PH	0	41	1	2	2	0.311	
016_4PH	0	42	1	1	1	0.419	
016_4PH	0	43	1	1	1	0.327	
016_4PH	0	44	2	1	1	0.273	
016_4PH	0	45	2	2	1	0.291	
016_4PH	0	46	1	1	1	0.415	
016_4PH	0	47	1	1	1	0.292	
016_4PH	0	48	2	2	2	0.422	
016_4PH	0	49	2	2	2	0.296	
016_4PH	0	50	1	2	2	0.313	
016_4PH	0	51	1	2	2	0.354	
016_4PH	0	52	2	2	2	0.415	
016_4PH	0	53	1	2	2	0.333	
016_4PH	0	54	2	1	1	0.537	
016_4PH	0	55	1	1	1	0.291	
016_4PH	1	0	1	1	1	0.407	
016_4PH	1	1	1	2	2	0.404	
016_4PH	1	2	1	2	2	0.296	
016_4PH	1	3	2	2	2	0.000	
016_4PH	1	4	1	2	2	0.390	
016_4PH	1	5	1	1	2	0.490	
016_4PH	1	6	1	1	1	0.452	
016_4PH	1	7	1	1	1	0.325	
016_4PH	1	8	2	2	1	0.387	
016_4PH	1	9	1	1	1	0.335	
016_4PH	1	10	2	2	2	0.479	
016_4PH	1	11	2	1	2	0.318	
016_4PH	1	12	1	2	2	0.429	
016_4PH	1	13	1	1	1	0.416	
016_4PH	1	14	2	1	2	0.384	
016_4PH	1	15	2	2	2	0.400	
016_4PH	1	16	2	2	2	0.488	
016_4PH	1	17	1	2	2	0.343	
016_4PH	1	18	1	2	2	0.358	
016_4PH	1	19	2	1	1	0.464	
016_4PH	1	20	1	2	2	0.433	
016_4PH	1	21	1	1	1	0.418	
016_4PH	1	22	2	1	1	0.459	
016_4PH	1	23	2	1	1	0.438	
016_4PH	1	24	2	1	1	0.465	
016_4PH	1	25	2	2	2	0.504	
016_4PH	1	26	2	2	2	0.482	
016_4PH	1	27	1	1	1	0.449	
016_4PH	1	28	1	1	1	0.372	
016_4PH	1	29	1	2	2	0.416	
016_4PH	1	30	2	2	2	0.462	
016_4PH	1	31	1	2	2	0.419	
016_4PH	1	32	2	1	1	0.445	
016_4PH	1	33	1	1	1	0.387	
016_4PH	1	34	2	2	2	0.427	
016_4PH	1	35	2	2	2	0.328	
016_4PH	1	36	1	1	1	0.396	
016_4PH	1	37	2	1	1	0.465	
016_4PH	1	38	2	2	2	0.445	
016_4PH	1	39	1	2	2	0.360	
016_4PH	1	40	1	2	2	0.321	
016_4PH	1	41	2	2	2	0.417	
016_4PH	1	42	1	2	2	0.299	
016_4PH	1	43	2	1	1	0.524	
016_4PH	1	44	2	2	2	0.437	
016_4PH	1	45	2	1	1	0.447	
016_4PH	1	46	1	2	2	0.392	
016_4PH	1	47	1	1	1	0.426	
016_4PH	1	48	2	1	1	0.499	
016_4PH	1	49	2	1	1	0.473	
016_4PH	1	50	2	2	2	0.457	
016_4PH	1	51	1	2	2	0.425	
016_4PH	1	52	1	1	1	0.383	
016_4PH	1	53	2	1	1	0.335	
016_4PH	1	54	2	1	1	0.396	
016_4PH	1	55	1	1	1	0.309	
016_4PH	2	0	2	2	1	0.389	
016_4PH	2	1	1	1	1	0.377	
016_4PH	2	2	1	2	2	0.546	
016_4PH	2	3	2	2	2	0.458	
016_4PH	2	4	1	2	2	0.329	
016_4PH	2	5	2	1	1	0.452	
016_4PH	2	6	2	2	2	0.446	
016_4PH	2	7	1	1	1	0.380	
016_4PH	2	8	2	1	1	0.472	
016_4PH	2	9	2	2	2	0.472	
016_4PH	2	10	1	1	1	0.409	
016_4PH	2	11	1	2	2	0.430	
016_4PH	2	12	1	1	1	0.411	
016_4PH	2	13	2	1	1	0.478	
016_4PH	2	14	2	2	2	0.477	
016_4PH	2	15	1	2	2	0.418	
016_4PH	2	16	2	2	2	0.477	
016_4PH	2	17	1	2	2	0.376	
016_4PH	2	18	1	1	2	0.477	
016_4PH	2	19	1	1	1	0.407	
016_4PH	2	20	2	1	1	0.488	
016_4PH	2	21	2	2	1	0.279	
016_4PH	2	22	2	1	1	0.432	
016_4PH	2	23	1	1	1	0.333	
016_4PH	2	24	2	2	2	0.584	
016_4PH	2	25	1	1	1	0.375	
016_4PH	2	26	1	1	1	0.285	
016_4PH	2	27	1	2	2	0.409	
016_4PH	2	28	1	1	1	0.394	
016_4PH	2	29	1	1	1	0.289	
016_4PH	2	30	1	1	1	0.284	
016_4PH	2	31	1	2	2	0.455	
016_4PH	2	32	1	1	1	0.369	
016_4PH	2	33	2	1	1	0.380	
016_4PH	2	34	2	2	1	0.303	
016_4PH	2	35	1	2	2	0.536	
016_4PH	2	36	2	1	1	0.479	
016_4PH	2	37	1	2	2	0.383	
016_4PH	2	38	1	2	2	0.351	
016_4PH	2	39	2	1	2	0.410	
016_4PH	2	40	2	1	1	0.468	
016_4PH	2	41	1	2	2	0.428	
016_4PH	2	42	2	2	1	0.418	
016_4PH	2	43	2	2	1	0.377	
016_4PH	2	44	1	2	2	0.381	
016_4PH	2	45	1	1	1	0.401	
016_4PH	2	46	2	2	2	0.505	
016_4PH	2	47	2	1	1	0.519	
016_4PH	2	48	2	1	1	0.326	
016_4PH	2	49	2	1	1	0.405	
016_4PH	2	50	2	2	2	0.440	
016_4PH	2	51	2	2	2	0.489	
016_4PH	2	52	2	1	1	0.462	
016_4PH	2	53	2	1	1	0.360	
016_4PH	2	54	1	2	2	0.436	
016_4PH	2	55	1	2	2	0.364	
016_4PH	3	0	2	2	1	0.362	
016_4PH	3	1	2	2	2	0.441	
016_4PH	3	2	1	2	2	0.313	
016_4PH	3	3	1	2	2	0.276	
016_4PH	3	4	2	1	2	0.270	
016_4PH	3	5	1	2	2	0.351	
016_4PH	3	6	2	2	2	0.399	
016_4PH	3	7	2	2	2	0.303	
016_4PH	3	8	2	2	2	0.412	
016_4PH	3	9	1	1	2	0.448	
016_4PH	3	10	1	2	2	0.340	
016_4PH	3	11	1	1	1	0.417	
016_4PH	3	12	1	2	2	0.328	
016_4PH	3	13	1	1	1	0.365	
016_4PH	3	14	2	2	1	0.302	
016_4PH	3	15	2	1	1	0.448	
016_4PH	3	16	1	1	1	0.375	
016_4PH	3	17	2	2	1	0.438	
016_4PH	3	18	1	1	1	0.327	
016_4PH	3	19	1	1	1	0.353	
016_4PH	3	20	2	1	1	0.458	
016_4PH	3	21	1	1	1	0.322	
016_4PH	3	22	1	2	2	0.385	
016_4PH	3	23	2	1	2	0.473	
016_4PH	3	24	2	2	2	0.460	
016_4PH	3	25	2	2	2	0.307	
016_4PH	3	26	1	2	2	0.294	
016_4PH	3	27	1	2	2	0.247	
016_4PH	3	28	1	1	1	0.456	
016_4PH	3	29	2	1	1	0.410	
016_4PH	3	30	1	2	2	0.431	
016_4PH	3	31	2	1	1	0.450	
016_4PH	3	32	2	1	1	0.474	
016_4PH	3	33	1	1	1	0.310	
016_4PH	3	34	1	2	1	0.325	
016_4PH	3	35	2	2	1	0.312	
016_4PH	3	36	1	2	2	0.448	
016_4PH	3	37	1	1	1	0.445	
016_4PH	3	38	2	1	1	0.448	
016_4PH	3	39	2	1	1	0.436	
016_4PH	3	40	1	2	2	0.386	
016_4PH	3	41	2	1	2	0.183	
016_4PH	3	42	1	1	1	0.364	
016_4PH	3	43	2	2	2	0.421	
016_4PH	3	44	2	1	2	0.438	
016_4PH	3	45	2	1	1	0.418	
016_4PH	3	46	2	1	1	0.417	
016_4PH	3	47	1	1	1	0.324	
016_4PH	3	48	1	2	2	0.415	
016_4PH	3	49	1	2	2	0.364	
016_4PH	3	50	2	1	1	0.414	
016_4PH	3	51	1	1	1	0.301	
016_4PH	3	52	2	2	1	0.278	
016_4PH	3	53	1	1	1	0.375	
016_4PH	3	54	2	2	2	0.422	
016_4PH	3	55	2	2	2	0.423	
