sub	block	trial	congr	stim	resp	RT	
010_3DB	0	0	1	1	1	0.626	
010_3DB	0	1	2	2	2	0.450	
010_3DB	0	2	1	1	1	0.464	
010_3DB	0	3	1	1	1	0.403	
010_3DB	0	4	2	2	2	0.374	
010_3DB	0	5	1	2	2	0.358	
010_3DB	0	6	2	1	1	0.432	
010_3DB	0	7	1	1	1	0.368	
010_3DB	0	8	1	2	2	0.404	
010_3DB	0	9	2	1	1	0.429	
010_3DB	0	10	2	1	1	0.436	
010_3DB	0	11	2	2	2	0.358	
010_3DB	0	12	1	1	1	0.327	
010_3DB	0	13	2	2	2	0.386	
010_3DB	0	14	2	2	2	0.433	
010_3DB	0	15	2	2	2	0.475	
010_3DB	0	16	1	1	1	0.354	
010_3DB	0	17	2	1	1	0.419	
010_3DB	0	18	2	1	1	0.450	
010_3DB	0	19	1	2	2	0.389	
010_3DB	0	20	1	2	2	0.360	
010_3DB	0	21	1	2	2	0.387	
010_3DB	0	22	2	1	1	0.436	
010_3DB	0	23	1	1	1	0.447	
010_3DB	0	24	2	1	1	0.512	
010_3DB	0	25	1	1	1	0.437	
010_3DB	0	26	1	2	2	0.320	
010_3DB	0	27	2	2	2	0.394	
010_3DB	0	28	1	1	1	0.335	
010_3DB	0	29	2	1	1	0.406	
010_3DB	0	30	1	2	2	0.433	
010_3DB	0	31	2	1	1	0.457	
010_3DB	0	32	1	2	2	0.407	
010_3DB	0	33	2	2	2	0.413	
010_3DB	0	34	1	2	2	0.383	
010_3DB	0	35	1	1	1	0.359	
010_3DB	0	36	2	2	2	0.482	
010_3DB	0	37	2	1	1	0.386	
010_3DB	0	38	2	2	2	0.395	
010_3DB	0	39	1	2	2	0.369	
010_3DB	0	40	2	1	1	0.370	
010_3DB	0	41	2	2	2	0.419	
010_3DB	0	42	1	1	1	0.355	
010_3DB	0	43	2	1	1	0.484	
010_3DB	0	44	1	2	2	0.364	
010_3DB	0	45	1	1	1	0.413	
010_3DB	0	46	1	2	2	0.366	
010_3DB	0	47	1	1	1	0.336	
010_3DB	0	48	1	2	2	0.389	
010_3DB	0	49	2	1	1	0.420	
010_3DB	0	50	1	1	1	0.390	
010_3DB	0	51	2	2	2	0.489	
010_3DB	0	52	1	2	2	0.402	
010_3DB	0	53	2	2	2	0.463	
010_3DB	0	54	2	1	1	0.342	
010_3DB	0	55	2	2	2	0.390	
010_3DB	1	0	2	1	1	0.487	
010_3DB	1	1	1	1	1	0.362	
010_3DB	1	2	2	1	1	0.526	
010_3DB	1	3	1	2	2	0.353	
010_3DB	1	4	1	1	1	0.413	
010_3DB	1	5	1	2	2	0.384	
010_3DB	1	6	2	1	1	0.358	
010_3DB	1	7	2	1	1	0.392	
010_3DB	1	8	1	1	1	0.420	
010_3DB	1	9	2	2	2	0.413	
010_3DB	1	10	1	2	2	0.407	
010_3DB	1	11	2	2	2	0.396	
010_3DB	1	12	1	2	2	0.366	
010_3DB	1	13	2	1	1	0.426	
010_3DB	1	14	1	1	1	0.383	
010_3DB	1	15	1	2	2	0.381	
010_3DB	1	16	1	1	1	0.366	
010_3DB	1	17	2	1	1	0.429	
010_3DB	1	18	2	1	1	0.345	
010_3DB	1	19	1	1	1	0.333	
010_3DB	1	20	2	1	1	0.377	
010_3DB	1	21	1	2	2	0.456	
010_3DB	1	22	2	2	2	0.425	
010_3DB	1	23	2	1	1	0.405	
010_3DB	1	24	1	1	1	0.354	
010_3DB	1	25	1	1	1	0.346	
010_3DB	1	26	2	2	2	0.409	
010_3DB	1	27	2	2	2	0.421	
010_3DB	1	28	1	2	2	0.362	
010_3DB	1	29	1	1	1	0.339	
010_3DB	1	30	1	2	2	0.430	
010_3DB	1	31	2	2	2	0.419	
010_3DB	1	32	1	1	1	0.378	
010_3DB	1	33	1	2	2	0.576	
010_3DB	1	34	1	1	1	0.338	
010_3DB	1	35	2	1	1	0.460	
010_3DB	1	36	1	2	2	0.371	
010_3DB	1	37	2	2	2	0.471	
010_3DB	1	38	2	2	2	0.439	
010_3DB	1	39	2	1	1	0.412	
010_3DB	1	40	1	1	1	0.361	
010_3DB	1	41	2	2	2	0.436	
010_3DB	1	42	2	1	1	0.398	
010_3DB	1	43	2	1	1	0.458	
010_3DB	1	44	2	2	2	0.404	
010_3DB	1	45	2	2	2	0.434	
010_3DB	1	46	1	2	2	0.330	
010_3DB	1	47	2	1	1	0.340	
010_3DB	1	48	1	1	1	0.400	
010_3DB	1	49	1	2	2	0.398	
010_3DB	1	50	1	2	2	0.380	
010_3DB	1	51	2	2	2	0.427	
010_3DB	1	52	2	2	2	0.432	
010_3DB	1	53	1	2	2	0.439	
010_3DB	1	54	2	2	2	0.431	
010_3DB	1	55	1	1	1	0.418	
010_3DB	2	0	1	2	2	0.394	
010_3DB	2	1	1	2	2	0.353	
010_3DB	2	2	2	2	2	0.411	
010_3DB	2	3	1	2	2	0.384	
010_3DB	2	4	1	2	2	0.443	
010_3DB	2	5	2	1	1	0.392	
010_3DB	2	6	2	2	2	0.429	
010_3DB	2	7	2	2	2	0.384	
010_3DB	2	8	2	2	2	0.402	
010_3DB	2	9	1	1	1	0.450	
010_3DB	2	10	2	1	1	0.414	
010_3DB	2	11	2	2	2	0.487	
010_3DB	2	12	2	1	1	0.502	
010_3DB	2	13	1	1	1	0.378	
010_3DB	2	14	1	1	1	0.462	
010_3DB	2	15	2	1	1	0.496	
010_3DB	2	16	1	1	1	0.401	
010_3DB	2	17	2	1	1	0.416	
010_3DB	2	18	2	1	1	0.445	
010_3DB	2	19	1	2	2	0.433	
010_3DB	2	20	2	1	1	0.409	
010_3DB	2	21	2	1	1	0.428	
010_3DB	2	22	2	2	2	0.525	
010_3DB	2	23	2	1	1	0.489	
010_3DB	2	24	2	2	2	0.335	
010_3DB	2	25	2	2	2	0.442	
010_3DB	2	26	1	2	2	0.361	
010_3DB	2	27	1	2	2	0.357	
010_3DB	2	28	2	2	2	0.398	
010_3DB	2	29	1	2	2	0.437	
010_3DB	2	30	2	2	2	0.436	
010_3DB	2	31	1	1	1	0.366	
010_3DB	2	32	2	1	1	0.457	
010_3DB	2	33	1	1	1	0.388	
010_3DB	2	34	1	1	1	0.587	
010_3DB	2	35	1	1	1	0.396	
010_3DB	2	36	2	1	1	0.343	
010_3DB	2	37	2	1	1	0.435	
010_3DB	2	38	2	2	2	0.479	
010_3DB	2	39	1	1	1	0.391	
010_3DB	2	40	1	2	2	0.419	
010_3DB	2	41	2	1	1	0.411	
010_3DB	2	42	2	2	2	0.427	
010_3DB	2	43	1	1	1	0.343	
010_3DB	2	44	1	2	2	0.480	
010_3DB	2	45	2	2	2	0.525	
010_3DB	2	46	1	1	1	0.377	
010_3DB	2	47	1	1	1	0.350	
010_3DB	2	48	1	2	2	0.420	
010_3DB	2	49	1	2	2	0.384	
010_3DB	2	50	1	1	1	0.318	
010_3DB	2	51	1	2	2	0.395	
010_3DB	2	52	1	2	2	0.348	
010_3DB	2	53	1	1	1	0.351	
010_3DB	2	54	2	1	1	0.427	
010_3DB	2	55	2	2	2	0.429	
010_3DB	3	0	2	2	2	0.461	
010_3DB	3	1	1	2	2	0.360	
010_3DB	3	2	1	1	1	0.339	
010_3DB	3	3	1	2	2	0.379	
010_3DB	3	4	2	1	1	0.330	
010_3DB	3	5	2	2	2	0.353	
010_3DB	3	6	1	1	1	0.419	
010_3DB	3	7	1	2	2	0.357	
010_3DB	3	8	1	1	1	0.344	
010_3DB	3	9	1	1	1	0.388	
010_3DB	3	10	2	1	2	0.314	
010_3DB	3	11	2	2	2	0.396	
010_3DB	3	12	1	1	1	0.361	
010_3DB	3	13	2	1	1	0.459	
010_3DB	3	14	1	1	1	0.393	
010_3DB	3	15	2	2	2	0.391	
010_3DB	3	16	1	1	1	0.407	
010_3DB	3	17	1	2	2	0.353	
010_3DB	3	18	2	1	1	0.420	
010_3DB	3	19	1	1	1	0.406	
010_3DB	3	20	2	2	2	0.455	
010_3DB	3	21	1	2	2	0.397	
010_3DB	3	22	1	2	2	0.411	
010_3DB	3	23	1	1	1	0.344	
010_3DB	3	24	1	2	2	0.419	
010_3DB	3	25	2	2	2	0.443	
010_3DB	3	26	2	1	1	0.377	
010_3DB	3	27	2	2	2	0.388	
010_3DB	3	28	2	2	2	0.424	
010_3DB	3	29	2	1	1	0.460	
010_3DB	3	30	1	2	2	0.400	
010_3DB	3	31	2	1	1	0.398	
010_3DB	3	32	2	2	2	0.404	
010_3DB	3	33	1	2	2	0.387	
010_3DB	3	34	1	2	2	0.392	
010_3DB	3	35	1	1	1	0.374	
010_3DB	3	36	1	1	1	0.466	
010_3DB	3	37	2	1	1	0.526	
010_3DB	3	38	2	1	1	0.503	
010_3DB	3	39	2	1	1	0.430	
010_3DB	3	40	2	2	2	0.404	
010_3DB	3	41	2	1	1	0.536	
010_3DB	3	42	1	1	1	0.363	
010_3DB	3	43	1	2	2	0.435	
010_3DB	3	44	1	2	2	0.373	
010_3DB	3	45	2	1	1	0.421	
010_3DB	3	46	2	1	1	0.398	
010_3DB	3	47	1	1	1	0.354	
010_3DB	3	48	2	2	2	0.396	
010_3DB	3	49	2	2	2	0.435	
010_3DB	3	50	1	2	2	0.367	
010_3DB	3	51	2	2	2	0.454	
010_3DB	3	52	1	2	2	0.384	
010_3DB	3	53	1	1	1	0.356	
010_3DB	3	54	2	2	2	0.426	
010_3DB	3	55	2	1	1	0.486	
