sub	block	trial	congr	stim	resp	RT	
014_5LB	0	0	1	2	2	0.355	
014_5LB	0	1	1	1	1	0.391	
014_5LB	0	2	1	2	2	0.428	
014_5LB	0	3	2	1	1	0.453	
014_5LB	0	4	2	2	2	0.405	
014_5LB	0	5	1	1	1	0.357	
014_5LB	0	6	1	2	2	0.358	
014_5LB	0	7	1	1	1	0.479	
014_5LB	0	8	1	2	2	0.355	
014_5LB	0	9	1	2	1	0.249	
014_5LB	0	10	1	1	1	0.265	
014_5LB	0	11	1	1	1	0.351	
014_5LB	0	12	1	2	2	0.353	
014_5LB	0	13	1	2	2	0.379	
014_5LB	0	14	2	1	2	0.324	
014_5LB	0	15	1	2	2	0.341	
014_5LB	0	16	2	2	1	0.354	
014_5LB	0	17	2	2	2	0.423	
014_5LB	0	18	2	1	1	0.467	
014_5LB	0	19	2	1	1	0.394	
014_5LB	0	20	1	1	1	0.339	
014_5LB	0	21	1	1	1	0.372	
014_5LB	0	22	2	2	2	0.401	
014_5LB	0	23	1	1	1	0.363	
014_5LB	0	24	2	2	2	0.490	
014_5LB	0	25	2	2	2	0.600	
014_5LB	0	26	1	1	1	0.361	
014_5LB	0	27	2	2	2	0.397	
014_5LB	0	28	2	1	1	0.455	
014_5LB	0	29	1	2	2	0.328	
014_5LB	0	30	2	1	1	0.404	
014_5LB	0	31	2	2	2	0.338	
014_5LB	0	32	2	1	1	0.417	
014_5LB	0	33	2	2	2	0.385	
014_5LB	0	34	1	2	2	0.359	
014_5LB	0	35	1	1	1	0.373	
014_5LB	0	36	1	1	1	0.361	
014_5LB	0	37	2	2	1	0.336	
014_5LB	0	38	2	1	1	0.446	
014_5LB	0	39	1	2	2	0.328	
014_5LB	0	40	2	2	2	0.423	
014_5LB	0	41	2	1	1	0.314	
014_5LB	0	42	2	1	1	0.409	
014_5LB	0	43	1	1	1	0.321	
014_5LB	0	44	2	2	2	0.401	
014_5LB	0	45	2	1	1	0.429	
014_5LB	0	46	1	1	1	0.295	
014_5LB	0	47	2	2	2	0.393	
014_5LB	0	48	2	1	1	0.377	
014_5LB	0	49	2	1	1	0.422	
014_5LB	0	50	1	2	2	0.346	
014_5LB	0	51	2	2	2	0.329	
014_5LB	0	52	1	1	1	0.346	
014_5LB	0	53	2	1	2	0.356	
014_5LB	0	54	1	2	2	0.355	
014_5LB	0	55	1	2	2	0.353	
014_5LB	1	0	2	1	1	0.472	
014_5LB	1	1	2	1	1	0.495	
014_5LB	1	2	2	2	1	0.319	
014_5LB	1	3	1	2	2	0.373	
014_5LB	1	4	2	2	2	0.435	
014_5LB	1	5	2	2	2	0.425	
014_5LB	1	6	1	2	2	0.327	
014_5LB	1	7	2	2	2	0.362	
014_5LB	1	8	1	1	1	0.397	
014_5LB	1	9	1	2	2	0.544	
014_5LB	1	10	2	2	2	0.414	
014_5LB	1	11	1	2	2	0.373	
014_5LB	1	12	1	2	2	0.312	
014_5LB	1	13	1	1	1	0.383	
014_5LB	1	14	2	1	1	0.414	
014_5LB	1	15	1	1	1	0.326	
014_5LB	1	16	2	1	2	0.361	
014_5LB	1	17	1	2	2	0.372	
014_5LB	1	18	2	1	1	0.415	
014_5LB	1	19	2	1	1	0.382	
014_5LB	1	20	1	1	1	0.336	
014_5LB	1	21	2	2	2	0.393	
014_5LB	1	22	1	1	1	0.355	
014_5LB	1	23	2	1	1	0.408	
014_5LB	1	24	2	1	1	0.338	
014_5LB	1	25	2	1	1	0.359	
014_5LB	1	26	2	2	1	0.321	
014_5LB	1	27	2	2	2	0.398	
014_5LB	1	28	1	1	1	0.493	
014_5LB	1	29	2	1	1	0.409	
014_5LB	1	30	1	1	1	0.360	
014_5LB	1	31	1	1	1	0.354	
014_5LB	1	32	1	1	1	0.365	
014_5LB	1	33	1	2	2	0.393	
014_5LB	1	34	2	1	1	0.394	
014_5LB	1	35	2	1	1	0.397	
014_5LB	1	36	1	2	2	0.353	
014_5LB	1	37	1	2	2	0.331	
014_5LB	1	38	1	2	2	0.295	
014_5LB	1	39	1	2	2	0.355	
014_5LB	1	40	2	1	2	0.295	
014_5LB	1	41	2	2	2	0.459	
014_5LB	1	42	2	2	2	0.408	
014_5LB	1	43	2	2	2	0.419	
014_5LB	1	44	1	1	1	0.388	
014_5LB	1	45	1	2	2	0.386	
014_5LB	1	46	2	2	2	0.424	
014_5LB	1	47	2	2	2	0.438	
014_5LB	1	48	1	1	1	0.360	
014_5LB	1	49	1	2	2	0.399	
014_5LB	1	50	1	1	1	0.508	
014_5LB	1	51	1	2	2	0.378	
014_5LB	1	52	1	1	1	0.396	
014_5LB	1	53	2	1	1	0.496	
014_5LB	1	54	1	1	1	0.371	
014_5LB	1	55	2	2	2	0.423	
014_5LB	2	0	1	2	2	0.366	
014_5LB	2	1	1	1	1	0.426	
014_5LB	2	2	2	2	2	0.417	
014_5LB	2	3	1	2	2	0.348	
014_5LB	2	4	2	2	2	0.389	
014_5LB	2	5	1	1	1	0.384	
014_5LB	2	6	2	2	2	0.437	
014_5LB	2	7	1	1	1	0.366	
014_5LB	2	8	1	2	2	0.340	
014_5LB	2	9	2	1	1	0.416	
014_5LB	2	10	1	2	2	0.352	
014_5LB	2	11	2	1	1	0.370	
014_5LB	2	12	1	2	2	0.378	
014_5LB	2	13	1	1	1	0.369	
014_5LB	2	14	1	1	1	0.333	
014_5LB	2	15	2	2	1	0.334	
014_5LB	2	16	1	1	1	0.341	
014_5LB	2	17	2	2	2	0.391	
014_5LB	2	18	1	2	2	0.371	
014_5LB	2	19	1	1	1	0.389	
014_5LB	2	20	1	2	2	0.331	
014_5LB	2	21	2	2	2	0.367	
014_5LB	2	22	1	1	1	0.361	
014_5LB	2	23	2	2	2	0.496	
014_5LB	2	24	2	1	1	0.525	
014_5LB	2	25	1	2	2	0.382	
014_5LB	2	26	1	1	1	0.347	
014_5LB	2	27	2	1	1	0.409	
014_5LB	2	28	2	1	1	0.311	
014_5LB	2	29	2	1	1	0.456	
014_5LB	2	30	2	1	1	0.308	
014_5LB	2	31	1	1	1	0.306	
014_5LB	2	32	2	2	2	0.448	
014_5LB	2	33	2	2	2	0.374	
014_5LB	2	34	1	1	2	0.335	
014_5LB	2	35	2	2	2	0.360	
014_5LB	2	36	1	1	1	0.334	
014_5LB	2	37	2	1	2	0.377	
014_5LB	2	38	2	1	1	0.334	
014_5LB	2	39	1	2	2	0.415	
014_5LB	2	40	1	2	2	0.384	
014_5LB	2	41	1	2	2	0.382	
014_5LB	2	42	2	2	2	0.428	
014_5LB	2	43	1	1	1	0.443	
014_5LB	2	44	1	2	2	0.318	
014_5LB	2	45	2	2	2	0.436	
014_5LB	2	46	2	1	2	0.358	
014_5LB	2	47	2	1	1	0.428	
014_5LB	2	48	2	2	2	0.393	
014_5LB	2	49	2	1	1	0.450	
014_5LB	2	50	2	2	2	0.453	
014_5LB	2	51	1	2	2	0.348	
014_5LB	2	52	1	2	2	0.363	
014_5LB	2	53	2	1	1	0.472	
014_5LB	2	54	1	1	1	0.361	
014_5LB	2	55	2	1	1	0.402	
014_5LB	3	0	2	1	1	0.591	
014_5LB	3	1	2	2	2	0.406	
014_5LB	3	2	1	1	1	0.345	
014_5LB	3	3	1	2	2	0.378	
014_5LB	3	4	1	1	1	0.374	
014_5LB	3	5	2	2	2	0.407	
014_5LB	3	6	2	2	2	0.339	
014_5LB	3	7	2	2	2	0.432	
014_5LB	3	8	1	2	2	0.349	
014_5LB	3	9	2	1	1	0.376	
014_5LB	3	10	1	1	1	0.364	
014_5LB	3	11	1	2	2	0.359	
014_5LB	3	12	1	2	2	0.344	
014_5LB	3	13	2	1	2	0.293	
014_5LB	3	14	2	2	2	0.419	
014_5LB	3	15	2	2	2	0.400	
014_5LB	3	16	1	1	1	0.403	
014_5LB	3	17	1	1	1	0.346	
014_5LB	3	18	2	2	2	0.515	
014_5LB	3	19	2	1	2	0.404	
014_5LB	3	20	2	2	2	0.390	
014_5LB	3	21	1	1	1	0.338	
014_5LB	3	22	1	2	2	0.349	
014_5LB	3	23	1	1	1	0.354	
014_5LB	3	24	1	2	2	0.355	
014_5LB	3	25	2	1	1	0.575	
014_5LB	3	26	1	1	1	0.360	
014_5LB	3	27	1	2	2	0.375	
014_5LB	3	28	2	1	1	0.469	
014_5LB	3	29	1	1	1	0.396	
014_5LB	3	30	1	2	2	0.403	
014_5LB	3	31	2	2	2	0.540	
014_5LB	3	32	2	1	1	0.458	
014_5LB	3	33	2	1	1	0.411	
014_5LB	3	34	1	1	1	0.390	
014_5LB	3	35	2	2	1	0.357	
014_5LB	3	36	2	1	1	0.423	
014_5LB	3	37	2	1	1	0.395	
014_5LB	3	38	2	1	1	0.428	
014_5LB	3	39	1	1	1	0.334	
014_5LB	3	40	2	1	1	0.379	
014_5LB	3	41	1	1	1	0.383	
014_5LB	3	42	1	2	2	0.300	
014_5LB	3	43	2	2	2	0.441	
014_5LB	3	44	1	1	1	0.410	
014_5LB	3	45	2	2	2	0.434	
014_5LB	3	46	1	2	2	0.327	
014_5LB	3	47	1	2	2	0.328	
014_5LB	3	48	2	1	1	0.474	
014_5LB	3	49	1	2	2	0.398	
014_5LB	3	50	2	2	1	0.370	
014_5LB	3	51	1	2	2	0.308	
014_5LB	3	52	1	1	1	0.414	
014_5LB	3	53	2	2	2	0.402	
014_5LB	3	54	1	2	2	0.366	
014_5LB	3	55	2	1	1	0.476	
