sub	block	trial	congr	stim	resp	RT	
009_1KM	0	0	1	1	1	0.652	
009_1KM	0	1	1	1	1	0.484	
009_1KM	0	2	2	1	1	0.736	
009_1KM	0	3	2	2	2	0.600	
009_1KM	0	4	2	1	1	0.646	
009_1KM	0	5	2	2	2	0.592	
009_1KM	0	6	1	2	2	0.864	
009_1KM	0	7	2	1	1	0.666	
009_1KM	0	8	1	1	1	0.520	
009_1KM	0	9	1	1	1	0.494	
009_1KM	0	10	1	1	1	0.499	
009_1KM	0	11	2	2	2	0.623	
009_1KM	0	12	1	2	2	0.618	
009_1KM	0	13	2	2	2	0.675	
009_1KM	0	14	2	2	2	0.660	
009_1KM	0	15	1	2	2	0.555	
009_1KM	0	16	2	2	2	0.663	
009_1KM	0	17	2	2	2	0.625	
009_1KM	0	18	2	1	1	0.705	
009_1KM	0	19	1	2	2	0.580	
009_1KM	0	20	1	2	2	0.487	
009_1KM	0	21	1	2	2	0.453	
009_1KM	0	22	1	2	2	0.537	
009_1KM	0	23	1	2	2	0.572	
009_1KM	0	24	1	2	2	0.621	
009_1KM	0	25	2	2	2	0.617	
009_1KM	0	26	2	1	1	0.672	
009_1KM	0	27	2	1	1	0.670	
009_1KM	0	28	2	1	1	0.591	
009_1KM	0	29	2	1	1	0.543	
009_1KM	0	30	2	2	2	0.591	
009_1KM	0	31	1	1	1	0.521	
009_1KM	0	32	1	2	2	0.513	
009_1KM	0	33	1	1	1	0.487	
009_1KM	0	34	1	1	1	0.460	
009_1KM	0	35	2	1	1	0.605	
009_1KM	0	36	2	2	2	0.536	
009_1KM	0	37	1	2	2	0.519	
009_1KM	0	38	2	1	1	0.655	
009_1KM	0	39	2	2	2	0.599	
009_1KM	0	40	1	1	1	0.546	
009_1KM	0	41	1	1	1	0.556	
009_1KM	0	42	1	1	1	0.494	
009_1KM	0	43	1	2	2	0.525	
009_1KM	0	44	2	1	1	0.588	
009_1KM	0	45	2	2	2	0.626	
009_1KM	0	46	2	1	1	0.551	
009_1KM	0	47	1	2	2	0.567	
009_1KM	0	48	2	1	1	0.649	
009_1KM	0	49	2	2	2	0.591	
009_1KM	0	50	1	1	1	0.507	
009_1KM	0	51	1	1	1	0.464	
009_1KM	0	52	1	2	2	0.519	
009_1KM	0	53	2	1	1	0.596	
009_1KM	0	54	1	1	1	0.538	
009_1KM	0	55	2	2	2	0.522	
009_1KM	1	0	2	1	1	0.755	
009_1KM	1	1	1	2	2	0.699	
009_1KM	1	2	1	1	1	0.550	
009_1KM	1	3	1	1	1	0.507	
009_1KM	1	4	1	2	2	0.594	
009_1KM	1	5	2	1	1	0.522	
009_1KM	1	6	1	1	1	0.475	
009_1KM	1	7	1	2	2	0.569	
009_1KM	1	8	2	1	1	0.579	
009_1KM	1	9	2	2	2	0.630	
009_1KM	1	10	2	1	1	0.740	
009_1KM	1	11	2	1	1	0.649	
009_1KM	1	12	1	2	2	0.565	
009_1KM	1	13	1	2	2	0.641	
009_1KM	1	14	1	2	2	0.480	
009_1KM	1	15	2	1	1	0.605	
009_1KM	1	16	2	1	1	0.580	
009_1KM	1	17	2	1	1	0.605	
009_1KM	1	18	2	2	2	0.613	
009_1KM	1	19	1	1	1	0.537	
009_1KM	1	20	2	1	1	0.575	
009_1KM	1	21	2	2	2	0.549	
009_1KM	1	22	2	2	2	0.660	
009_1KM	1	23	1	1	1	0.534	
009_1KM	1	24	1	1	1	0.466	
009_1KM	1	25	1	1	1	0.490	
009_1KM	1	26	1	1	1	0.528	
009_1KM	1	27	2	2	2	0.826	
009_1KM	1	28	2	2	2	0.701	
009_1KM	1	29	2	1	1	0.869	
009_1KM	1	30	2	2	2	0.622	
009_1KM	1	31	2	1	1	0.655	
009_1KM	1	32	2	1	1	0.516	
009_1KM	1	33	1	2	2	0.547	
009_1KM	1	34	2	2	2	0.639	
009_1KM	1	35	1	2	2	0.538	
009_1KM	1	36	1	2	2	0.543	
009_1KM	1	37	1	2	2	0.460	
009_1KM	1	38	1	1	1	0.586	
009_1KM	1	39	1	1	1	0.460	
009_1KM	1	40	1	2	2	0.576	
009_1KM	1	41	1	1	1	0.515	
009_1KM	1	42	2	2	2	0.659	
009_1KM	1	43	1	2	2	0.520	
009_1KM	1	44	1	2	2	0.540	
009_1KM	1	45	2	1	1	0.629	
009_1KM	1	46	1	1	1	0.525	
009_1KM	1	47	1	1	1	0.471	
009_1KM	1	48	1	2	2	0.672	
009_1KM	1	49	2	2	2	0.571	
009_1KM	1	50	1	1	1	0.512	
009_1KM	1	51	2	2	2	0.656	
009_1KM	1	52	2	2	2	0.609	
009_1KM	1	53	2	2	2	0.696	
009_1KM	1	54	2	2	2	0.594	
009_1KM	1	55	2	1	1	0.616	
009_1KM	2	0	2	2	2	0.656	
009_1KM	2	1	2	1	1	0.621	
009_1KM	2	2	1	2	2	0.525	
009_1KM	2	3	1	1	1	0.472	
009_1KM	2	4	2	1	1	0.582	
009_1KM	2	5	1	1	1	0.515	
009_1KM	2	6	1	1	1	0.472	
009_1KM	2	7	1	2	2	0.504	
009_1KM	2	8	2	1	1	0.602	
009_1KM	2	9	2	1	1	0.498	
009_1KM	2	10	2	2	2	0.609	
009_1KM	2	11	2	2	2	0.593	
009_1KM	2	12	1	1	1	0.518	
009_1KM	2	13	1	1	1	0.532	
009_1KM	2	14	2	2	2	0.607	
009_1KM	2	15	2	2	2	0.622	
009_1KM	2	16	1	2	2	0.580	
009_1KM	2	17	1	1	1	0.742	
009_1KM	2	18	2	1	1	0.667	
009_1KM	2	19	1	1	1	0.471	
009_1KM	2	20	1	1	1	0.550	
009_1KM	2	21	1	2	2	0.527	
009_1KM	2	22	1	1	1	0.659	
009_1KM	2	23	1	2	2	0.577	
009_1KM	2	24	2	1	1	0.575	
009_1KM	2	25	1	1	1	0.419	
009_1KM	2	26	1	1	1	0.463	
009_1KM	2	27	1	2	2	0.545	
009_1KM	2	28	1	2	2	0.526	
009_1KM	2	29	2	1	1	0.559	
009_1KM	2	30	2	2	2	0.661	
009_1KM	2	31	2	1	1	0.567	
009_1KM	2	32	1	2	2	0.531	
009_1KM	2	33	2	2	2	0.588	
009_1KM	2	34	2	1	1	0.535	
009_1KM	2	35	1	2	2	0.495	
009_1KM	2	36	1	2	2	0.482	
009_1KM	2	37	1	1	1	0.485	
009_1KM	2	38	1	2	2	0.550	
009_1KM	2	39	1	1	1	0.517	
009_1KM	2	40	2	2	2	0.664	
009_1KM	2	41	2	2	2	0.586	
009_1KM	2	42	1	1	1	0.503	
009_1KM	2	43	2	1	1	0.598	
009_1KM	2	44	2	1	1	0.538	
009_1KM	2	45	2	2	2	0.523	
009_1KM	2	46	2	2	2	0.657	
009_1KM	2	47	1	2	2	0.589	
009_1KM	2	48	1	2	2	0.485	
009_1KM	2	49	2	1	1	0.627	
009_1KM	2	50	2	2	2	0.715	
009_1KM	2	51	2	2	2	0.632	
009_1KM	2	52	1	2	2	0.534	
009_1KM	2	53	2	2	2	0.637	
009_1KM	2	54	2	1	1	0.619	
009_1KM	2	55	2	1	1	0.604	
009_1KM	3	0	1	2	2	0.672	
009_1KM	3	1	1	2	2	0.494	
009_1KM	3	2	2	1	1	0.633	
009_1KM	3	3	2	2	2	0.624	
009_1KM	3	4	1	1	1	0.506	
009_1KM	3	5	1	1	1	0.478	
009_1KM	3	6	1	2	2	0.499	
009_1KM	3	7	1	1	1	0.493	
009_1KM	3	8	1	1	1	0.380	
009_1KM	3	9	2	2	2	0.640	
009_1KM	3	10	2	1	1	0.493	
009_1KM	3	11	2	2	2	0.516	
009_1KM	3	12	2	1	1	0.523	
009_1KM	3	13	1	2	2	0.508	
009_1KM	3	14	2	2	2	0.637	
009_1KM	3	15	1	1	1	0.538	
009_1KM	3	16	1	2	2	0.547	
009_1KM	3	17	1	1	1	0.514	
009_1KM	3	18	1	1	1	0.544	
009_1KM	3	19	2	2	2	0.590	
009_1KM	3	20	1	2	2	0.505	
009_1KM	3	21	1	2	2	0.564	
009_1KM	3	22	1	1	1	0.534	
009_1KM	3	23	2	2	2	0.562	
009_1KM	3	24	1	1	1	0.544	
009_1KM	3	25	1	2	2	0.525	
009_1KM	3	26	2	1	1	0.582	
009_1KM	3	27	1	2	2	0.491	
009_1KM	3	28	1	2	2	0.513	
009_1KM	3	29	1	2	2	0.456	
009_1KM	3	30	1	1	1	0.504	
009_1KM	3	31	2	2	2	0.605	
009_1KM	3	32	2	2	2	0.582	
009_1KM	3	33	2	2	2	0.606	
009_1KM	3	34	2	2	2	0.609	
009_1KM	3	35	2	2	2	0.616	
009_1KM	3	36	2	1	1	0.671	
009_1KM	3	37	2	2	2	0.707	
009_1KM	3	38	2	1	1	0.588	
009_1KM	3	39	1	2	2	0.490	
009_1KM	3	40	1	2	2	0.481	
009_1KM	3	41	2	1	1	0.613	
009_1KM	3	42	1	1	1	0.581	
009_1KM	3	43	1	1	1	0.552	
009_1KM	3	44	2	2	2	0.679	
009_1KM	3	45	2	1	1	0.730	
009_1KM	3	46	2	1	1	0.619	
009_1KM	3	47	1	2	2	0.531	
009_1KM	3	48	2	1	1	0.670	
009_1KM	3	49	1	1	1	0.489	
009_1KM	3	50	1	1	1	0.505	
009_1KM	3	51	2	2	2	0.632	
009_1KM	3	52	2	1	1	0.583	
009_1KM	3	53	2	1	1	0.583	
009_1KM	3	54	2	1	1	0.515	
009_1KM	3	55	2	1	1	0.597	
