sub	block	trial	congr	stim	resp	RT	
010_2NM	0	0	1	1	1	0.649	
010_2NM	0	1	2	2	2	0.488	
010_2NM	0	2	2	2	2	0.473	
010_2NM	0	3	1	2	2	0.376	
010_2NM	0	4	2	1	1	0.474	
010_2NM	0	5	2	1	1	0.524	
010_2NM	0	6	2	2	2	0.459	
010_2NM	0	7	2	2	2	0.466	
010_2NM	0	8	2	2	2	0.393	
010_2NM	0	9	2	2	2	0.415	
010_2NM	0	10	2	1	1	0.450	
010_2NM	0	11	2	2	2	0.475	
010_2NM	0	12	1	1	1	0.362	
010_2NM	0	13	2	1	1	0.444	
010_2NM	0	14	1	1	1	0.416	
010_2NM	0	15	1	2	2	0.346	
010_2NM	0	16	1	1	1	0.325	
010_2NM	0	17	2	2	2	0.403	
010_2NM	0	18	1	1	1	0.355	
010_2NM	0	19	2	1	1	0.467	
010_2NM	0	20	1	1	1	0.407	
010_2NM	0	21	2	1	1	0.609	
010_2NM	0	22	1	1	1	0.369	
010_2NM	0	23	1	2	2	0.382	
010_2NM	0	24	2	1	1	0.438	
010_2NM	0	25	1	2	2	0.565	
010_2NM	0	26	2	2	2	0.438	
010_2NM	0	27	1	2	2	0.416	
010_2NM	0	28	2	2	2	0.423	
010_2NM	0	29	2	1	1	0.341	
010_2NM	0	30	2	1	1	0.323	
010_2NM	0	31	1	1	1	0.321	
010_2NM	0	32	1	1	1	0.335	
010_2NM	0	33	2	2	1	0.387	
010_2NM	0	34	1	1	1	0.353	
010_2NM	0	35	1	1	1	0.378	
010_2NM	0	36	1	2	2	0.353	
010_2NM	0	37	1	2	2	0.423	
010_2NM	0	38	1	2	2	0.433	
010_2NM	0	39	1	1	1	0.330	
010_2NM	0	40	1	1	1	0.416	
010_2NM	0	41	2	1	2	0.411	
010_2NM	0	42	1	1	1	0.385	
010_2NM	0	43	2	2	2	0.475	
010_2NM	0	44	2	2	2	0.496	
010_2NM	0	45	2	1	1	0.602	
010_2NM	0	46	2	1	1	0.446	
010_2NM	0	47	2	2	2	0.413	
010_2NM	0	48	1	2	2	0.355	
010_2NM	0	49	1	2	2	0.435	
010_2NM	0	50	2	1	1	0.387	
010_2NM	0	51	1	2	2	0.455	
010_2NM	0	52	1	2	2	0.458	
010_2NM	0	53	1	2	2	0.440	
010_2NM	0	54	1	2	2	0.423	
010_2NM	0	55	2	1	1	0.595	
010_2NM	1	0	1	2	2	0.428	
010_2NM	1	1	1	2	2	0.476	
010_2NM	1	2	1	2	2	0.472	
010_2NM	1	3	2	2	2	0.512	
010_2NM	1	4	2	1	1	0.484	
010_2NM	1	5	1	1	1	0.412	
010_2NM	1	6	1	2	2	0.430	
010_2NM	1	7	1	1	1	0.398	
010_2NM	1	8	2	1	1	0.457	
010_2NM	1	9	2	1	1	0.479	
010_2NM	1	10	2	1	1	0.456	
010_2NM	1	11	2	2	2	0.506	
010_2NM	1	12	1	1	1	0.387	
010_2NM	1	13	1	2	2	0.497	
010_2NM	1	14	1	1	1	0.421	
010_2NM	1	15	2	2	2	0.464	
010_2NM	1	16	2	2	2	0.516	
010_2NM	1	17	1	2	2	0.392	
010_2NM	1	18	1	2	2	0.374	
010_2NM	1	19	2	2	1	0.434	
010_2NM	1	20	1	1	1	0.396	
010_2NM	1	21	2	2	2	0.487	
010_2NM	1	22	1	1	1	0.438	
010_2NM	1	23	2	2	2	0.483	
010_2NM	1	24	2	2	2	0.428	
010_2NM	1	25	1	2	2	0.409	
010_2NM	1	26	1	1	1	0.467	
010_2NM	1	27	2	1	1	0.501	
010_2NM	1	28	2	2	2	0.421	
010_2NM	1	29	1	2	2	0.464	
010_2NM	1	30	1	1	1	0.405	
010_2NM	1	31	1	1	1	0.380	
010_2NM	1	32	2	1	1	0.519	
010_2NM	1	33	2	1	1	0.476	
010_2NM	1	34	2	1	1	0.499	
010_2NM	1	35	1	2	2	0.431	
010_2NM	1	36	2	1	1	0.503	
010_2NM	1	37	2	1	1	0.539	
010_2NM	1	38	2	2	2	0.501	
010_2NM	1	39	2	1	1	0.472	
010_2NM	1	40	1	1	1	0.469	
010_2NM	1	41	1	1	1	0.457	
010_2NM	1	42	2	1	1	0.454	
010_2NM	1	43	2	1	1	0.416	
010_2NM	1	44	2	1	1	0.436	
010_2NM	1	45	1	1	1	0.417	
010_2NM	1	46	2	2	2	0.481	
010_2NM	1	47	1	1	1	0.437	
010_2NM	1	48	2	2	2	0.515	
010_2NM	1	49	1	1	1	0.439	
010_2NM	1	50	1	2	2	0.410	
010_2NM	1	51	2	2	2	0.378	
010_2NM	1	52	2	2	2	0.422	
010_2NM	1	53	1	2	2	0.394	
010_2NM	1	54	1	2	2	0.465	
010_2NM	1	55	1	2	2	0.401	
010_2NM	2	0	1	2	2	0.448	
010_2NM	2	1	1	2	2	0.422	
010_2NM	2	2	2	2	2	0.463	
010_2NM	2	3	2	2	2	0.469	
010_2NM	2	4	2	2	2	0.456	
010_2NM	2	5	1	1	1	0.441	
010_2NM	2	6	1	1	1	0.417	
010_2NM	2	7	2	1	1	0.469	
010_2NM	2	8	1	1	1	0.414	
010_2NM	2	9	1	1	1	0.425	
010_2NM	2	10	1	2	2	0.465	
010_2NM	2	11	1	1	1	0.454	
010_2NM	2	12	2	2	2	0.486	
010_2NM	2	13	1	2	2	0.433	
010_2NM	2	14	2	1	1	0.462	
010_2NM	2	15	1	1	1	0.463	
010_2NM	2	16	1	1	1	0.445	
010_2NM	2	17	2	2	2	0.442	
010_2NM	2	18	1	1	1	0.427	
010_2NM	2	19	2	1	1	0.487	
010_2NM	2	20	1	2	2	0.354	
010_2NM	2	21	2	1	1	0.406	
010_2NM	2	22	1	2	2	0.383	
010_2NM	2	23	2	1	1	0.351	
010_2NM	2	24	2	1	1	0.431	
010_2NM	2	25	2	1	1	0.432	
010_2NM	2	26	1	1	1	0.417	
010_2NM	2	27	2	2	2	0.411	
010_2NM	2	28	2	2	2	0.452	
010_2NM	2	29	1	1	1	0.372	
010_2NM	2	30	2	1	1	0.465	
010_2NM	2	31	1	1	1	0.426	
010_2NM	2	32	2	1	1	0.427	
010_2NM	2	33	2	2	2	0.488	
010_2NM	2	34	2	1	1	0.464	
010_2NM	2	35	1	2	2	0.440	
010_2NM	2	36	1	2	2	0.467	
010_2NM	2	37	1	2	2	0.424	
010_2NM	2	38	1	1	1	0.418	
010_2NM	2	39	2	2	2	0.451	
010_2NM	2	40	1	2	2	0.450	
010_2NM	2	41	2	2	2	0.488	
010_2NM	2	42	2	2	2	0.637	
010_2NM	2	43	2	2	2	0.397	
010_2NM	2	44	1	1	1	0.415	
010_2NM	2	45	2	1	1	0.426	
010_2NM	2	46	1	2	2	0.471	
010_2NM	2	47	2	1	1	0.455	
010_2NM	2	48	1	1	1	0.424	
010_2NM	2	49	1	2	2	0.349	
010_2NM	2	50	2	1	1	0.484	
010_2NM	2	51	1	2	2	0.426	
010_2NM	2	52	1	2	2	0.412	
010_2NM	2	53	2	2	2	0.451	
010_2NM	2	54	2	1	1	0.444	
010_2NM	2	55	2	2	2	0.555	
010_2NM	3	0	1	1	1	0.437	
010_2NM	3	1	2	1	1	0.442	
010_2NM	3	2	1	1	1	0.423	
010_2NM	3	3	2	2	2	0.477	
010_2NM	3	4	2	2	2	0.441	
010_2NM	3	5	2	2	2	0.460	
010_2NM	3	6	1	2	2	0.419	
010_2NM	3	7	1	1	1	0.445	
010_2NM	3	8	2	2	2	0.456	
010_2NM	3	9	2	1	1	0.457	
010_2NM	3	10	1	2	2	0.426	
010_2NM	3	11	2	1	1	0.456	
010_2NM	3	12	1	1	1	0.397	
010_2NM	3	13	2	1	1	0.487	
010_2NM	3	14	2	1	1	0.494	
010_2NM	3	15	1	2	2	0.380	
010_2NM	3	16	2	2	2	0.485	
010_2NM	3	17	1	1	1	0.442	
010_2NM	3	18	1	2	2	0.386	
010_2NM	3	19	2	1	1	0.500	
010_2NM	3	20	2	1	1	0.512	
010_2NM	3	21	1	1	1	0.424	
010_2NM	3	22	1	2	2	0.443	
010_2NM	3	23	1	2	2	0.418	
010_2NM	3	24	1	1	1	0.373	
010_2NM	3	25	1	1	1	0.442	
010_2NM	3	26	1	1	1	0.390	
010_2NM	3	27	1	2	2	0.433	
010_2NM	3	28	1	2	2	0.463	
010_2NM	3	29	2	2	2	0.456	
010_2NM	3	30	2	2	2	0.459	
010_2NM	3	31	2	2	2	0.471	
010_2NM	3	32	1	1	1	0.430	
010_2NM	3	33	2	2	2	0.489	
010_2NM	3	34	1	1	1	0.538	
010_2NM	3	35	2	1	1	0.472	
010_2NM	3	36	2	1	1	0.437	
010_2NM	3	37	2	2	2	0.388	
010_2NM	3	38	2	1	1	0.478	
010_2NM	3	39	1	2	2	0.383	
010_2NM	3	40	2	1	1	0.482	
010_2NM	3	41	2	2	2	0.514	
010_2NM	3	42	2	2	1	0.770	
010_2NM	3	43	1	2	2	0.487	
010_2NM	3	44	1	2	2	0.456	
010_2NM	3	45	2	1	1	0.572	
010_2NM	3	46	1	1	1	0.489	
010_2NM	3	47	1	2	2	0.430	
010_2NM	3	48	2	2	2	0.448	
010_2NM	3	49	1	1	1	0.446	
010_2NM	3	50	1	1	1	0.430	
010_2NM	3	51	2	1	1	0.439	
010_2NM	3	52	2	2	2	0.441	
010_2NM	3	53	1	2	2	0.391	
010_2NM	3	54	2	1	1	0.444	
010_2NM	3	55	1	2	2	0.389	
