sub	block	trial	congr	stim	resp	RT	
018_3DB	0	0	2	1	1	0.462	
018_3DB	0	1	1	2	2	0.327	
018_3DB	0	2	1	1	1	0.308	
018_3DB	0	3	2	2	2	0.276	
018_3DB	0	4	1	2	2	0.343	
018_3DB	0	5	2	1	1	0.355	
018_3DB	0	6	1	1	1	0.475	
018_3DB	0	7	1	2	2	0.421	
018_3DB	0	8	1	1	1	0.313	
018_3DB	0	9	2	1	2	0.400	
018_3DB	0	10	1	2	2	0.359	
018_3DB	0	11	2	1	1	0.442	
018_3DB	0	12	2	1	2	0.410	
018_3DB	0	13	1	1	1	0.332	
018_3DB	0	14	2	2	2	0.413	
018_3DB	0	15	1	1	1	0.329	
018_3DB	0	16	1	2	2	0.344	
018_3DB	0	17	2	2	2	0.394	
018_3DB	0	18	2	1	1	0.383	
018_3DB	0	19	2	2	2	0.424	
018_3DB	0	20	1	2	2	0.341	
018_3DB	0	21	2	2	2	0.391	
018_3DB	0	22	1	1	1	0.362	
018_3DB	0	23	2	2	1	0.367	
018_3DB	0	24	1	1	1	0.366	
018_3DB	0	25	1	2	2	0.379	
018_3DB	0	26	2	1	1	0.400	
018_3DB	0	27	1	1	1	0.359	
018_3DB	0	28	2	2	2	0.382	
018_3DB	0	29	2	2	2	0.451	
018_3DB	0	30	2	2	2	0.415	
018_3DB	0	31	1	1	1	0.365	
018_3DB	0	32	1	1	1	0.384	
018_3DB	0	33	1	1	1	0.372	
018_3DB	0	34	2	2	2	0.418	
018_3DB	0	35	2	1	1	0.348	
018_3DB	0	36	2	2	2	0.381	
018_3DB	0	37	1	2	2	0.319	
018_3DB	0	38	2	2	2	0.493	
018_3DB	0	39	2	1	1	0.440	
018_3DB	0	40	2	2	2	0.421	
018_3DB	0	41	1	1	1	0.336	
018_3DB	0	42	2	1	1	0.429	
018_3DB	0	43	1	2	2	0.381	
018_3DB	0	44	1	2	2	0.375	
018_3DB	0	45	2	1	1	0.448	
018_3DB	0	46	1	2	2	0.332	
018_3DB	0	47	2	2	1	0.336	
018_3DB	0	48	1	2	2	0.350	
018_3DB	0	49	1	1	1	0.322	
018_3DB	0	50	2	1	1	0.473	
018_3DB	0	51	2	1	1	0.438	
018_3DB	0	52	1	1	1	0.341	
018_3DB	0	53	1	2	2	0.433	
018_3DB	0	54	1	2	2	0.363	
018_3DB	0	55	2	1	1	0.395	
018_3DB	1	0	2	2	2	0.388	
018_3DB	1	1	2	2	2	0.410	
018_3DB	1	2	2	2	1	0.409	
018_3DB	1	3	2	1	1	0.597	
018_3DB	1	4	1	1	1	0.353	
018_3DB	1	5	2	1	1	0.420	
018_3DB	1	6	1	1	1	0.423	
018_3DB	1	7	2	2	2	0.360	
018_3DB	1	8	1	1	1	0.369	
018_3DB	1	9	1	2	2	0.367	
018_3DB	1	10	1	2	2	0.334	
018_3DB	1	11	2	1	1	0.410	
018_3DB	1	12	1	1	1	0.347	
018_3DB	1	13	2	2	2	0.385	
018_3DB	1	14	1	2	2	0.403	
018_3DB	1	15	2	1	1	0.350	
018_3DB	1	16	1	2	2	0.361	
018_3DB	1	17	1	1	1	0.332	
018_3DB	1	18	1	1	1	0.351	
018_3DB	1	19	2	2	2	0.418	
018_3DB	1	20	1	1	1	0.369	
018_3DB	1	21	2	2	2	0.391	
018_3DB	1	22	2	1	1	0.393	
018_3DB	1	23	1	2	2	0.340	
018_3DB	1	24	1	1	1	0.307	
018_3DB	1	25	1	1	1	0.356	
018_3DB	1	26	2	2	2	0.521	
018_3DB	1	27	2	1	1	0.422	
018_3DB	1	28	1	2	2	0.369	
018_3DB	1	29	1	1	1	0.318	
018_3DB	1	30	1	2	2	0.374	
018_3DB	1	31	2	1	1	0.411	
018_3DB	1	32	1	2	2	0.323	
018_3DB	1	33	1	2	2	0.346	
018_3DB	1	34	2	1	1	0.400	
018_3DB	1	35	1	2	2	0.311	
018_3DB	1	36	1	1	1	0.333	
018_3DB	1	37	1	2	2	0.362	
018_3DB	1	38	1	1	1	0.347	
018_3DB	1	39	1	2	2	0.340	
018_3DB	1	40	1	2	2	0.343	
018_3DB	1	41	2	1	1	0.415	
018_3DB	1	42	1	1	1	0.328	
018_3DB	1	43	2	2	2	0.374	
018_3DB	1	44	2	2	2	0.442	
018_3DB	1	45	1	1	1	0.349	
018_3DB	1	46	2	2	2	0.415	
018_3DB	1	47	2	1	1	0.389	
018_3DB	1	48	2	1	1	0.380	
018_3DB	1	49	2	2	2	0.297	
018_3DB	1	50	2	1	1	0.337	
018_3DB	1	51	1	2	2	0.362	
018_3DB	1	52	2	2	2	0.344	
018_3DB	1	53	2	2	2	0.449	
018_3DB	1	54	2	1	1	0.421	
018_3DB	1	55	2	1	2	0.309	
018_3DB	2	0	2	2	2	0.395	
018_3DB	2	1	2	1	1	0.325	
018_3DB	2	2	2	2	2	0.293	
018_3DB	2	3	1	2	2	0.343	
018_3DB	2	4	2	1	1	0.389	
018_3DB	2	5	2	1	1	0.377	
018_3DB	2	6	2	2	2	0.293	
018_3DB	2	7	2	2	2	0.397	
018_3DB	2	8	1	2	2	0.391	
018_3DB	2	9	2	2	2	0.456	
018_3DB	2	10	2	1	1	0.378	
018_3DB	2	11	1	1	1	0.334	
018_3DB	2	12	2	1	1	0.421	
018_3DB	2	13	1	2	2	0.344	
018_3DB	2	14	1	1	1	0.319	
018_3DB	2	15	1	1	1	0.366	
018_3DB	2	16	1	1	1	0.321	
018_3DB	2	17	1	2	2	0.380	
018_3DB	2	18	1	1	1	0.452	
018_3DB	2	19	2	1	2	0.340	
018_3DB	2	20	1	1	1	0.326	
018_3DB	2	21	1	1	1	0.328	
018_3DB	2	22	1	1	1	0.354	
018_3DB	2	23	2	2	2	0.430	
018_3DB	2	24	1	2	2	0.390	
018_3DB	2	25	2	1	1	0.389	
018_3DB	2	26	1	1	1	0.482	
018_3DB	2	27	2	1	1	0.435	
018_3DB	2	28	1	2	2	0.358	
018_3DB	2	29	2	2	1	0.360	
018_3DB	2	30	1	2	2	0.367	
018_3DB	2	31	1	2	2	0.371	
018_3DB	2	32	1	1	1	0.352	
018_3DB	2	33	1	2	2	0.383	
018_3DB	2	34	2	2	2	0.341	
018_3DB	2	35	2	1	2	0.365	
018_3DB	2	36	2	2	2	0.397	
018_3DB	2	37	1	2	2	0.340	
018_3DB	2	38	2	2	2	0.361	
018_3DB	2	39	1	2	2	0.342	
018_3DB	2	40	1	1	1	0.404	
018_3DB	2	41	1	2	2	0.365	
018_3DB	2	42	2	2	2	0.365	
018_3DB	2	43	1	2	2	0.354	
018_3DB	2	44	2	2	2	0.450	
018_3DB	2	45	1	2	2	0.321	
018_3DB	2	46	1	1	1	0.360	
018_3DB	2	47	1	1	1	0.351	
018_3DB	2	48	2	1	2	0.321	
018_3DB	2	49	2	2	2	0.397	
018_3DB	2	50	1	1	1	0.332	
018_3DB	2	51	2	1	1	0.448	
018_3DB	2	52	2	1	1	0.447	
018_3DB	2	53	2	2	2	0.381	
018_3DB	2	54	2	1	1	0.340	
018_3DB	2	55	2	1	1	0.369	
018_3DB	3	0	1	1	1	0.327	
018_3DB	3	1	1	1	1	0.514	
018_3DB	3	2	1	1	1	0.336	
018_3DB	3	3	2	1	2	0.404	
018_3DB	3	4	2	1	1	0.439	
018_3DB	3	5	1	2	2	0.395	
018_3DB	3	6	1	1	1	0.311	
018_3DB	3	7	2	1	1	0.374	
018_3DB	3	8	2	2	2	0.472	
018_3DB	3	9	2	2	1	0.376	
018_3DB	3	10	1	2	2	0.367	
018_3DB	3	11	1	1	1	0.344	
018_3DB	3	12	2	1	1	0.420	
018_3DB	3	13	1	2	2	0.354	
018_3DB	3	14	2	2	2	0.399	
018_3DB	3	15	1	2	2	0.318	
018_3DB	3	16	1	1	1	0.440	
018_3DB	3	17	2	2	2	0.367	
018_3DB	3	18	1	2	2	0.332	
018_3DB	3	19	1	2	2	0.310	
018_3DB	3	20	2	1	1	0.427	
018_3DB	3	21	1	1	1	0.378	
018_3DB	3	22	2	2	2	0.404	
018_3DB	3	23	2	1	1	0.395	
018_3DB	3	24	1	1	1	0.340	
018_3DB	3	25	2	2	2	0.364	
018_3DB	3	26	1	1	1	0.410	
018_3DB	3	27	1	2	2	0.367	
018_3DB	3	28	2	1	1	0.452	
018_3DB	3	29	2	1	2	0.349	
018_3DB	3	30	2	2	2	0.422	
018_3DB	3	31	2	1	1	0.518	
018_3DB	3	32	1	1	1	0.375	
018_3DB	3	33	2	1	1	0.374	
018_3DB	3	34	2	1	2	0.335	
018_3DB	3	35	1	2	2	0.393	
018_3DB	3	36	2	2	2	0.486	
018_3DB	3	37	2	1	1	0.442	
018_3DB	3	38	1	2	2	0.379	
018_3DB	3	39	1	1	1	0.378	
018_3DB	3	40	1	1	1	0.376	
018_3DB	3	41	1	2	2	0.571	
018_3DB	3	42	1	1	1	0.425	
018_3DB	3	43	2	2	2	0.405	
018_3DB	3	44	2	2	2	0.377	
018_3DB	3	45	2	2	2	0.320	
018_3DB	3	46	1	2	2	0.404	
018_3DB	3	47	1	2	2	0.320	
018_3DB	3	48	1	1	1	0.365	
018_3DB	3	49	2	1	2	0.392	
018_3DB	3	50	1	2	2	0.364	
018_3DB	3	51	1	2	2	0.324	
018_3DB	3	52	2	2	1	0.380	
018_3DB	3	53	2	2	2	0.400	
018_3DB	3	54	2	2	2	0.326	
018_3DB	3	55	2	1	1	0.378	
