sub	block	trial	congr	stim	resp	RT	
016_6GS	0	0	2	2	2	0.533	
016_6GS	0	1	1	2	2	0.300	
016_6GS	0	2	1	2	2	0.308	
016_6GS	0	3	2	2	2	0.529	
016_6GS	0	4	2	2	2	0.411	
016_6GS	0	5	1	2	2	0.288	
016_6GS	0	6	1	1	2	0.000	
016_6GS	0	7	2	1	1	0.555	
016_6GS	0	8	2	2	1	0.305	
016_6GS	0	9	2	1	1	0.415	
016_6GS	0	10	1	1	1	0.314	
016_6GS	0	11	2	1	2	0.425	
016_6GS	0	12	2	2	1	0.340	
016_6GS	0	13	2	1	1	0.416	
016_6GS	0	14	2	1	1	0.461	
016_6GS	0	15	2	2	2	0.465	
016_6GS	0	16	1	1	1	0.432	
016_6GS	0	17	2	1	1	0.562	
016_6GS	0	18	1	2	2	0.385	
016_6GS	0	19	2	1	2	0.379	
016_6GS	0	20	1	1	1	0.449	
016_6GS	0	21	1	2	2	0.400	
016_6GS	0	22	2	2	2	0.476	
016_6GS	0	23	1	2	2	0.333	
016_6GS	0	24	1	1	1	0.475	
016_6GS	0	25	1	1	1	0.388	
016_6GS	0	26	1	2	2	0.398	
016_6GS	0	27	1	1	1	0.389	
016_6GS	0	28	1	2	2	0.368	
016_6GS	0	29	2	2	1	0.309	
016_6GS	0	30	2	2	1	0.429	
016_6GS	0	31	1	1	1	0.389	
016_6GS	0	32	1	2	2	0.441	
016_6GS	0	33	2	2	2	0.424	
016_6GS	0	34	2	2	2	0.304	
016_6GS	0	35	1	1	1	0.480	
016_6GS	0	36	2	2	1	0.275	
016_6GS	0	37	2	1	1	0.349	
016_6GS	0	38	2	1	1	0.315	
016_6GS	0	39	2	2	1	0.305	
016_6GS	0	40	1	1	1	0.307	
016_6GS	0	41	2	1	1	0.430	
016_6GS	0	42	1	2	2	0.411	
016_6GS	0	43	1	1	1	0.355	
016_6GS	0	44	1	2	2	0.374	
016_6GS	0	45	1	2	2	0.340	
016_6GS	0	46	2	1	1	0.384	
016_6GS	0	47	1	1	1	0.309	
016_6GS	0	48	1	2	2	0.402	
016_6GS	0	49	2	1	1	0.413	
016_6GS	0	50	2	2	2	0.474	
016_6GS	0	51	1	1	1	0.351	
016_6GS	0	52	1	1	1	0.329	
016_6GS	0	53	1	2	1	0.255	
016_6GS	0	54	2	1	1	0.413	
016_6GS	0	55	2	1	1	0.356	
016_6GS	1	0	2	2	2	0.424	
016_6GS	1	1	1	2	2	0.357	
016_6GS	1	2	1	2	2	0.342	
016_6GS	1	3	2	2	2	0.295	
016_6GS	1	4	2	2	2	0.419	
016_6GS	1	5	1	2	2	0.276	
016_6GS	1	6	2	2	2	0.389	
016_6GS	1	7	1	2	2	0.271	
016_6GS	1	8	1	2	2	0.212	
016_6GS	1	9	2	1	2	0.316	
016_6GS	1	10	2	1	1	0.467	
016_6GS	1	11	2	1	1	0.449	
016_6GS	1	12	2	2	1	0.295	
016_6GS	1	13	2	1	1	0.417	
016_6GS	1	14	2	1	1	0.448	
016_6GS	1	15	2	2	1	0.329	
016_6GS	1	16	2	1	1	0.378	
016_6GS	1	17	2	2	2	0.454	
016_6GS	1	18	1	1	1	0.338	
016_6GS	1	19	2	1	1	0.458	
016_6GS	1	20	2	1	1	0.421	
016_6GS	1	21	2	1	1	0.455	
016_6GS	1	22	1	2	2	0.388	
016_6GS	1	23	1	1	1	0.363	
016_6GS	1	24	1	1	1	0.288	
016_6GS	1	25	1	2	2	0.441	
016_6GS	1	26	1	1	1	0.345	
016_6GS	1	27	2	1	1	0.438	
016_6GS	1	28	2	2	1	0.331	
016_6GS	1	29	1	1	1	0.311	
016_6GS	1	30	1	1	1	0.362	
016_6GS	1	31	1	2	2	0.438	
016_6GS	1	32	1	2	2	0.408	
016_6GS	1	33	1	1	1	0.398	
016_6GS	1	34	2	2	2	0.458	
016_6GS	1	35	2	2	2	0.437	
016_6GS	1	36	2	2	2	0.387	
016_6GS	1	37	2	2	2	0.460	
016_6GS	1	38	1	2	2	0.310	
016_6GS	1	39	1	1	1	0.630	
016_6GS	1	40	1	2	2	0.477	
016_6GS	1	41	2	1	1	0.453	
016_6GS	1	42	1	2	2	0.404	
016_6GS	1	43	2	2	1	0.309	
016_6GS	1	44	1	1	1	0.408	
016_6GS	1	45	1	2	2	0.383	
016_6GS	1	46	2	2	2	0.512	
016_6GS	1	47	2	1	1	0.396	
016_6GS	1	48	1	1	1	0.329	
016_6GS	1	49	1	1	1	0.286	
016_6GS	1	50	1	1	1	0.000	
016_6GS	1	51	1	1	1	0.318	
016_6GS	1	52	2	1	1	0.309	
016_6GS	1	53	1	1	1	0.313	
016_6GS	1	54	1	2	2	0.417	
016_6GS	1	55	2	1	1	0.416	
016_6GS	2	0	2	1	1	0.518	
016_6GS	2	1	2	2	2	0.411	
016_6GS	2	2	1	2	2	0.378	
016_6GS	2	3	1	1	1	0.338	
016_6GS	2	4	1	2	2	0.372	
016_6GS	2	5	1	2	2	0.302	
016_6GS	2	6	2	2	2	0.251	
016_6GS	2	7	1	2	2	0.296	
016_6GS	2	8	1	2	2	0.244	
016_6GS	2	9	1	1	2	0.305	
016_6GS	2	10	2	2	1	0.281	
016_6GS	2	11	1	2	2	0.389	
016_6GS	2	12	1	2	2	0.336	
016_6GS	2	13	1	1	1	0.339	
016_6GS	2	14	1	1	1	0.320	
016_6GS	2	15	2	2	1	0.275	
016_6GS	2	16	2	2	1	0.392	
016_6GS	2	17	2	1	1	0.381	
016_6GS	2	18	2	2	2	0.500	
016_6GS	2	19	2	1	1	0.398	
016_6GS	2	20	1	2	2	0.407	
016_6GS	2	21	2	1	1	0.484	
016_6GS	2	22	2	1	2	0.338	
016_6GS	2	23	1	1	1	0.395	
016_6GS	2	24	1	1	1	0.318	
016_6GS	2	25	2	1	1	0.379	
016_6GS	2	26	1	1	1	0.350	
016_6GS	2	27	2	2	1	0.385	
016_6GS	2	28	2	1	1	0.469	
016_6GS	2	29	1	1	1	0.307	
016_6GS	2	30	1	1	1	0.282	
016_6GS	2	31	2	2	1	0.247	
016_6GS	2	32	1	2	1	0.288	
016_6GS	2	33	2	1	1	0.638	
016_6GS	2	34	2	1	1	0.000	
016_6GS	2	35	1	1	1	0.277	
016_6GS	2	36	1	1	1	0.296	
016_6GS	2	37	1	1	1	0.254	
016_6GS	2	38	2	2	1	0.333	
016_6GS	2	39	2	1	1	0.435	
016_6GS	2	40	2	1	1	0.452	
016_6GS	2	41	1	2	2	0.411	
016_6GS	2	42	1	2	2	0.344	
016_6GS	2	43	2	2	2	0.439	
016_6GS	2	44	2	1	1	0.480	
016_6GS	2	45	2	2	1	0.357	
016_6GS	2	46	2	1	1	0.283	
016_6GS	2	47	2	2	2	0.388	
016_6GS	2	48	1	1	1	0.350	
016_6GS	2	49	2	2	2	0.406	
016_6GS	2	50	1	2	2	0.349	
016_6GS	2	51	2	1	1	0.432	
016_6GS	2	52	2	2	1	0.345	
016_6GS	2	53	1	1	1	0.368	
016_6GS	2	54	1	2	2	0.437	
016_6GS	2	55	1	2	2	0.261	
016_6GS	3	0	2	2	2	0.535	
016_6GS	3	1	2	1	1	0.392	
016_6GS	3	2	1	2	2	0.477	
016_6GS	3	3	1	1	1	0.416	
016_6GS	3	4	2	1	1	0.544	
016_6GS	3	5	1	2	2	0.416	
016_6GS	3	6	1	2	2	0.482	
016_6GS	3	7	1	2	2	0.330	
016_6GS	3	8	2	2	2	0.448	
016_6GS	3	9	1	2	2	0.335	
016_6GS	3	10	1	1	1	0.421	
016_6GS	3	11	2	2	2	0.550	
016_6GS	3	12	1	1	1	0.392	
016_6GS	3	13	2	2	1	0.323	
016_6GS	3	14	1	1	1	0.329	
016_6GS	3	15	2	1	1	0.378	
016_6GS	3	16	2	1	1	0.382	
016_6GS	3	17	1	1	1	0.315	
016_6GS	3	18	2	2	2	0.502	
016_6GS	3	19	2	2	2	0.400	
016_6GS	3	20	1	1	1	0.382	
016_6GS	3	21	2	1	2	0.395	
016_6GS	3	22	1	1	1	0.311	
016_6GS	3	23	1	1	1	0.261	
016_6GS	3	24	1	1	1	0.275	
016_6GS	3	25	1	1	1	0.247	
016_6GS	3	26	1	2	1	0.246	
016_6GS	3	27	1	2	2	0.431	
016_6GS	3	28	1	1	1	0.369	
016_6GS	3	29	1	2	2	0.425	
016_6GS	3	30	2	1	1	0.451	
016_6GS	3	31	2	1	1	0.434	
016_6GS	3	32	1	2	2	0.384	
016_6GS	3	33	2	2	2	0.326	
016_6GS	3	34	1	2	2	0.339	
016_6GS	3	35	1	2	2	0.262	
016_6GS	3	36	1	2	2	0.286	
016_6GS	3	37	2	1	2	0.307	
016_6GS	3	38	2	2	2	0.418	
016_6GS	3	39	2	1	1	0.423	
016_6GS	3	40	1	2	2	0.388	
016_6GS	3	41	2	2	1	0.284	
016_6GS	3	42	2	2	1	0.314	
016_6GS	3	43	2	2	2	0.499	
016_6GS	3	44	2	2	2	0.440	
016_6GS	3	45	2	1	2	0.374	
016_6GS	3	46	2	1	1	0.465	
016_6GS	3	47	2	2	1	0.297	
016_6GS	3	48	1	1	1	0.277	
016_6GS	3	49	1	2	2	0.403	
016_6GS	3	50	2	1	1	0.390	
016_6GS	3	51	2	2	1	0.377	
016_6GS	3	52	1	1	1	0.419	
016_6GS	3	53	2	1	1	0.500	
016_6GS	3	54	1	1	1	0.298	
016_6GS	3	55	2	1	1	0.378	
