sub	block	trial	congr	stim	resp	RT	
013_2NM	0	0	1	2	2	0.641	
013_2NM	0	1	2	1	1	0.547	
013_2NM	0	2	2	2	2	0.522	
013_2NM	0	3	2	2	2	0.594	
013_2NM	0	4	1	2	2	0.470	
013_2NM	0	5	2	1	1	0.517	
013_2NM	0	6	1	2	2	0.533	
013_2NM	0	7	1	2	2	0.440	
013_2NM	0	8	1	1	1	0.426	
013_2NM	0	9	2	1	1	0.466	
013_2NM	0	10	1	1	1	0.435	
013_2NM	0	11	2	1	1	0.697	
013_2NM	0	12	1	2	2	0.486	
013_2NM	0	13	1	2	2	0.426	
013_2NM	0	14	1	1	1	0.425	
013_2NM	0	15	1	1	1	0.410	
013_2NM	0	16	1	2	2	0.466	
013_2NM	0	17	2	1	1	0.472	
013_2NM	0	18	1	1	1	0.452	
013_2NM	0	19	2	1	1	0.469	
013_2NM	0	20	2	2	2	0.461	
013_2NM	0	21	2	1	1	0.468	
013_2NM	0	22	1	1	1	0.427	
013_2NM	0	23	2	1	1	0.427	
013_2NM	0	24	2	2	2	0.642	
013_2NM	0	25	2	1	1	0.552	
013_2NM	0	26	1	1	1	0.441	
013_2NM	0	27	2	1	1	0.520	
013_2NM	0	28	1	1	1	0.418	
013_2NM	0	29	2	2	2	0.461	
013_2NM	0	30	2	2	2	0.590	
013_2NM	0	31	1	1	1	0.430	
013_2NM	0	32	2	2	2	0.496	
013_2NM	0	33	1	1	1	0.427	
013_2NM	0	34	1	2	2	0.478	
013_2NM	0	35	2	1	1	0.425	
013_2NM	0	36	1	1	1	0.412	
013_2NM	0	37	1	1	1	0.448	
013_2NM	0	38	1	2	2	0.425	
013_2NM	0	39	2	1	1	0.432	
013_2NM	0	40	1	2	2	0.452	
013_2NM	0	41	1	1	1	0.478	
013_2NM	0	42	2	2	2	0.567	
013_2NM	0	43	1	2	2	0.443	
013_2NM	0	44	2	2	2	0.536	
013_2NM	0	45	2	2	2	0.381	
013_2NM	0	46	1	2	2	0.419	
013_2NM	0	47	2	2	2	0.460	
013_2NM	0	48	2	1	1	0.509	
013_2NM	0	49	1	2	2	0.697	
013_2NM	0	50	2	2	2	0.506	
013_2NM	0	51	2	2	2	0.463	
013_2NM	0	52	1	2	2	0.401	
013_2NM	0	53	2	1	1	0.461	
013_2NM	0	54	1	1	1	0.432	
013_2NM	0	55	2	2	2	0.468	
013_2NM	1	0	1	2	2	0.427	
013_2NM	1	1	1	2	2	0.370	
013_2NM	1	2	2	1	1	0.502	
013_2NM	1	3	2	2	2	0.508	
013_2NM	1	4	1	1	1	0.407	
013_2NM	1	5	2	2	2	0.504	
013_2NM	1	6	1	2	2	0.446	
013_2NM	1	7	2	2	2	0.464	
013_2NM	1	8	1	1	1	0.468	
013_2NM	1	9	1	1	1	0.459	
013_2NM	1	10	1	2	2	0.596	
013_2NM	1	11	2	1	1	0.537	
013_2NM	1	12	2	1	1	0.502	
013_2NM	1	13	1	1	1	0.486	
013_2NM	1	14	2	1	1	0.543	
013_2NM	1	15	2	2	2	0.504	
013_2NM	1	16	1	2	2	0.452	
013_2NM	1	17	2	1	1	0.487	
013_2NM	1	18	1	1	1	0.519	
013_2NM	1	19	2	2	2	0.558	
013_2NM	1	20	1	1	1	0.620	
013_2NM	1	21	2	1	1	0.539	
013_2NM	1	22	1	1	1	0.433	
013_2NM	1	23	2	1	1	0.508	
013_2NM	1	24	1	2	2	0.447	
013_2NM	1	25	2	2	2	0.456	
013_2NM	1	26	2	1	1	0.513	
013_2NM	1	27	2	2	2	0.511	
013_2NM	1	28	1	2	2	0.414	
013_2NM	1	29	2	1	1	0.519	
013_2NM	1	30	1	1	1	0.452	
013_2NM	1	31	1	2	2	0.526	
013_2NM	1	32	2	1	1	0.493	
013_2NM	1	33	2	2	2	0.529	
013_2NM	1	34	2	1	1	0.512	
013_2NM	1	35	1	1	1	0.481	
013_2NM	1	36	1	2	2	0.491	
013_2NM	1	37	1	2	2	0.463	
013_2NM	1	38	2	1	1	0.627	
013_2NM	1	39	1	2	2	0.433	
013_2NM	1	40	1	1	1	0.443	
013_2NM	1	41	1	1	1	0.465	
013_2NM	1	42	2	2	2	0.494	
013_2NM	1	43	2	2	2	0.495	
013_2NM	1	44	1	2	2	0.404	
013_2NM	1	45	2	2	2	0.568	
013_2NM	1	46	2	2	2	0.452	
013_2NM	1	47	2	1	1	0.613	
013_2NM	1	48	1	1	1	0.465	
013_2NM	1	49	1	1	1	0.466	
013_2NM	1	50	2	1	1	0.475	
013_2NM	1	51	2	2	2	0.513	
013_2NM	1	52	1	2	2	0.471	
013_2NM	1	53	2	2	2	0.524	
013_2NM	1	54	1	1	1	0.545	
013_2NM	1	55	1	2	2	0.462	
013_2NM	2	0	2	1	1	0.598	
013_2NM	2	1	1	2	2	0.495	
013_2NM	2	2	2	2	2	0.573	
013_2NM	2	3	1	1	1	0.466	
013_2NM	2	4	2	1	1	0.536	
013_2NM	2	5	1	1	1	0.482	
013_2NM	2	6	2	1	1	0.587	
013_2NM	2	7	1	1	1	0.530	
013_2NM	2	8	1	1	1	0.495	
013_2NM	2	9	1	1	1	0.531	
013_2NM	2	10	2	2	2	0.515	
013_2NM	2	11	1	2	2	0.512	
013_2NM	2	12	2	2	2	0.624	
013_2NM	2	13	2	1	1	0.545	
013_2NM	2	14	2	1	1	0.563	
013_2NM	2	15	1	2	2	0.470	
013_2NM	2	16	1	2	2	0.459	
013_2NM	2	17	2	1	1	0.565	
013_2NM	2	18	2	2	2	0.509	
013_2NM	2	19	1	2	2	0.502	
013_2NM	2	20	1	2	2	0.405	
013_2NM	2	21	2	2	2	0.588	
013_2NM	2	22	1	1	1	0.508	
013_2NM	2	23	1	2	2	0.457	
013_2NM	2	24	2	2	2	0.571	
013_2NM	2	25	2	1	1	0.467	
013_2NM	2	26	1	2	2	0.514	
013_2NM	2	27	2	1	1	0.513	
013_2NM	2	28	2	1	1	0.574	
013_2NM	2	29	1	2	2	0.578	
013_2NM	2	30	2	1	1	0.493	
013_2NM	2	31	2	2	2	0.496	
013_2NM	2	32	2	2	2	0.533	
013_2NM	2	33	1	2	2	0.506	
013_2NM	2	34	2	2	2	0.486	
013_2NM	2	35	1	1	1	0.484	
013_2NM	2	36	1	1	1	0.585	
013_2NM	2	37	2	2	2	0.523	
013_2NM	2	38	1	2	2	0.386	
013_2NM	2	39	2	1	1	0.482	
013_2NM	2	40	2	2	2	0.486	
013_2NM	2	41	1	1	1	0.465	
013_2NM	2	42	1	1	1	0.505	
013_2NM	2	43	2	1	1	0.590	
013_2NM	2	44	1	1	1	0.508	
013_2NM	2	45	1	1	1	0.403	
013_2NM	2	46	1	2	2	0.484	
013_2NM	2	47	1	2	2	0.409	
013_2NM	2	48	1	1	1	0.469	
013_2NM	2	49	2	1	1	0.534	
013_2NM	2	50	2	2	2	0.526	
013_2NM	2	51	2	2	2	0.429	
013_2NM	2	52	1	1	1	0.475	
013_2NM	2	53	1	2	2	0.431	
013_2NM	2	54	2	2	2	0.507	
013_2NM	2	55	2	1	1	0.484	
013_2NM	3	0	2	2	2	0.752	
013_2NM	3	1	2	1	1	0.502	
013_2NM	3	2	1	1	1	0.441	
013_2NM	3	3	2	2	2	0.500	
013_2NM	3	4	1	2	2	0.541	
013_2NM	3	5	1	2	2	0.431	
013_2NM	3	6	2	1	1	0.582	
013_2NM	3	7	1	1	1	0.491	
013_2NM	3	8	1	2	2	0.492	
013_2NM	3	9	2	1	1	0.493	
013_2NM	3	10	2	2	2	0.576	
013_2NM	3	11	2	2	2	0.443	
013_2NM	3	12	2	1	1	0.472	
013_2NM	3	13	1	2	2	0.451	
013_2NM	3	14	2	2	2	0.585	
013_2NM	3	15	1	1	1	0.547	
013_2NM	3	16	1	1	1	0.400	
013_2NM	3	17	1	2	2	0.559	
013_2NM	3	18	1	2	2	0.469	
013_2NM	3	19	1	2	2	0.393	
013_2NM	3	20	2	1	1	0.548	
013_2NM	3	21	2	1	1	0.497	
013_2NM	3	22	2	2	2	0.501	
013_2NM	3	23	2	2	2	0.482	
013_2NM	3	24	1	2	2	0.547	
013_2NM	3	25	2	1	1	0.443	
013_2NM	3	26	1	1	1	0.469	
013_2NM	3	27	2	2	2	0.507	
013_2NM	3	28	2	2	2	0.580	
013_2NM	3	29	2	1	1	0.510	
013_2NM	3	30	1	1	1	0.612	
013_2NM	3	31	1	2	2	0.534	
013_2NM	3	32	1	1	1	0.512	
013_2NM	3	33	2	1	1	0.601	
013_2NM	3	34	1	1	1	0.410	
013_2NM	3	35	2	1	1	0.519	
013_2NM	3	36	2	2	2	0.636	
013_2NM	3	37	2	2	2	0.523	
013_2NM	3	38	2	1	1	0.488	
013_2NM	3	39	1	1	1	0.562	
013_2NM	3	40	2	1	1	0.682	
013_2NM	3	41	1	2	2	0.472	
013_2NM	3	42	1	2	2	0.494	
013_2NM	3	43	1	1	1	0.464	
013_2NM	3	44	1	1	1	0.552	
013_2NM	3	45	1	1	1	0.519	
013_2NM	3	46	2	1	1	0.525	
013_2NM	3	47	2	2	2	0.558	
013_2NM	3	48	1	2	2	0.492	
013_2NM	3	49	2	2	2	0.410	
013_2NM	3	50	2	2	2	0.584	
013_2NM	3	51	2	1	1	0.505	
013_2NM	3	52	1	2	2	0.498	
013_2NM	3	53	1	2	2	0.467	
013_2NM	3	54	1	1	1	0.514	
013_2NM	3	55	1	1	1	0.443	
