sub	block	trial	congr	stim	resp	RT	
013_3DB	0	0	2	2	2	0.677	
013_3DB	0	1	2	1	1	0.568	
013_3DB	0	2	1	1	1	0.506	
013_3DB	0	3	2	1	1	0.600	
013_3DB	0	4	2	1	1	0.584	
013_3DB	0	5	1	1	1	0.539	
013_3DB	0	6	1	2	2	0.455	
013_3DB	0	7	1	2	2	0.446	
013_3DB	0	8	2	2	2	0.487	
013_3DB	0	9	2	2	2	0.607	
013_3DB	0	10	1	1	1	0.501	
013_3DB	0	11	1	1	1	0.563	
013_3DB	0	12	2	1	1	0.614	
013_3DB	0	13	1	2	2	0.486	
013_3DB	0	14	2	2	2	0.558	
013_3DB	0	15	1	1	1	0.468	
013_3DB	0	16	1	2	2	0.484	
013_3DB	0	17	2	2	2	0.550	
013_3DB	0	18	2	1	1	0.535	
013_3DB	0	19	2	1	1	0.515	
013_3DB	0	20	1	1	1	0.474	
013_3DB	0	21	1	2	2	0.456	
013_3DB	0	22	1	1	1	0.516	
013_3DB	0	23	2	2	1	0.654	
013_3DB	0	24	1	2	2	0.458	
013_3DB	0	25	2	1	1	0.657	
013_3DB	0	26	2	2	2	0.533	
013_3DB	0	27	1	2	2	0.474	
013_3DB	0	28	2	2	2	0.538	
013_3DB	0	29	1	1	1	0.570	
013_3DB	0	30	2	1	1	0.545	
013_3DB	0	31	2	2	2	0.523	
013_3DB	0	32	2	2	2	0.500	
013_3DB	0	33	2	1	1	0.538	
013_3DB	0	34	1	2	2	0.516	
013_3DB	0	35	1	2	2	0.467	
013_3DB	0	36	1	2	2	0.427	
013_3DB	0	37	1	1	1	0.522	
013_3DB	0	38	2	1	1	0.565	
013_3DB	0	39	2	2	2	0.736	
013_3DB	0	40	1	1	1	0.523	
013_3DB	0	41	1	2	2	0.525	
013_3DB	0	42	1	2	2	0.516	
013_3DB	0	43	2	2	2	0.571	
013_3DB	0	44	2	1	1	0.604	
013_3DB	0	45	1	1	1	0.573	
013_3DB	0	46	2	2	2	0.500	
013_3DB	0	47	1	1	1	0.482	
013_3DB	0	48	1	2	2	0.520	
013_3DB	0	49	1	2	2	0.395	
013_3DB	0	50	2	2	2	0.536	
013_3DB	0	51	2	1	1	0.631	
013_3DB	0	52	1	1	1	0.450	
013_3DB	0	53	2	1	1	0.595	
013_3DB	0	54	1	1	1	0.454	
013_3DB	0	55	2	1	2	0.549	
013_3DB	1	0	1	2	2	0.561	
013_3DB	1	1	1	2	2	0.458	
013_3DB	1	2	1	1	1	0.551	
013_3DB	1	3	1	1	1	0.545	
013_3DB	1	4	2	2	2	0.617	
013_3DB	1	5	1	2	2	0.462	
013_3DB	1	6	2	2	2	0.490	
013_3DB	1	7	1	1	1	0.523	
013_3DB	1	8	1	2	2	0.513	
013_3DB	1	9	1	2	2	0.461	
013_3DB	1	10	1	1	1	0.496	
013_3DB	1	11	1	1	1	0.648	
013_3DB	1	12	2	1	1	0.719	
013_3DB	1	13	2	1	1	0.552	
013_3DB	1	14	2	1	1	0.555	
013_3DB	1	15	1	2	2	0.487	
013_3DB	1	16	1	1	1	0.577	
013_3DB	1	17	2	1	1	0.577	
013_3DB	1	18	2	1	1	0.520	
013_3DB	1	19	2	2	2	0.553	
013_3DB	1	20	2	2	2	0.666	
013_3DB	1	21	2	2	2	0.599	
013_3DB	1	22	1	1	1	0.523	
013_3DB	1	23	1	2	2	0.502	
013_3DB	1	24	1	2	2	0.484	
013_3DB	1	25	1	2	2	0.473	
013_3DB	1	26	2	2	2	0.497	
013_3DB	1	27	2	2	2	0.440	
013_3DB	1	28	2	2	2	0.533	
013_3DB	1	29	1	1	1	0.661	
013_3DB	1	30	2	2	2	0.784	
013_3DB	1	31	1	1	1	0.523	
013_3DB	1	32	2	1	1	0.563	
013_3DB	1	33	2	2	2	0.550	
013_3DB	1	34	2	1	1	0.625	
013_3DB	1	35	1	1	1	0.506	
013_3DB	1	36	2	1	1	0.767	
013_3DB	1	37	2	2	2	0.827	
013_3DB	1	38	1	2	2	0.526	
013_3DB	1	39	1	1	1	0.568	
013_3DB	1	40	2	1	1	0.588	
013_3DB	1	41	2	1	1	0.566	
013_3DB	1	42	1	2	2	0.526	
013_3DB	1	43	1	1	1	0.563	
013_3DB	1	44	2	1	1	0.558	
013_3DB	1	45	2	2	2	0.500	
013_3DB	1	46	2	1	1	0.546	
013_3DB	1	47	1	2	2	0.581	
013_3DB	1	48	2	2	2	0.500	
013_3DB	1	49	1	1	1	0.461	
013_3DB	1	50	2	1	1	0.501	
013_3DB	1	51	1	2	2	0.461	
013_3DB	1	52	2	1	1	0.509	
013_3DB	1	53	1	2	2	0.473	
013_3DB	1	54	1	1	1	0.527	
013_3DB	1	55	2	2	2	0.447	
013_3DB	2	0	1	2	2	0.531	
013_3DB	2	1	1	1	1	0.506	
013_3DB	2	2	2	2	2	0.484	
013_3DB	2	3	1	2	2	0.517	
013_3DB	2	4	1	2	2	0.431	
013_3DB	2	5	1	1	1	0.480	
013_3DB	2	6	2	2	2	0.522	
013_3DB	2	7	2	1	1	0.486	
013_3DB	2	8	2	1	1	0.506	
013_3DB	2	9	2	2	2	0.549	
013_3DB	2	10	1	1	1	0.508	
013_3DB	2	11	1	1	1	0.500	
013_3DB	2	12	1	1	1	0.426	
013_3DB	2	13	1	1	1	0.449	
013_3DB	2	14	1	1	1	0.463	
013_3DB	2	15	2	1	1	0.543	
013_3DB	2	16	1	2	2	0.506	
013_3DB	2	17	2	2	2	0.514	
013_3DB	2	18	1	2	2	0.481	
013_3DB	2	19	1	1	1	0.549	
013_3DB	2	20	1	2	2	0.455	
013_3DB	2	21	2	1	1	0.550	
013_3DB	2	22	1	2	2	0.514	
013_3DB	2	23	2	2	2	0.569	
013_3DB	2	24	1	1	1	0.473	
013_3DB	2	25	2	2	2	0.579	
013_3DB	2	26	1	2	2	0.484	
013_3DB	2	27	2	1	1	0.606	
013_3DB	2	28	1	2	2	0.668	
013_3DB	2	29	1	1	1	0.534	
013_3DB	2	30	2	2	2	0.583	
013_3DB	2	31	1	1	1	0.423	
013_3DB	2	32	2	2	2	0.401	
013_3DB	2	33	2	1	1	0.716	
013_3DB	2	34	2	2	2	0.493	
013_3DB	2	35	2	1	1	0.480	
013_3DB	2	36	2	2	2	0.495	
013_3DB	2	37	2	1	1	0.507	
013_3DB	2	38	1	2	2	0.430	
013_3DB	2	39	2	1	1	0.517	
013_3DB	2	40	1	2	2	0.442	
013_3DB	2	41	1	1	1	0.425	
013_3DB	2	42	2	2	2	0.496	
013_3DB	2	43	1	1	1	0.482	
013_3DB	2	44	2	1	1	0.521	
013_3DB	2	45	2	1	1	0.539	
013_3DB	2	46	2	2	2	0.499	
013_3DB	2	47	2	1	1	0.569	
013_3DB	2	48	1	1	1	0.460	
013_3DB	2	49	2	2	2	0.481	
013_3DB	2	50	1	2	2	0.458	
013_3DB	2	51	2	2	2	0.430	
013_3DB	2	52	2	1	1	0.499	
013_3DB	2	53	1	2	2	0.527	
013_3DB	2	54	1	2	2	0.548	
013_3DB	2	55	2	1	1	0.479	
013_3DB	3	0	1	1	1	0.524	
013_3DB	3	1	1	2	2	0.479	
013_3DB	3	2	2	1	1	0.518	
013_3DB	3	3	1	1	1	0.457	
013_3DB	3	4	2	2	2	0.539	
013_3DB	3	5	2	2	2	0.626	
013_3DB	3	6	2	2	2	0.595	
013_3DB	3	7	2	2	2	0.578	
013_3DB	3	8	2	2	2	0.441	
013_3DB	3	9	1	1	1	0.494	
013_3DB	3	10	1	1	1	0.715	
013_3DB	3	11	1	1	1	0.459	
013_3DB	3	12	1	2	2	0.542	
013_3DB	3	13	2	1	1	0.552	
013_3DB	3	14	1	2	2	0.506	
013_3DB	3	15	1	1	1	0.504	
013_3DB	3	16	2	1	1	0.573	
013_3DB	3	17	2	1	1	0.494	
013_3DB	3	18	1	1	1	0.449	
013_3DB	3	19	2	2	2	0.533	
013_3DB	3	20	2	2	2	0.515	
013_3DB	3	21	1	1	1	0.549	
013_3DB	3	22	2	1	1	0.658	
013_3DB	3	23	2	1	1	0.570	
013_3DB	3	24	2	1	1	0.537	
013_3DB	3	25	2	2	2	0.554	
013_3DB	3	26	2	2	2	0.441	
013_3DB	3	27	1	2	2	0.626	
013_3DB	3	28	2	2	2	0.481	
013_3DB	3	29	1	2	2	0.450	
013_3DB	3	30	1	2	2	0.404	
013_3DB	3	31	1	1	1	0.520	
013_3DB	3	32	1	2	2	0.470	
013_3DB	3	33	2	1	1	0.483	
013_3DB	3	34	1	2	2	0.622	
013_3DB	3	35	1	2	2	0.489	
013_3DB	3	36	1	1	1	0.447	
013_3DB	3	37	1	2	2	0.496	
013_3DB	3	38	2	2	2	0.538	
013_3DB	3	39	2	2	2	0.495	
013_3DB	3	40	1	2	2	0.501	
013_3DB	3	41	1	1	1	0.462	
013_3DB	3	42	2	1	1	0.596	
013_3DB	3	43	2	1	1	0.472	
013_3DB	3	44	2	2	2	0.564	
013_3DB	3	45	1	2	2	0.460	
013_3DB	3	46	2	1	1	0.567	
013_3DB	3	47	1	1	1	0.528	
013_3DB	3	48	2	1	1	0.543	
013_3DB	3	49	1	1	1	0.532	
013_3DB	3	50	1	2	2	0.570	
013_3DB	3	51	2	1	1	0.535	
013_3DB	3	52	2	1	1	0.569	
013_3DB	3	53	1	1	1	0.462	
013_3DB	3	54	1	2	2	0.510	
013_3DB	3	55	2	2	2	0.484	
