sub	block	trial	congr	stim	resp	RT	
011_1KM	0	0	1	2	2	0.525	
011_1KM	0	1	1	1	1	0.489	
011_1KM	0	2	2	1	1	0.523	
011_1KM	0	3	1	2	2	0.394	
011_1KM	0	4	1	2	2	0.352	
011_1KM	0	5	1	1	1	0.386	
011_1KM	0	6	1	2	2	0.364	
011_1KM	0	7	1	2	2	0.355	
011_1KM	0	8	1	1	1	0.475	
011_1KM	0	9	1	2	2	0.403	
011_1KM	0	10	1	1	1	0.591	
011_1KM	0	11	1	1	1	0.460	
011_1KM	0	12	2	1	1	0.539	
011_1KM	0	13	2	2	2	0.441	
011_1KM	0	14	2	2	2	0.524	
011_1KM	0	15	2	2	2	0.475	
011_1KM	0	16	2	2	2	0.476	
011_1KM	0	17	2	2	2	0.516	
011_1KM	0	18	1	1	1	0.453	
011_1KM	0	19	1	2	2	0.545	
011_1KM	0	20	2	1	1	0.535	
011_1KM	0	21	2	1	1	0.453	
011_1KM	0	22	2	2	2	0.484	
011_1KM	0	23	1	2	2	0.413	
011_1KM	0	24	1	2	2	0.390	
011_1KM	0	25	1	2	2	0.372	
011_1KM	0	26	1	1	1	0.457	
011_1KM	0	27	2	2	2	0.450	
011_1KM	0	28	1	1	1	0.572	
011_1KM	0	29	2	1	1	0.458	
011_1KM	0	30	1	1	1	0.448	
011_1KM	0	31	2	1	1	0.476	
011_1KM	0	32	2	2	2	0.453	
011_1KM	0	33	1	1	1	0.441	
011_1KM	0	34	2	2	2	0.480	
011_1KM	0	35	1	1	1	0.522	
011_1KM	0	36	1	1	1	0.392	
011_1KM	0	37	1	2	2	0.378	
011_1KM	0	38	1	1	1	0.425	
011_1KM	0	39	2	2	2	0.481	
011_1KM	0	40	2	1	1	0.501	
011_1KM	0	41	2	1	1	0.524	
011_1KM	0	42	2	1	1	0.459	
011_1KM	0	43	2	1	2	0.439	
011_1KM	0	44	2	2	2	0.473	
011_1KM	0	45	2	1	1	0.521	
011_1KM	0	46	1	2	2	0.429	
011_1KM	0	47	2	2	2	0.555	
011_1KM	0	48	2	2	2	0.508	
011_1KM	0	49	1	2	2	0.509	
011_1KM	0	50	1	1	1	0.403	
011_1KM	0	51	1	2	2	0.445	
011_1KM	0	52	2	1	1	0.500	
011_1KM	0	53	2	1	1	0.495	
011_1KM	0	54	2	1	1	0.495	
011_1KM	0	55	2	2	2	0.644	
011_1KM	1	0	1	2	2	0.488	
011_1KM	1	1	1	1	1	0.449	
011_1KM	1	2	2	2	2	0.488	
011_1KM	1	3	1	1	1	0.668	
011_1KM	1	4	2	2	2	0.561	
011_1KM	1	5	2	1	1	0.532	
011_1KM	1	6	2	2	2	0.493	
011_1KM	1	7	2	2	2	0.457	
011_1KM	1	8	2	2	2	0.493	
011_1KM	1	9	1	1	1	0.689	
011_1KM	1	10	2	2	2	0.469	
011_1KM	1	11	1	2	2	0.466	
011_1KM	1	12	1	2	2	0.485	
011_1KM	1	13	1	2	2	0.534	
011_1KM	1	14	2	2	2	0.476	
011_1KM	1	15	1	2	2	0.443	
011_1KM	1	16	1	2	2	0.362	
011_1KM	1	17	2	2	2	0.452	
011_1KM	1	18	2	1	1	0.660	
011_1KM	1	19	2	2	2	0.411	
011_1KM	1	20	2	2	2	0.425	
011_1KM	1	21	1	1	1	0.459	
011_1KM	1	22	2	1	1	0.526	
011_1KM	1	23	1	2	2	0.421	
011_1KM	1	24	1	2	2	0.468	
011_1KM	1	25	1	2	2	0.399	
011_1KM	1	26	1	1	1	0.453	
011_1KM	1	27	2	1	1	0.616	
011_1KM	1	28	2	1	1	0.484	
011_1KM	1	29	2	1	1	0.546	
011_1KM	1	30	2	1	1	0.462	
011_1KM	1	31	1	2	2	0.418	
011_1KM	1	32	1	2	2	0.415	
011_1KM	1	33	2	2	2	0.512	
011_1KM	1	34	2	2	2	0.499	
011_1KM	1	35	2	1	1	0.495	
011_1KM	1	36	2	1	1	0.513	
011_1KM	1	37	1	1	1	0.432	
011_1KM	1	38	2	2	2	0.508	
011_1KM	1	39	1	2	2	0.420	
011_1KM	1	40	2	1	1	0.472	
011_1KM	1	41	1	1	1	0.537	
011_1KM	1	42	1	1	1	0.399	
011_1KM	1	43	1	1	1	0.468	
011_1KM	1	44	1	1	1	0.464	
011_1KM	1	45	2	1	1	0.481	
011_1KM	1	46	2	2	2	0.435	
011_1KM	1	47	1	1	1	0.458	
011_1KM	1	48	1	1	1	0.407	
011_1KM	1	49	2	1	1	0.498	
011_1KM	1	50	1	1	1	0.425	
011_1KM	1	51	1	2	2	0.471	
011_1KM	1	52	1	1	1	0.494	
011_1KM	1	53	1	2	2	0.424	
011_1KM	1	54	2	1	1	0.679	
011_1KM	1	55	2	1	1	0.486	
011_1KM	2	0	2	1	999	999.000	
011_1KM	2	1	1	1	1	0.444	
011_1KM	2	2	1	2	2	0.360	
011_1KM	2	3	2	2	2	0.569	
011_1KM	2	4	2	1	1	0.489	
011_1KM	2	5	1	2	2	0.347	
011_1KM	2	6	1	1	1	0.416	
011_1KM	2	7	1	2	2	0.393	
011_1KM	2	8	1	1	1	0.386	
011_1KM	2	9	2	2	2	0.475	
011_1KM	2	10	2	2	2	0.460	
011_1KM	2	11	2	2	2	0.422	
011_1KM	2	12	2	2	2	0.387	
011_1KM	2	13	2	1	1	0.530	
011_1KM	2	14	2	2	2	0.468	
011_1KM	2	15	1	1	1	0.420	
011_1KM	2	16	1	2	2	0.375	
011_1KM	2	17	1	2	2	0.370	
011_1KM	2	18	2	1	1	0.430	
011_1KM	2	19	2	1	1	0.482	
011_1KM	2	20	2	2	2	0.578	
011_1KM	2	21	1	2	2	0.421	
011_1KM	2	22	1	2	2	0.373	
011_1KM	2	23	2	2	2	0.532	
011_1KM	2	24	2	2	2	0.447	
011_1KM	2	25	2	1	1	0.444	
011_1KM	2	26	2	1	1	0.508	
011_1KM	2	27	1	1	1	0.439	
011_1KM	2	28	1	1	1	0.563	
011_1KM	2	29	2	2	2	0.463	
011_1KM	2	30	1	2	2	0.411	
011_1KM	2	31	1	1	1	0.407	
011_1KM	2	32	1	1	1	0.521	
011_1KM	2	33	1	1	1	0.422	
011_1KM	2	34	2	1	2	0.442	
011_1KM	2	35	1	1	1	0.402	
011_1KM	2	36	2	1	1	0.410	
011_1KM	2	37	2	2	2	0.511	
011_1KM	2	38	2	1	1	0.417	
011_1KM	2	39	1	2	2	0.383	
011_1KM	2	40	1	2	2	0.443	
011_1KM	2	41	1	1	1	0.430	
011_1KM	2	42	1	1	1	0.427	
011_1KM	2	43	1	2	2	0.436	
011_1KM	2	44	1	2	2	0.405	
011_1KM	2	45	2	1	1	0.516	
011_1KM	2	46	1	2	2	0.526	
011_1KM	2	47	1	1	1	0.479	
011_1KM	2	48	1	1	1	0.455	
011_1KM	2	49	2	2	2	0.458	
011_1KM	2	50	2	1	1	0.454	
011_1KM	2	51	2	1	1	0.486	
011_1KM	2	52	2	2	2	0.508	
011_1KM	2	53	2	2	2	0.513	
011_1KM	2	54	2	1	1	0.580	
011_1KM	2	55	1	2	2	0.371	
011_1KM	3	0	2	2	2	0.487	
011_1KM	3	1	2	1	1	0.486	
011_1KM	3	2	1	2	2	0.504	
011_1KM	3	3	1	2	2	0.435	
011_1KM	3	4	2	2	2	0.441	
011_1KM	3	5	2	2	2	0.463	
011_1KM	3	6	2	1	1	0.481	
011_1KM	3	7	2	1	1	0.505	
011_1KM	3	8	2	2	2	0.452	
011_1KM	3	9	1	2	2	0.399	
011_1KM	3	10	2	1	1	0.404	
011_1KM	3	11	2	1	1	0.458	
011_1KM	3	12	2	2	2	0.514	
011_1KM	3	13	1	2	2	0.392	
011_1KM	3	14	2	2	2	0.384	
011_1KM	3	15	2	1	1	0.487	
011_1KM	3	16	2	2	2	0.522	
011_1KM	3	17	2	1	1	0.468	
011_1KM	3	18	1	1	1	0.425	
011_1KM	3	19	2	1	1	0.529	
011_1KM	3	20	1	2	2	0.405	
011_1KM	3	21	1	1	1	0.523	
011_1KM	3	22	1	2	2	0.580	
011_1KM	3	23	1	1	1	0.805	
011_1KM	3	24	1	1	1	0.477	
011_1KM	3	25	1	2	2	0.356	
011_1KM	3	26	1	1	1	0.416	
011_1KM	3	27	1	1	1	0.387	
011_1KM	3	28	2	1	1	0.489	
011_1KM	3	29	2	2	2	0.496	
011_1KM	3	30	1	2	2	0.401	
011_1KM	3	31	1	1	1	0.544	
011_1KM	3	32	2	2	2	0.513	
011_1KM	3	33	1	2	2	0.454	
011_1KM	3	34	1	2	2	0.412	
011_1KM	3	35	2	1	1	0.540	
011_1KM	3	36	1	1	1	0.413	
011_1KM	3	37	2	1	1	0.512	
011_1KM	3	38	2	2	2	0.466	
011_1KM	3	39	1	1	1	0.472	
011_1KM	3	40	1	1	1	0.445	
011_1KM	3	41	2	1	1	0.419	
011_1KM	3	42	1	1	1	0.387	
011_1KM	3	43	1	2	2	0.385	
011_1KM	3	44	2	2	2	0.435	
011_1KM	3	45	2	2	2	0.445	
011_1KM	3	46	1	1	1	0.724	
011_1KM	3	47	1	2	2	0.456	
011_1KM	3	48	2	2	2	0.469	
011_1KM	3	49	1	1	1	0.617	
011_1KM	3	50	1	1	1	0.645	
011_1KM	3	51	2	1	1	0.513	
011_1KM	3	52	2	2	2	0.418	
011_1KM	3	53	2	1	1	0.461	
011_1KM	3	54	1	2	2	0.471	
011_1KM	3	55	1	2	2	0.508	
