sub	block	trial	congr	stim	resp	RT	
010_1KM	0	0	2	1	1	0.700	
010_1KM	0	1	2	2	2	0.497	
010_1KM	0	2	2	2	2	0.473	
010_1KM	0	3	1	1	1	0.380	
010_1KM	0	4	2	1	1	0.464	
010_1KM	0	5	1	2	2	0.339	
010_1KM	0	6	1	2	2	0.412	
010_1KM	0	7	1	1	1	0.350	
010_1KM	0	8	1	2	2	0.341	
010_1KM	0	9	2	1	1	0.456	
010_1KM	0	10	2	2	2	0.444	
010_1KM	0	11	1	2	2	0.436	
010_1KM	0	12	2	1	1	0.423	
010_1KM	0	13	1	2	2	0.347	
010_1KM	0	14	1	1	1	0.314	
010_1KM	0	15	2	1	2	0.473	
010_1KM	0	16	2	2	2	0.465	
010_1KM	0	17	2	1	1	0.447	
010_1KM	0	18	2	2	2	0.447	
010_1KM	0	19	2	2	2	0.518	
010_1KM	0	20	1	1	1	0.393	
010_1KM	0	21	1	1	1	0.429	
010_1KM	0	22	1	2	2	0.402	
010_1KM	0	23	1	2	2	0.378	
010_1KM	0	24	1	2	2	0.341	
010_1KM	0	25	1	1	1	0.390	
010_1KM	0	26	1	1	1	0.412	
010_1KM	0	27	1	1	1	0.410	
010_1KM	0	28	1	1	1	0.364	
010_1KM	0	29	2	1	1	0.414	
010_1KM	0	30	2	1	1	0.445	
010_1KM	0	31	2	2	2	0.412	
010_1KM	0	32	1	2	2	0.386	
010_1KM	0	33	2	1	1	0.431	
010_1KM	0	34	1	2	2	0.433	
010_1KM	0	35	2	2	2	0.413	
010_1KM	0	36	1	1	1	0.445	
010_1KM	0	37	2	1	1	0.486	
010_1KM	0	38	2	1	1	0.511	
010_1KM	0	39	2	2	2	0.445	
010_1KM	0	40	1	1	1	0.359	
010_1KM	0	41	2	1	1	0.475	
010_1KM	0	42	2	2	2	0.439	
010_1KM	0	43	1	2	2	0.417	
010_1KM	0	44	2	2	2	0.460	
010_1KM	0	45	1	1	1	0.484	
010_1KM	0	46	2	1	1	0.466	
010_1KM	0	47	2	1	1	0.399	
010_1KM	0	48	1	2	2	0.392	
010_1KM	0	49	1	1	1	0.368	
010_1KM	0	50	2	2	2	0.503	
010_1KM	0	51	1	2	2	0.553	
010_1KM	0	52	2	2	2	0.423	
010_1KM	0	53	2	2	2	0.434	
010_1KM	0	54	1	2	2	0.449	
010_1KM	0	55	1	1	1	0.366	
010_1KM	1	0	1	1	1	0.394	
010_1KM	1	1	2	2	2	0.432	
010_1KM	1	2	1	1	1	0.428	
010_1KM	1	3	2	2	2	0.466	
010_1KM	1	4	1	2	2	0.419	
010_1KM	1	5	1	2	2	0.374	
010_1KM	1	6	2	1	1	0.434	
010_1KM	1	7	2	2	2	0.424	
010_1KM	1	8	1	1	1	0.378	
010_1KM	1	9	2	1	1	0.457	
010_1KM	1	10	1	2	2	0.410	
010_1KM	1	11	2	1	1	0.428	
010_1KM	1	12	2	1	1	0.516	
010_1KM	1	13	1	1	1	0.411	
010_1KM	1	14	2	1	1	0.485	
010_1KM	1	15	2	1	1	0.453	
010_1KM	1	16	2	2	2	0.443	
010_1KM	1	17	1	1	1	0.435	
010_1KM	1	18	2	1	1	0.516	
010_1KM	1	19	1	2	2	0.430	
010_1KM	1	20	1	2	2	0.400	
010_1KM	1	21	1	2	2	0.362	
010_1KM	1	22	2	2	2	0.432	
010_1KM	1	23	2	2	2	0.395	
010_1KM	1	24	2	2	2	0.410	
010_1KM	1	25	1	1	1	0.416	
010_1KM	1	26	2	1	1	0.473	
010_1KM	1	27	1	1	1	0.339	
010_1KM	1	28	1	2	2	0.458	
010_1KM	1	29	2	2	2	0.440	
010_1KM	1	30	1	1	1	0.481	
010_1KM	1	31	1	2	2	0.565	
010_1KM	1	32	2	2	2	0.439	
010_1KM	1	33	1	1	1	0.391	
010_1KM	1	34	2	1	1	0.354	
010_1KM	1	35	1	1	1	0.371	
010_1KM	1	36	1	2	2	0.383	
010_1KM	1	37	2	2	2	0.381	
010_1KM	1	38	2	1	1	0.515	
010_1KM	1	39	1	1	1	0.398	
010_1KM	1	40	1	1	1	0.410	
010_1KM	1	41	1	2	2	0.373	
010_1KM	1	42	2	1	1	0.453	
010_1KM	1	43	2	2	2	0.472	
010_1KM	1	44	1	1	1	0.392	
010_1KM	1	45	2	1	1	0.447	
010_1KM	1	46	2	2	2	0.462	
010_1KM	1	47	1	2	2	0.385	
010_1KM	1	48	2	1	1	0.426	
010_1KM	1	49	1	2	2	0.432	
010_1KM	1	50	1	1	1	0.340	
010_1KM	1	51	2	1	1	0.392	
010_1KM	1	52	2	2	2	0.448	
010_1KM	1	53	1	2	2	0.400	
010_1KM	1	54	2	2	2	0.428	
010_1KM	1	55	1	2	2	0.370	
010_1KM	2	0	1	1	1	0.423	
010_1KM	2	1	1	2	2	0.404	
010_1KM	2	2	2	2	2	0.450	
010_1KM	2	3	1	1	1	0.348	
010_1KM	2	4	1	1	1	0.412	
010_1KM	2	5	1	1	1	0.378	
010_1KM	2	6	2	1	1	0.414	
010_1KM	2	7	2	1	1	0.440	
010_1KM	2	8	1	2	2	0.343	
010_1KM	2	9	1	1	1	0.419	
010_1KM	2	10	2	1	1	0.437	
010_1KM	2	11	2	2	2	0.456	
010_1KM	2	12	1	2	2	0.382	
010_1KM	2	13	1	1	1	0.416	
010_1KM	2	14	1	1	1	0.444	
010_1KM	2	15	1	2	2	0.385	
010_1KM	2	16	2	2	2	0.463	
010_1KM	2	17	1	2	2	0.385	
010_1KM	2	18	1	1	1	0.317	
010_1KM	2	19	1	1	1	0.398	
010_1KM	2	20	2	2	2	0.495	
010_1KM	2	21	1	2	2	0.418	
010_1KM	2	22	2	1	1	0.426	
010_1KM	2	23	2	1	1	0.492	
010_1KM	2	24	1	1	1	0.406	
010_1KM	2	25	1	2	2	0.420	
010_1KM	2	26	1	2	2	0.314	
010_1KM	2	27	2	2	2	0.461	
010_1KM	2	28	2	1	1	0.496	
010_1KM	2	29	2	2	2	0.437	
010_1KM	2	30	2	2	2	0.544	
010_1KM	2	31	1	2	2	0.359	
010_1KM	2	32	2	2	2	0.537	
010_1KM	2	33	1	2	2	0.374	
010_1KM	2	34	2	1	1	0.422	
010_1KM	2	35	2	2	2	0.420	
010_1KM	2	36	1	2	2	0.361	
010_1KM	2	37	2	1	1	0.463	
010_1KM	2	38	2	2	2	0.413	
010_1KM	2	39	1	2	2	0.366	
010_1KM	2	40	1	1	1	0.420	
010_1KM	2	41	1	1	1	0.393	
010_1KM	2	42	1	2	2	0.441	
010_1KM	2	43	2	1	2	0.424	
010_1KM	2	44	1	2	2	0.422	
010_1KM	2	45	2	2	2	0.533	
010_1KM	2	46	2	1	1	0.474	
010_1KM	2	47	2	1	1	0.439	
010_1KM	2	48	2	2	2	0.486	
010_1KM	2	49	2	1	1	0.394	
010_1KM	2	50	2	1	1	0.482	
010_1KM	2	51	1	1	1	0.392	
010_1KM	2	52	2	2	2	0.518	
010_1KM	2	53	1	1	1	0.434	
010_1KM	2	54	2	2	2	0.558	
010_1KM	2	55	2	1	1	0.517	
010_1KM	3	0	1	1	1	0.419	
010_1KM	3	1	2	2	2	0.506	
010_1KM	3	2	2	1	1	0.527	
010_1KM	3	3	2	1	1	0.415	
010_1KM	3	4	1	1	1	0.414	
010_1KM	3	5	1	2	2	0.406	
010_1KM	3	6	1	2	2	0.462	
010_1KM	3	7	1	1	1	0.442	
010_1KM	3	8	2	2	2	0.437	
010_1KM	3	9	2	2	2	0.539	
010_1KM	3	10	2	1	1	0.473	
010_1KM	3	11	2	2	2	0.482	
010_1KM	3	12	2	1	1	0.474	
010_1KM	3	13	2	1	1	0.429	
010_1KM	3	14	2	2	2	0.465	
010_1KM	3	15	1	1	1	0.436	
010_1KM	3	16	1	2	2	0.457	
010_1KM	3	17	2	1	1	0.505	
010_1KM	3	18	1	2	2	0.426	
010_1KM	3	19	2	2	2	0.453	
010_1KM	3	20	2	2	2	0.475	
010_1KM	3	21	1	2	2	0.487	
010_1KM	3	22	1	2	2	0.461	
010_1KM	3	23	2	2	2	0.443	
010_1KM	3	24	1	1	1	0.403	
010_1KM	3	25	2	1	1	0.474	
010_1KM	3	26	2	1	1	0.470	
010_1KM	3	27	1	2	2	0.382	
010_1KM	3	28	1	2	2	0.427	
010_1KM	3	29	2	2	2	0.458	
010_1KM	3	30	1	1	1	0.415	
010_1KM	3	31	2	2	2	0.460	
010_1KM	3	32	1	1	1	0.441	
010_1KM	3	33	1	2	2	0.352	
010_1KM	3	34	1	2	2	0.454	
010_1KM	3	35	1	1	1	0.375	
010_1KM	3	36	2	2	2	0.461	
010_1KM	3	37	2	2	2	0.474	
010_1KM	3	38	2	1	1	0.460	
010_1KM	3	39	2	1	1	0.449	
010_1KM	3	40	1	2	2	0.459	
010_1KM	3	41	1	2	2	0.435	
010_1KM	3	42	2	2	2	0.446	
010_1KM	3	43	2	1	1	0.370	
010_1KM	3	44	1	1	1	0.430	
010_1KM	3	45	1	1	1	0.420	
010_1KM	3	46	1	2	2	0.449	
010_1KM	3	47	1	1	1	0.386	
010_1KM	3	48	2	1	1	0.534	
010_1KM	3	49	2	1	1	0.483	
010_1KM	3	50	2	1	1	0.585	
010_1KM	3	51	1	1	1	0.410	
010_1KM	3	52	1	1	1	0.387	
010_1KM	3	53	1	1	1	0.404	
010_1KM	3	54	1	2	2	0.331	
010_1KM	3	55	2	2	2	0.439	
