sub	block	trial	congr	stim	resp	RT	
008_3DB	0	0	1	2	2	0.409	
008_3DB	0	1	1	2	2	0.349	
008_3DB	0	2	1	2	2	0.306	
008_3DB	0	3	2	1	1	0.408	
008_3DB	0	4	1	1	1	0.379	
008_3DB	0	5	2	2	1	0.418	
008_3DB	0	6	2	2	1	0.400	
008_3DB	0	7	1	2	2	0.333	
008_3DB	0	8	1	1	1	0.411	
008_3DB	0	9	1	2	2	0.398	
008_3DB	0	10	1	2	2	0.340	
008_3DB	0	11	1	2	2	0.321	
008_3DB	0	12	1	1	1	0.427	
008_3DB	0	13	2	1	2	0.497	
008_3DB	0	14	2	1	1	0.392	
008_3DB	0	15	2	2	2	0.428	
008_3DB	0	16	1	2	2	0.438	
008_3DB	0	17	2	1	1	0.542	
008_3DB	0	18	1	2	2	0.445	
008_3DB	0	19	1	2	2	0.394	
008_3DB	0	20	2	2	2	0.525	
008_3DB	0	21	2	1	1	0.576	
008_3DB	0	22	2	2	2	0.517	
008_3DB	0	23	1	1	1	0.488	
008_3DB	0	24	2	2	2	0.434	
008_3DB	0	25	1	1	1	0.361	
008_3DB	0	26	1	1	1	0.401	
008_3DB	0	27	2	2	2	0.474	
008_3DB	0	28	1	2	2	0.414	
008_3DB	0	29	1	1	1	0.431	
008_3DB	0	30	2	1	1	0.422	
008_3DB	0	31	2	2	2	0.446	
008_3DB	0	32	1	1	1	0.480	
008_3DB	0	33	1	1	1	0.401	
008_3DB	0	34	2	2	2	0.371	
008_3DB	0	35	2	2	2	0.414	
008_3DB	0	36	1	2	2	0.363	
008_3DB	0	37	2	2	2	0.448	
008_3DB	0	38	1	1	1	0.415	
008_3DB	0	39	1	1	1	0.429	
008_3DB	0	40	2	1	1	0.553	
008_3DB	0	41	2	2	2	0.417	
008_3DB	0	42	2	1	1	0.552	
008_3DB	0	43	1	1	1	0.344	
008_3DB	0	44	1	1	1	0.380	
008_3DB	0	45	2	1	1	0.485	
008_3DB	0	46	2	1	1	0.442	
008_3DB	0	47	1	1	1	0.357	
008_3DB	0	48	2	2	2	0.413	
008_3DB	0	49	2	1	1	0.562	
008_3DB	0	50	1	2	1	0.533	
008_3DB	0	51	2	2	2	0.522	
008_3DB	0	52	2	1	1	0.423	
008_3DB	0	53	2	1	1	0.429	
008_3DB	0	54	2	1	1	0.483	
008_3DB	0	55	1	2	1	0.505	
008_3DB	1	0	2	1	2	0.477	
008_3DB	1	1	1	1	1	0.466	
008_3DB	1	2	2	2	2	0.470	
008_3DB	1	3	1	2	2	0.427	
008_3DB	1	4	2	1	1	0.443	
008_3DB	1	5	2	2	2	0.515	
008_3DB	1	6	1	1	1	0.452	
008_3DB	1	7	1	1	1	0.419	
008_3DB	1	8	1	1	1	0.398	
008_3DB	1	9	2	1	1	0.547	
008_3DB	1	10	2	2	2	0.419	
008_3DB	1	11	2	2	2	0.436	
008_3DB	1	12	1	2	2	0.360	
008_3DB	1	13	1	1	1	0.475	
008_3DB	1	14	1	2	2	0.420	
008_3DB	1	15	2	1	1	0.546	
008_3DB	1	16	1	2	2	0.462	
008_3DB	1	17	1	2	2	0.352	
008_3DB	1	18	1	2	2	0.387	
008_3DB	1	19	2	2	2	0.442	
008_3DB	1	20	2	1	1	0.462	
008_3DB	1	21	2	1	1	0.471	
008_3DB	1	22	2	2	2	0.426	
008_3DB	1	23	1	1	1	0.433	
008_3DB	1	24	1	1	1	0.472	
008_3DB	1	25	2	2	2	0.469	
008_3DB	1	26	2	1	1	0.504	
008_3DB	1	27	1	2	2	0.412	
008_3DB	1	28	2	2	2	0.498	
008_3DB	1	29	1	2	2	0.369	
008_3DB	1	30	1	2	2	0.406	
008_3DB	1	31	2	1	1	0.500	
008_3DB	1	32	2	2	2	0.458	
008_3DB	1	33	2	2	2	0.433	
008_3DB	1	34	1	1	1	0.474	
008_3DB	1	35	1	1	1	0.402	
008_3DB	1	36	1	1	1	0.439	
008_3DB	1	37	1	2	2	0.389	
008_3DB	1	38	1	2	2	0.341	
008_3DB	1	39	2	2	2	0.450	
008_3DB	1	40	2	1	1	0.498	
008_3DB	1	41	2	1	1	0.472	
008_3DB	1	42	1	2	2	0.486	
008_3DB	1	43	2	1	1	0.498	
008_3DB	1	44	2	2	2	0.432	
008_3DB	1	45	2	2	2	0.468	
008_3DB	1	46	1	1	1	0.629	
008_3DB	1	47	1	1	1	0.410	
008_3DB	1	48	2	1	1	0.450	
008_3DB	1	49	1	1	1	0.392	
008_3DB	1	50	2	1	1	0.474	
008_3DB	1	51	1	1	1	0.353	
008_3DB	1	52	1	2	2	0.429	
008_3DB	1	53	2	1	1	0.493	
008_3DB	1	54	2	2	2	0.508	
008_3DB	1	55	1	2	2	0.343	
008_3DB	2	0	1	2	2	0.445	
008_3DB	2	1	1	2	2	0.366	
008_3DB	2	2	1	2	2	0.330	
008_3DB	2	3	2	1	1	0.667	
008_3DB	2	4	1	1	1	0.429	
008_3DB	2	5	2	2	2	0.511	
008_3DB	2	6	2	2	2	0.442	
008_3DB	2	7	1	1	1	0.492	
008_3DB	2	8	2	1	1	0.475	
008_3DB	2	9	1	2	2	0.396	
008_3DB	2	10	1	1	1	0.509	
008_3DB	2	11	1	1	1	0.382	
008_3DB	2	12	2	1	1	0.560	
008_3DB	2	13	2	1	1	0.494	
008_3DB	2	14	1	1	1	0.385	
008_3DB	2	15	2	2	2	0.454	
008_3DB	2	16	2	1	1	0.510	
008_3DB	2	17	2	2	2	0.465	
008_3DB	2	18	2	2	2	0.472	
008_3DB	2	19	2	1	1	0.447	
008_3DB	2	20	2	1	1	0.542	
008_3DB	2	21	2	2	2	0.511	
008_3DB	2	22	1	2	2	0.405	
008_3DB	2	23	1	1	2	0.476	
008_3DB	2	24	2	1	1	0.493	
008_3DB	2	25	2	2	2	0.414	
008_3DB	2	26	1	2	2	0.501	
008_3DB	2	27	2	2	2	0.481	
008_3DB	2	28	1	1	1	0.511	
008_3DB	2	29	1	1	1	0.588	
008_3DB	2	30	1	2	2	0.442	
008_3DB	2	31	2	2	2	0.523	
008_3DB	2	32	2	1	1	0.458	
008_3DB	2	33	1	2	2	0.388	
008_3DB	2	34	1	2	2	0.346	
008_3DB	2	35	1	1	1	0.437	
008_3DB	2	36	2	2	2	0.448	
008_3DB	2	37	1	2	2	0.392	
008_3DB	2	38	2	2	2	0.429	
008_3DB	2	39	1	2	2	0.353	
008_3DB	2	40	2	2	2	0.450	
008_3DB	2	41	1	1	1	0.437	
008_3DB	2	42	1	1	1	0.618	
008_3DB	2	43	2	1	1	0.551	
008_3DB	2	44	2	1	1	0.546	
008_3DB	2	45	2	1	1	0.448	
008_3DB	2	46	1	2	2	0.447	
008_3DB	2	47	2	1	1	0.460	
008_3DB	2	48	2	2	2	0.511	
008_3DB	2	49	1	2	2	0.382	
008_3DB	2	50	1	1	1	0.397	
008_3DB	2	51	2	2	2	0.433	
008_3DB	2	52	1	1	1	0.460	
008_3DB	2	53	1	2	2	0.358	
008_3DB	2	54	1	1	1	0.410	
008_3DB	2	55	2	1	1	0.513	
008_3DB	3	0	2	1	1	0.566	
008_3DB	3	1	1	1	1	0.382	
008_3DB	3	2	2	2	2	0.431	
008_3DB	3	3	1	1	1	0.384	
008_3DB	3	4	2	1	2	0.480	
008_3DB	3	5	1	1	1	0.434	
008_3DB	3	6	2	1	1	0.509	
008_3DB	3	7	2	2	2	0.464	
008_3DB	3	8	1	2	2	0.384	
008_3DB	3	9	1	2	2	0.347	
008_3DB	3	10	1	2	2	0.364	
008_3DB	3	11	2	2	2	0.431	
008_3DB	3	12	2	2	2	0.495	
008_3DB	3	13	1	2	2	0.352	
008_3DB	3	14	2	1	1	0.840	
008_3DB	3	15	1	1	1	0.429	
008_3DB	3	16	2	2	2	0.424	
008_3DB	3	17	2	2	2	0.449	
008_3DB	3	18	1	1	1	0.435	
008_3DB	3	19	2	1	1	0.494	
008_3DB	3	20	2	1	1	0.394	
008_3DB	3	21	1	1	1	0.379	
008_3DB	3	22	2	2	2	0.415	
008_3DB	3	23	2	1	1	0.484	
008_3DB	3	24	2	2	2	0.394	
008_3DB	3	25	2	1	1	0.453	
008_3DB	3	26	2	2	2	0.476	
008_3DB	3	27	2	2	2	0.352	
008_3DB	3	28	1	1	1	0.480	
008_3DB	3	29	2	2	2	0.724	
008_3DB	3	30	2	1	1	0.492	
008_3DB	3	31	1	1	1	0.484	
008_3DB	3	32	1	2	2	0.419	
008_3DB	3	33	2	2	2	0.440	
008_3DB	3	34	1	1	1	0.373	
008_3DB	3	35	1	1	1	0.375	
008_3DB	3	36	1	2	2	0.439	
008_3DB	3	37	2	1	1	0.496	
008_3DB	3	38	1	2	2	0.403	
008_3DB	3	39	1	2	2	0.372	
008_3DB	3	40	1	2	2	0.373	
008_3DB	3	41	1	2	2	0.333	
008_3DB	3	42	2	1	1	0.682	
008_3DB	3	43	1	1	1	0.378	
008_3DB	3	44	1	2	2	0.376	
008_3DB	3	45	1	2	2	0.410	
008_3DB	3	46	1	2	2	0.326	
008_3DB	3	47	1	2	2	0.341	
008_3DB	3	48	1	1	1	0.475	
008_3DB	3	49	1	1	1	0.423	
008_3DB	3	50	2	1	1	0.651	
008_3DB	3	51	2	1	1	0.501	
008_3DB	3	52	2	2	2	0.474	
008_3DB	3	53	1	1	1	0.463	
008_3DB	3	54	2	2	2	0.429	
008_3DB	3	55	2	1	1	0.408	
