sub	block	trial	congr	stim	resp	RT	
013_1BL	0	0	1	1	1	0.728	
013_1BL	0	1	1	2	2	0.488	
013_1BL	0	2	2	2	2	0.561	
013_1BL	0	3	2	1	1	0.663	
013_1BL	0	4	2	2	2	0.564	
013_1BL	0	5	1	2	2	0.483	
013_1BL	0	6	2	2	2	0.591	
013_1BL	0	7	1	1	1	0.478	
013_1BL	0	8	2	1	1	0.639	
013_1BL	0	9	1	2	2	0.610	
013_1BL	0	10	2	2	2	0.504	
013_1BL	0	11	1	2	2	0.490	
013_1BL	0	12	2	1	1	0.552	
013_1BL	0	13	2	2	2	0.490	
013_1BL	0	14	1	1	1	0.391	
013_1BL	0	15	2	2	2	0.552	
013_1BL	0	16	1	2	2	0.386	
013_1BL	0	17	1	1	1	0.443	
013_1BL	0	18	1	2	2	0.524	
013_1BL	0	19	2	1	1	0.425	
013_1BL	0	20	1	2	2	0.515	
013_1BL	0	21	2	1	1	0.623	
013_1BL	0	22	1	2	2	0.445	
013_1BL	0	23	1	1	1	0.500	
013_1BL	0	24	1	2	2	0.473	
013_1BL	0	25	2	1	1	0.444	
013_1BL	0	26	1	1	1	0.420	
013_1BL	0	27	1	1	1	0.438	
013_1BL	0	28	2	2	2	0.521	
013_1BL	0	29	2	1	1	0.535	
013_1BL	0	30	2	1	1	0.596	
013_1BL	0	31	1	1	1	0.473	
013_1BL	0	32	1	1	1	0.449	
013_1BL	0	33	2	1	1	0.543	
013_1BL	0	34	1	1	1	0.429	
013_1BL	0	35	1	1	1	0.401	
013_1BL	0	36	2	1	1	0.466	
013_1BL	0	37	2	2	2	0.508	
013_1BL	0	38	2	1	1	0.458	
013_1BL	0	39	1	2	2	0.455	
013_1BL	0	40	2	1	1	0.423	
013_1BL	0	41	1	1	1	0.474	
013_1BL	0	42	1	1	1	0.411	
013_1BL	0	43	2	2	2	0.522	
013_1BL	0	44	2	1	1	0.541	
013_1BL	0	45	2	2	2	0.464	
013_1BL	0	46	1	2	1	0.595	
013_1BL	0	47	2	2	2	0.503	
013_1BL	0	48	1	2	2	0.553	
013_1BL	0	49	1	1	1	0.497	
013_1BL	0	50	2	2	2	0.504	
013_1BL	0	51	1	2	2	0.599	
013_1BL	0	52	2	2	2	0.596	
013_1BL	0	53	2	1	1	0.555	
013_1BL	0	54	2	2	2	0.494	
013_1BL	0	55	1	2	2	0.433	
013_1BL	1	0	2	2	2	0.637	
013_1BL	1	1	1	1	1	0.495	
013_1BL	1	2	1	1	1	0.496	
013_1BL	1	3	2	2	2	0.507	
013_1BL	1	4	1	2	2	0.480	
013_1BL	1	5	2	1	1	0.532	
013_1BL	1	6	1	1	1	0.443	
013_1BL	1	7	2	1	1	0.580	
013_1BL	1	8	2	2	2	0.500	
013_1BL	1	9	2	1	1	0.573	
013_1BL	1	10	1	1	1	0.531	
013_1BL	1	11	1	2	2	0.440	
013_1BL	1	12	1	1	1	0.490	
013_1BL	1	13	2	1	1	0.567	
013_1BL	1	14	1	2	2	0.583	
013_1BL	1	15	1	1	1	0.391	
013_1BL	1	16	2	1	1	0.484	
013_1BL	1	17	2	2	2	0.565	
013_1BL	1	18	2	1	1	0.577	
013_1BL	1	19	1	1	1	0.566	
013_1BL	1	20	1	2	2	0.531	
013_1BL	1	21	2	1	1	0.481	
013_1BL	1	22	1	1	1	0.471	
013_1BL	1	23	1	2	2	0.503	
013_1BL	1	24	2	2	2	0.608	
013_1BL	1	25	1	2	2	0.507	
013_1BL	1	26	1	2	2	0.486	
013_1BL	1	27	2	1	1	0.536	
013_1BL	1	28	1	2	2	0.498	
013_1BL	1	29	2	1	1	0.625	
013_1BL	1	30	2	2	2	0.604	
013_1BL	1	31	2	2	2	0.508	
013_1BL	1	32	2	2	2	0.532	
013_1BL	1	33	2	1	1	0.681	
013_1BL	1	34	2	2	2	0.782	
013_1BL	1	35	2	2	2	0.525	
013_1BL	1	36	2	1	1	0.555	
013_1BL	1	37	2	2	2	0.538	
013_1BL	1	38	1	1	1	0.486	
013_1BL	1	39	1	2	2	0.494	
013_1BL	1	40	1	1	1	0.493	
013_1BL	1	41	2	2	2	0.543	
013_1BL	1	42	1	2	2	0.474	
013_1BL	1	43	1	2	2	0.487	
013_1BL	1	44	1	1	1	0.527	
013_1BL	1	45	1	1	1	0.504	
013_1BL	1	46	2	1	1	0.600	
013_1BL	1	47	1	2	2	0.587	
013_1BL	1	48	2	2	2	0.739	
013_1BL	1	49	2	2	2	0.615	
013_1BL	1	50	2	1	1	0.582	
013_1BL	1	51	1	1	1	0.489	
013_1BL	1	52	1	1	1	0.493	
013_1BL	1	53	1	2	2	0.523	
013_1BL	1	54	2	1	1	0.627	
013_1BL	1	55	1	2	2	0.494	
013_1BL	2	0	1	2	2	0.566	
013_1BL	2	1	1	2	2	0.502	
013_1BL	2	2	1	2	2	0.470	
013_1BL	2	3	1	1	1	0.445	
013_1BL	2	4	2	1	1	0.521	
013_1BL	2	5	1	1	1	0.439	
013_1BL	2	6	1	2	2	0.491	
013_1BL	2	7	2	1	1	0.525	
013_1BL	2	8	2	1	1	0.559	
013_1BL	2	9	2	1	1	0.551	
013_1BL	2	10	2	1	1	0.576	
013_1BL	2	11	2	2	2	0.663	
013_1BL	2	12	1	2	2	0.426	
013_1BL	2	13	2	1	1	0.554	
013_1BL	2	14	1	2	2	0.443	
013_1BL	2	15	2	2	2	0.663	
013_1BL	2	16	1	2	2	0.438	
013_1BL	2	17	1	2	2	0.454	
013_1BL	2	18	2	2	2	0.563	
013_1BL	2	19	1	1	1	0.499	
013_1BL	2	20	2	2	2	0.533	
013_1BL	2	21	2	1	1	0.567	
013_1BL	2	22	2	2	2	0.545	
013_1BL	2	23	1	1	1	0.475	
013_1BL	2	24	1	1	1	0.469	
013_1BL	2	25	2	2	2	0.571	
013_1BL	2	26	1	2	2	0.562	
013_1BL	2	27	1	1	1	0.526	
013_1BL	2	28	1	1	1	0.449	
013_1BL	2	29	2	1	1	0.500	
013_1BL	2	30	2	1	1	0.552	
013_1BL	2	31	1	1	1	0.475	
013_1BL	2	32	2	2	2	0.506	
013_1BL	2	33	2	2	2	0.547	
013_1BL	2	34	2	2	2	0.604	
013_1BL	2	35	2	1	1	0.579	
013_1BL	2	36	1	2	2	0.486	
013_1BL	2	37	1	2	2	0.436	
013_1BL	2	38	1	1	1	0.477	
013_1BL	2	39	2	2	2	0.619	
013_1BL	2	40	2	2	2	0.528	
013_1BL	2	41	2	1	1	0.594	
013_1BL	2	42	1	1	1	0.520	
013_1BL	2	43	2	2	2	0.747	
013_1BL	2	44	2	1	1	0.758	
013_1BL	2	45	1	1	1	0.495	
013_1BL	2	46	1	2	2	0.627	
013_1BL	2	47	1	2	2	0.504	
013_1BL	2	48	1	2	2	0.484	
013_1BL	2	49	2	1	1	0.542	
013_1BL	2	50	1	1	1	0.470	
013_1BL	2	51	2	2	2	0.513	
013_1BL	2	52	1	1	1	0.479	
013_1BL	2	53	2	1	1	0.570	
013_1BL	2	54	1	1	1	0.456	
013_1BL	2	55	2	2	2	0.502	
013_1BL	3	0	2	1	1	0.608	
013_1BL	3	1	1	2	2	0.496	
013_1BL	3	2	1	1	1	0.431	
013_1BL	3	3	2	2	2	0.638	
013_1BL	3	4	1	1	1	0.394	
013_1BL	3	5	1	1	1	0.488	
013_1BL	3	6	1	1	1	0.499	
013_1BL	3	7	2	1	1	0.518	
013_1BL	3	8	2	2	2	0.555	
013_1BL	3	9	2	1	1	0.739	
013_1BL	3	10	1	1	1	0.492	
013_1BL	3	11	2	1	1	0.556	
013_1BL	3	12	2	2	2	0.498	
013_1BL	3	13	2	2	2	0.554	
013_1BL	3	14	1	1	1	0.518	
013_1BL	3	15	2	1	1	0.550	
013_1BL	3	16	2	2	2	0.595	
013_1BL	3	17	2	2	2	0.549	
013_1BL	3	18	1	2	2	0.428	
013_1BL	3	19	2	1	1	0.501	
013_1BL	3	20	1	1	1	0.468	
013_1BL	3	21	2	1	1	0.603	
013_1BL	3	22	2	2	2	0.565	
013_1BL	3	23	2	2	2	0.465	
013_1BL	3	24	2	1	1	0.508	
013_1BL	3	25	1	1	1	0.542	
013_1BL	3	26	1	2	2	0.520	
013_1BL	3	27	2	1	2	0.573	
013_1BL	3	28	1	2	2	0.586	
013_1BL	3	29	1	2	2	0.577	
013_1BL	3	30	2	2	2	0.498	
013_1BL	3	31	2	1	1	0.544	
013_1BL	3	32	1	1	1	0.447	
013_1BL	3	33	1	1	1	0.421	
013_1BL	3	34	2	1	1	0.580	
013_1BL	3	35	2	1	1	0.543	
013_1BL	3	36	1	2	2	0.511	
013_1BL	3	37	1	2	2	0.474	
013_1BL	3	38	2	2	2	0.576	
013_1BL	3	39	2	2	2	0.493	
013_1BL	3	40	1	1	1	0.503	
013_1BL	3	41	1	2	2	0.552	
013_1BL	3	42	2	2	2	0.604	
013_1BL	3	43	1	2	2	0.484	
013_1BL	3	44	1	1	1	0.756	
013_1BL	3	45	1	2	2	0.724	
013_1BL	3	46	1	2	2	0.539	
013_1BL	3	47	1	1	1	0.471	
013_1BL	3	48	2	2	2	0.550	
013_1BL	3	49	2	1	1	0.572	
013_1BL	3	50	2	1	1	0.619	
013_1BL	3	51	1	1	1	0.487	
013_1BL	3	52	2	2	2	0.591	
013_1BL	3	53	1	2	2	0.437	
013_1BL	3	54	1	2	2	0.424	
013_1BL	3	55	1	2	2	0.396	
