sub	block	trial	congr	stim	resp	RT	
007_3DB	0	0	2	2	2	0.469	
007_3DB	0	1	2	1	1	0.443	
007_3DB	0	2	1	2	2	0.330	
007_3DB	0	3	2	2	2	0.465	
007_3DB	0	4	2	1	1	0.462	
007_3DB	0	5	1	1	1	0.365	
007_3DB	0	6	1	1	1	0.373	
007_3DB	0	7	1	1	1	0.323	
007_3DB	0	8	1	2	2	0.397	
007_3DB	0	9	1	2	2	0.361	
007_3DB	0	10	1	1	1	0.377	
007_3DB	0	11	1	1	1	0.355	
007_3DB	0	12	1	2	2	0.328	
007_3DB	0	13	1	2	2	0.391	
007_3DB	0	14	1	2	2	0.353	
007_3DB	0	15	2	2	2	0.480	
007_3DB	0	16	1	2	2	0.342	
007_3DB	0	17	2	2	2	0.478	
007_3DB	0	18	2	2	2	0.417	
007_3DB	0	19	2	1	1	0.484	
007_3DB	0	20	1	1	1	0.635	
007_3DB	0	21	1	2	2	0.368	
007_3DB	0	22	2	1	1	0.413	
007_3DB	0	23	2	2	2	0.423	
007_3DB	0	24	1	2	2	0.467	
007_3DB	0	25	2	1	1	0.325	
007_3DB	0	26	2	1	1	0.414	
007_3DB	0	27	1	1	1	0.374	
007_3DB	0	28	2	2	2	0.498	
007_3DB	0	29	2	1	1	0.452	
007_3DB	0	30	1	2	2	0.372	
007_3DB	0	31	1	1	1	0.338	
007_3DB	0	32	2	2	2	0.459	
007_3DB	0	33	2	2	2	0.383	
007_3DB	0	34	1	1	1	0.371	
007_3DB	0	35	2	2	2	0.460	
007_3DB	0	36	2	1	1	0.459	
007_3DB	0	37	1	1	1	0.369	
007_3DB	0	38	2	1	1	0.464	
007_3DB	0	39	2	1	1	0.443	
007_3DB	0	40	2	2	2	0.598	
007_3DB	0	41	1	2	2	0.386	
007_3DB	0	42	2	2	2	0.426	
007_3DB	0	43	2	2	2	0.484	
007_3DB	0	44	2	1	1	0.503	
007_3DB	0	45	1	2	2	0.341	
007_3DB	0	46	1	1	1	0.377	
007_3DB	0	47	1	1	1	0.364	
007_3DB	0	48	2	1	1	0.539	
007_3DB	0	49	1	1	1	0.364	
007_3DB	0	50	2	1	1	0.459	
007_3DB	0	51	2	2	2	0.449	
007_3DB	0	52	1	1	1	0.394	
007_3DB	0	53	1	2	2	0.404	
007_3DB	0	54	2	1	1	0.432	
007_3DB	0	55	1	2	2	0.451	
007_3DB	1	0	2	2	2	0.376	
007_3DB	1	1	1	2	2	0.347	
007_3DB	1	2	1	1	1	0.360	
007_3DB	1	3	2	2	2	0.358	
007_3DB	1	4	1	1	1	0.357	
007_3DB	1	5	2	2	2	0.412	
007_3DB	1	6	1	2	2	0.352	
007_3DB	1	7	2	2	2	0.374	
007_3DB	1	8	1	1	1	0.332	
007_3DB	1	9	1	2	2	0.333	
007_3DB	1	10	2	1	1	0.371	
007_3DB	1	11	1	2	2	0.441	
007_3DB	1	12	2	2	2	0.441	
007_3DB	1	13	1	1	1	0.366	
007_3DB	1	14	1	1	1	0.376	
007_3DB	1	15	1	1	1	0.356	
007_3DB	1	16	2	2	2	0.462	
007_3DB	1	17	1	2	2	0.359	
007_3DB	1	18	2	2	2	0.423	
007_3DB	1	19	1	2	2	0.412	
007_3DB	1	20	1	1	1	0.429	
007_3DB	1	21	2	1	1	0.510	
007_3DB	1	22	2	1	1	0.481	
007_3DB	1	23	2	2	2	0.492	
007_3DB	1	24	1	1	1	0.402	
007_3DB	1	25	2	1	1	0.395	
007_3DB	1	26	1	2	2	0.356	
007_3DB	1	27	1	1	1	0.372	
007_3DB	1	28	2	2	2	0.430	
007_3DB	1	29	2	1	1	0.376	
007_3DB	1	30	2	2	2	0.460	
007_3DB	1	31	2	1	1	0.436	
007_3DB	1	32	1	2	2	0.354	
007_3DB	1	33	2	1	1	0.411	
007_3DB	1	34	1	2	2	0.385	
007_3DB	1	35	2	2	2	0.465	
007_3DB	1	36	2	2	2	0.479	
007_3DB	1	37	1	1	1	0.384	
007_3DB	1	38	2	1	1	0.428	
007_3DB	1	39	2	2	2	0.422	
007_3DB	1	40	2	2	2	0.415	
007_3DB	1	41	2	1	1	0.472	
007_3DB	1	42	2	1	1	0.442	
007_3DB	1	43	1	1	1	0.425	
007_3DB	1	44	1	1	1	0.381	
007_3DB	1	45	1	2	2	0.420	
007_3DB	1	46	1	1	1	0.391	
007_3DB	1	47	2	1	1	0.420	
007_3DB	1	48	1	2	2	0.363	
007_3DB	1	49	1	2	2	0.377	
007_3DB	1	50	1	2	2	0.385	
007_3DB	1	51	1	2	2	0.382	
007_3DB	1	52	1	1	1	0.330	
007_3DB	1	53	2	1	1	0.502	
007_3DB	1	54	2	1	1	0.649	
007_3DB	1	55	2	1	1	0.442	
007_3DB	2	0	1	2	2	0.335	
007_3DB	2	1	2	2	2	0.446	
007_3DB	2	2	1	2	2	0.357	
007_3DB	2	3	1	1	1	0.350	
007_3DB	2	4	1	1	1	0.350	
007_3DB	2	5	2	1	1	0.435	
007_3DB	2	6	2	1	1	0.381	
007_3DB	2	7	2	2	2	0.427	
007_3DB	2	8	2	1	1	0.407	
007_3DB	2	9	2	2	2	0.445	
007_3DB	2	10	1	1	1	0.453	
007_3DB	2	11	2	2	2	0.422	
007_3DB	2	12	1	1	1	0.541	
007_3DB	2	13	1	2	2	0.479	
007_3DB	2	14	2	2	2	0.395	
007_3DB	2	15	2	1	1	0.396	
007_3DB	2	16	1	2	2	0.372	
007_3DB	2	17	1	2	2	0.487	
007_3DB	2	18	1	2	2	0.367	
007_3DB	2	19	1	2	2	0.308	
007_3DB	2	20	1	2	2	0.334	
007_3DB	2	21	2	1	1	0.396	
007_3DB	2	22	2	1	1	0.376	
007_3DB	2	23	1	2	2	0.413	
007_3DB	2	24	1	2	2	0.457	
007_3DB	2	25	2	1	1	0.449	
007_3DB	2	26	2	1	1	0.392	
007_3DB	2	27	1	1	1	0.369	
007_3DB	2	28	2	2	2	0.437	
007_3DB	2	29	2	2	2	0.404	
007_3DB	2	30	1	2	2	0.390	
007_3DB	2	31	2	2	2	0.455	
007_3DB	2	32	2	2	2	0.597	
007_3DB	2	33	2	2	2	0.545	
007_3DB	2	34	2	2	2	0.428	
007_3DB	2	35	2	1	1	0.476	
007_3DB	2	36	2	2	2	0.405	
007_3DB	2	37	1	1	1	0.421	
007_3DB	2	38	1	1	1	0.351	
007_3DB	2	39	1	2	2	0.405	
007_3DB	2	40	2	1	1	0.487	
007_3DB	2	41	1	1	1	0.381	
007_3DB	2	42	2	2	2	0.455	
007_3DB	2	43	2	2	2	0.413	
007_3DB	2	44	2	1	1	0.453	
007_3DB	2	45	1	1	1	0.373	
007_3DB	2	46	1	1	1	0.402	
007_3DB	2	47	1	2	2	0.539	
007_3DB	2	48	2	1	1	0.477	
007_3DB	2	49	2	1	1	0.595	
007_3DB	2	50	2	1	1	0.511	
007_3DB	2	51	1	2	2	0.372	
007_3DB	2	52	1	1	1	0.436	
007_3DB	2	53	1	1	1	0.362	
007_3DB	2	54	1	1	1	0.393	
007_3DB	2	55	1	1	1	0.416	
007_3DB	3	0	1	1	1	0.385	
007_3DB	3	1	1	1	1	0.366	
007_3DB	3	2	2	2	2	0.375	
007_3DB	3	3	1	2	2	0.404	
007_3DB	3	4	2	2	2	0.369	
007_3DB	3	5	1	2	2	0.310	
007_3DB	3	6	1	2	2	0.471	
007_3DB	3	7	2	1	1	0.337	
007_3DB	3	8	1	2	2	0.299	
007_3DB	3	9	1	2	2	0.387	
007_3DB	3	10	2	1	1	0.448	
007_3DB	3	11	2	2	2	0.419	
007_3DB	3	12	1	1	1	0.393	
007_3DB	3	13	1	1	1	0.395	
007_3DB	3	14	2	1	1	0.574	
007_3DB	3	15	2	1	1	0.445	
007_3DB	3	16	2	1	1	0.490	
007_3DB	3	17	1	1	1	0.420	
007_3DB	3	18	1	2	2	0.438	
007_3DB	3	19	2	2	2	0.413	
007_3DB	3	20	2	2	2	0.391	
007_3DB	3	21	2	1	1	0.444	
007_3DB	3	22	1	2	2	0.384	
007_3DB	3	23	2	1	1	0.501	
007_3DB	3	24	2	2	2	0.460	
007_3DB	3	25	2	2	2	0.366	
007_3DB	3	26	1	2	2	0.435	
007_3DB	3	27	1	1	1	0.402	
007_3DB	3	28	2	2	2	0.406	
007_3DB	3	29	1	2	2	0.393	
007_3DB	3	30	1	1	1	0.411	
007_3DB	3	31	1	1	1	0.390	
007_3DB	3	32	2	1	1	0.414	
007_3DB	3	33	1	1	1	0.404	
007_3DB	3	34	2	1	1	0.415	
007_3DB	3	35	2	1	1	0.427	
007_3DB	3	36	2	1	1	0.391	
007_3DB	3	37	2	2	2	0.429	
007_3DB	3	38	1	1	1	0.478	
007_3DB	3	39	1	2	2	0.507	
007_3DB	3	40	2	2	2	0.671	
007_3DB	3	41	2	1	1	0.449	
007_3DB	3	42	1	2	2	0.445	
007_3DB	3	43	2	2	2	0.466	
007_3DB	3	44	1	1	1	0.474	
007_3DB	3	45	1	1	1	0.447	
007_3DB	3	46	2	2	2	0.831	
007_3DB	3	47	1	2	2	0.525	
007_3DB	3	48	1	2	2	0.438	
007_3DB	3	49	2	2	2	0.501	
007_3DB	3	50	1	1	1	0.389	
007_3DB	3	51	1	2	2	0.544	
007_3DB	3	52	2	1	1	0.838	
007_3DB	3	53	1	1	1	0.383	
007_3DB	3	54	2	2	2	0.360	
007_3DB	3	55	2	1	1	0.433	
