sub	block	trial	congr	stim	resp	RT	
018_4PH	0	0	2	2	2	0.431	
018_4PH	0	1	1	2	2	0.424	
018_4PH	0	2	2	2	2	0.424	
018_4PH	0	3	1	1	1	0.394	
018_4PH	0	4	1	2	2	0.373	
018_4PH	0	5	2	1	1	0.419	
018_4PH	0	6	1	1	1	0.424	
018_4PH	0	7	1	2	2	0.376	
018_4PH	0	8	2	2	2	0.457	
018_4PH	0	9	1	2	2	0.403	
018_4PH	0	10	2	2	1	0.365	
018_4PH	0	11	2	1	1	0.467	
018_4PH	0	12	1	2	2	0.498	
018_4PH	0	13	2	1	1	0.593	
018_4PH	0	14	2	1	1	0.450	
018_4PH	0	15	1	1	1	0.471	
018_4PH	0	16	1	2	2	0.432	
018_4PH	0	17	1	1	1	0.404	
018_4PH	0	18	2	2	2	0.708	
018_4PH	0	19	2	1	1	0.544	
018_4PH	0	20	1	2	2	0.434	
018_4PH	0	21	1	1	1	0.367	
018_4PH	0	22	1	1	1	0.345	
018_4PH	0	23	1	2	2	0.377	
018_4PH	0	24	2	1	1	0.408	
018_4PH	0	25	1	2	2	0.384	
018_4PH	0	26	1	2	2	0.392	
018_4PH	0	27	1	1	1	0.428	
018_4PH	0	28	2	2	2	0.398	
018_4PH	0	29	2	1	1	0.453	
018_4PH	0	30	2	1	1	0.375	
018_4PH	0	31	1	1	1	0.322	
018_4PH	0	32	1	1	1	0.423	
018_4PH	0	33	1	1	1	0.555	
018_4PH	0	34	1	2	2	0.393	
018_4PH	0	35	1	2	2	0.418	
018_4PH	0	36	2	1	1	0.402	
018_4PH	0	37	1	1	1	0.514	
018_4PH	0	38	1	2	2	0.391	
018_4PH	0	39	1	1	1	0.355	
018_4PH	0	40	2	2	2	0.393	
018_4PH	0	41	2	2	2	0.449	
018_4PH	0	42	2	2	2	0.385	
018_4PH	0	43	2	1	1	0.426	
018_4PH	0	44	2	2	2	0.459	
018_4PH	0	45	2	2	2	0.365	
018_4PH	0	46	2	1	1	0.433	
018_4PH	0	47	1	1	1	0.395	
018_4PH	0	48	2	2	2	0.587	
018_4PH	0	49	2	2	2	0.458	
018_4PH	0	50	2	2	2	0.366	
018_4PH	0	51	1	1	1	0.391	
018_4PH	0	52	1	2	2	0.338	
018_4PH	0	53	2	1	1	0.457	
018_4PH	0	54	2	1	2	0.380	
018_4PH	0	55	2	1	1	0.466	
018_4PH	1	0	1	2	2	0.412	
018_4PH	1	1	1	1	1	0.433	
018_4PH	1	2	2	1	1	0.424	
018_4PH	1	3	1	1	1	0.351	
018_4PH	1	4	1	2	2	0.373	
018_4PH	1	5	2	1	1	0.356	
018_4PH	1	6	2	2	2	0.291	
018_4PH	1	7	2	2	2	0.400	
018_4PH	1	8	1	2	2	0.370	
018_4PH	1	9	1	1	1	0.467	
018_4PH	1	10	1	2	2	0.372	
018_4PH	1	11	1	2	2	0.341	
018_4PH	1	12	1	1	1	0.517	
018_4PH	1	13	2	2	2	0.433	
018_4PH	1	14	2	1	1	0.438	
018_4PH	1	15	2	2	2	0.453	
018_4PH	1	16	1	1	1	0.382	
018_4PH	1	17	2	2	2	0.471	
018_4PH	1	18	2	2	2	0.380	
018_4PH	1	19	2	1	1	0.409	
018_4PH	1	20	2	1	2	0.409	
018_4PH	1	21	1	1	1	0.404	
018_4PH	1	22	2	2	2	0.417	
018_4PH	1	23	2	1	1	0.429	
018_4PH	1	24	2	2	2	0.412	
018_4PH	1	25	2	1	1	0.389	
018_4PH	1	26	2	1	1	0.381	
018_4PH	1	27	2	2	2	0.361	
018_4PH	1	28	2	2	2	0.405	
018_4PH	1	29	2	1	2	0.394	
018_4PH	1	30	1	1	1	0.601	
018_4PH	1	31	2	1	1	0.470	
018_4PH	1	32	1	2	2	0.404	
018_4PH	1	33	1	1	1	0.418	
018_4PH	1	34	2	1	1	0.478	
018_4PH	1	35	1	2	2	0.594	
018_4PH	1	36	1	2	2	0.437	
018_4PH	1	37	2	1	1	0.385	
018_4PH	1	38	1	1	1	0.352	
018_4PH	1	39	1	1	1	0.406	
018_4PH	1	40	1	2	2	0.406	
018_4PH	1	41	1	1	1	0.393	
018_4PH	1	42	1	2	2	0.351	
018_4PH	1	43	1	1	1	0.338	
018_4PH	1	44	1	2	2	0.394	
018_4PH	1	45	1	2	2	0.362	
018_4PH	1	46	1	2	2	0.388	
018_4PH	1	47	2	2	2	0.530	
018_4PH	1	48	2	1	1	0.567	
018_4PH	1	49	1	2	2	0.400	
018_4PH	1	50	2	2	2	0.447	
018_4PH	1	51	2	2	2	0.492	
018_4PH	1	52	2	2	2	0.433	
018_4PH	1	53	1	1	1	0.466	
018_4PH	1	54	2	1	1	0.447	
018_4PH	1	55	1	1	1	0.450	
018_4PH	2	0	1	1	1	0.325	
018_4PH	2	1	2	2	2	0.392	
018_4PH	2	2	2	2	2	0.420	
018_4PH	2	3	1	2	2	0.376	
018_4PH	2	4	2	1	1	0.458	
018_4PH	2	5	2	2	2	0.376	
018_4PH	2	6	2	2	2	0.416	
018_4PH	2	7	1	1	1	0.636	
018_4PH	2	8	2	1	1	0.471	
018_4PH	2	9	2	1	2	0.371	
018_4PH	2	10	2	2	2	0.430	
018_4PH	2	11	2	1	1	0.338	
018_4PH	2	12	1	2	2	0.406	
018_4PH	2	13	1	2	2	0.426	
018_4PH	2	14	1	2	2	0.367	
018_4PH	2	15	1	1	1	0.417	
018_4PH	2	16	1	2	2	0.365	
018_4PH	2	17	1	1	1	0.305	
018_4PH	2	18	1	1	1	0.351	
018_4PH	2	19	2	2	2	0.446	
018_4PH	2	20	1	2	2	0.389	
018_4PH	2	21	2	1	1	0.390	
018_4PH	2	22	1	1	1	0.413	
018_4PH	2	23	1	1	1	0.343	
018_4PH	2	24	2	1	1	0.438	
018_4PH	2	25	2	2	2	0.426	
018_4PH	2	26	1	2	1	0.296	
018_4PH	2	27	1	2	2	0.445	
018_4PH	2	28	1	2	2	0.372	
018_4PH	2	29	2	1	1	0.684	
018_4PH	2	30	1	1	1	0.455	
018_4PH	2	31	2	1	1	0.418	
018_4PH	2	32	1	1	1	0.452	
018_4PH	2	33	1	2	2	0.427	
018_4PH	2	34	1	2	2	0.482	
018_4PH	2	35	1	1	1	0.451	
018_4PH	2	36	1	2	2	0.392	
018_4PH	2	37	2	2	2	0.357	
018_4PH	2	38	1	1	1	0.436	
018_4PH	2	39	2	2	2	0.422	
018_4PH	2	40	2	2	2	0.455	
018_4PH	2	41	2	1	1	0.425	
018_4PH	2	42	1	2	2	0.354	
018_4PH	2	43	1	1	1	0.427	
018_4PH	2	44	2	1	1	0.418	
018_4PH	2	45	2	2	2	0.420	
018_4PH	2	46	1	1	1	0.431	
018_4PH	2	47	2	1	1	0.446	
018_4PH	2	48	2	2	2	0.398	
018_4PH	2	49	1	2	2	0.394	
018_4PH	2	50	2	1	1	0.423	
018_4PH	2	51	2	1	1	0.357	
018_4PH	2	52	1	1	1	0.316	
018_4PH	2	53	2	1	1	0.430	
018_4PH	2	54	2	2	2	0.429	
018_4PH	2	55	2	2	2	0.457	
018_4PH	3	0	2	1	1	0.534	
018_4PH	3	1	2	2	2	0.512	
018_4PH	3	2	2	1	2	0.368	
018_4PH	3	3	1	2	2	0.375	
018_4PH	3	4	2	2	2	0.383	
018_4PH	3	5	1	1	2	0.360	
018_4PH	3	6	2	2	2	0.460	
018_4PH	3	7	2	1	1	0.421	
018_4PH	3	8	1	2	2	0.374	
018_4PH	3	9	1	1	1	0.347	
018_4PH	3	10	1	1	1	0.475	
018_4PH	3	11	2	2	2	0.495	
018_4PH	3	12	1	2	2	0.404	
018_4PH	3	13	1	2	2	0.318	
018_4PH	3	14	2	2	2	0.322	
018_4PH	3	15	2	2	2	0.405	
018_4PH	3	16	1	2	2	0.318	
018_4PH	3	17	2	1	2	0.365	
018_4PH	3	18	1	1	1	0.490	
018_4PH	3	19	1	2	1	0.393	
018_4PH	3	20	1	1	1	0.365	
018_4PH	3	21	2	2	2	0.444	
018_4PH	3	22	2	2	2	0.445	
018_4PH	3	23	1	2	2	0.385	
018_4PH	3	24	2	1	1	0.438	
018_4PH	3	25	2	1	2	0.362	
018_4PH	3	26	1	1	1	0.450	
018_4PH	3	27	2	1	1	0.523	
018_4PH	3	28	2	1	1	0.501	
018_4PH	3	29	1	2	2	0.357	
018_4PH	3	30	1	2	2	0.333	
018_4PH	3	31	2	1	2	0.358	
018_4PH	3	32	1	2	2	0.389	
018_4PH	3	33	1	1	1	0.574	
018_4PH	3	34	1	1	1	0.374	
018_4PH	3	35	1	1	1	0.573	
018_4PH	3	36	1	2	2	0.373	
018_4PH	3	37	1	1	1	0.387	
018_4PH	3	38	2	2	2	0.381	
018_4PH	3	39	1	2	2	0.371	
018_4PH	3	40	1	1	1	0.362	
018_4PH	3	41	2	1	1	0.462	
018_4PH	3	42	2	2	2	0.415	
018_4PH	3	43	2	1	1	0.351	
018_4PH	3	44	1	1	1	0.385	
018_4PH	3	45	1	1	1	0.367	
018_4PH	3	46	2	2	2	0.441	
018_4PH	3	47	1	1	1	0.437	
018_4PH	3	48	2	1	1	0.428	
018_4PH	3	49	2	2	2	0.414	
018_4PH	3	50	2	2	2	0.444	
018_4PH	3	51	1	2	2	0.397	
018_4PH	3	52	2	1	1	0.405	
018_4PH	3	53	1	2	2	0.416	
018_4PH	3	54	2	1	2	0.403	
018_4PH	3	55	2	2	2	0.312	
