sub	block	trial	congr	stim	resp	RT	
012_5LB	0	0	2	2	2	0.527	
012_5LB	0	1	1	2	2	0.391	
012_5LB	0	2	1	1	1	0.387	
012_5LB	0	3	2	2	2	0.488	
012_5LB	0	4	2	2	2	0.432	
012_5LB	0	5	1	2	2	0.422	
012_5LB	0	6	2	1	1	0.542	
012_5LB	0	7	1	2	2	0.468	
012_5LB	0	8	1	1	1	0.423	
012_5LB	0	9	2	1	1	0.444	
012_5LB	0	10	1	1	1	0.397	
012_5LB	0	11	2	1	1	0.442	
012_5LB	0	12	2	1	1	0.471	
012_5LB	0	13	2	2	2	0.474	
012_5LB	0	14	1	1	1	0.370	
012_5LB	0	15	2	1	1	0.436	
012_5LB	0	16	2	1	1	0.439	
012_5LB	0	17	2	2	2	0.486	
012_5LB	0	18	2	2	2	0.375	
012_5LB	0	19	1	1	1	0.401	
012_5LB	0	20	2	2	2	0.434	
012_5LB	0	21	2	1	1	0.415	
012_5LB	0	22	2	2	2	0.457	
012_5LB	0	23	1	2	2	0.428	
012_5LB	0	24	2	1	1	0.566	
012_5LB	0	25	2	2	2	0.491	
012_5LB	0	26	2	1	1	0.446	
012_5LB	0	27	1	1	1	0.366	
012_5LB	0	28	1	2	2	0.426	
012_5LB	0	29	1	2	2	0.391	
012_5LB	0	30	2	2	2	0.588	
012_5LB	0	31	2	1	1	0.475	
012_5LB	0	32	2	1	1	0.409	
012_5LB	0	33	2	2	2	0.434	
012_5LB	0	34	2	1	1	0.398	
012_5LB	0	35	1	1	1	0.411	
012_5LB	0	36	2	2	2	0.457	
012_5LB	0	37	1	2	2	0.394	
012_5LB	0	38	1	2	2	0.329	
012_5LB	0	39	1	2	2	0.405	
012_5LB	0	40	1	2	2	0.394	
012_5LB	0	41	1	1	1	0.368	
012_5LB	0	42	2	1	1	0.423	
012_5LB	0	43	2	2	2	0.422	
012_5LB	0	44	2	2	2	0.398	
012_5LB	0	45	1	1	1	0.375	
012_5LB	0	46	1	1	1	0.366	
012_5LB	0	47	1	2	2	0.447	
012_5LB	0	48	1	2	2	0.401	
012_5LB	0	49	1	2	2	0.457	
012_5LB	0	50	1	2	2	0.565	
012_5LB	0	51	1	1	1	0.387	
012_5LB	0	52	2	1	1	0.443	
012_5LB	0	53	1	1	1	0.350	
012_5LB	0	54	1	1	1	0.316	
012_5LB	0	55	1	1	1	0.345	
012_5LB	1	0	2	2	2	0.452	
012_5LB	1	1	2	1	1	0.470	
012_5LB	1	2	1	1	1	0.390	
012_5LB	1	3	1	1	1	0.421	
012_5LB	1	4	1	1	1	0.318	
012_5LB	1	5	2	2	2	0.414	
012_5LB	1	6	2	1	1	0.261	
012_5LB	1	7	1	2	2	0.432	
012_5LB	1	8	1	1	1	0.405	
012_5LB	1	9	2	2	2	0.462	
012_5LB	1	10	2	1	1	0.394	
012_5LB	1	11	1	2	2	0.372	
012_5LB	1	12	2	1	1	0.397	
012_5LB	1	13	2	1	1	0.647	
012_5LB	1	14	2	2	2	0.559	
012_5LB	1	15	2	2	1	0.381	
012_5LB	1	16	1	1	1	0.399	
012_5LB	1	17	1	1	1	0.371	
012_5LB	1	18	2	1	1	0.447	
012_5LB	1	19	2	2	2	0.505	
012_5LB	1	20	2	1	1	0.515	
012_5LB	1	21	1	2	2	0.392	
012_5LB	1	22	2	1	1	0.382	
012_5LB	1	23	2	1	1	0.394	
012_5LB	1	24	1	1	1	0.489	
012_5LB	1	25	1	1	1	0.416	
012_5LB	1	26	1	1	1	0.360	
012_5LB	1	27	2	1	1	0.355	
012_5LB	1	28	1	2	2	0.415	
012_5LB	1	29	2	1	2	0.394	
012_5LB	1	30	2	1	1	0.413	
012_5LB	1	31	1	2	2	0.376	
012_5LB	1	32	2	1	1	0.466	
012_5LB	1	33	2	2	1	0.359	
012_5LB	1	34	1	2	2	0.368	
012_5LB	1	35	2	2	2	0.392	
012_5LB	1	36	1	2	2	0.380	
012_5LB	1	37	2	2	1	0.425	
012_5LB	1	38	2	2	2	0.396	
012_5LB	1	39	1	1	1	0.375	
012_5LB	1	40	1	2	2	0.441	
012_5LB	1	41	1	1	1	0.472	
012_5LB	1	42	2	1	1	0.543	
012_5LB	1	43	2	2	2	0.469	
012_5LB	1	44	1	1	1	0.461	
012_5LB	1	45	2	2	2	0.451	
012_5LB	1	46	1	2	2	0.361	
012_5LB	1	47	1	2	2	0.379	
012_5LB	1	48	1	2	2	0.606	
012_5LB	1	49	1	2	2	0.415	
012_5LB	1	50	2	2	1	0.425	
012_5LB	1	51	1	1	1	0.454	
012_5LB	1	52	1	2	2	0.399	
012_5LB	1	53	1	2	2	0.547	
012_5LB	1	54	2	2	2	0.341	
012_5LB	1	55	1	1	1	0.442	
012_5LB	2	0	1	1	1	0.357	
012_5LB	2	1	1	1	1	0.382	
012_5LB	2	2	1	1	1	0.412	
012_5LB	2	3	2	1	1	0.430	
012_5LB	2	4	1	2	2	0.388	
012_5LB	2	5	2	2	2	0.364	
012_5LB	2	6	2	2	2	0.366	
012_5LB	2	7	1	2	2	0.348	
012_5LB	2	8	2	2	2	0.430	
012_5LB	2	9	2	2	2	0.445	
012_5LB	2	10	2	2	2	0.436	
012_5LB	2	11	1	2	2	0.330	
012_5LB	2	12	2	1	1	0.462	
012_5LB	2	13	1	2	2	0.430	
012_5LB	2	14	1	2	2	0.448	
012_5LB	2	15	2	2	2	0.432	
012_5LB	2	16	1	1	1	0.467	
012_5LB	2	17	1	2	2	0.498	
012_5LB	2	18	2	2	2	0.378	
012_5LB	2	19	2	1	2	0.353	
012_5LB	2	20	1	2	2	0.397	
012_5LB	2	21	2	1	1	0.408	
012_5LB	2	22	2	2	2	0.447	
012_5LB	2	23	1	1	1	0.427	
012_5LB	2	24	1	2	2	0.381	
012_5LB	2	25	1	2	2	0.684	
012_5LB	2	26	2	1	1	0.456	
012_5LB	2	27	2	2	2	0.448	
012_5LB	2	28	2	2	2	0.427	
012_5LB	2	29	1	1	1	0.513	
012_5LB	2	30	2	2	2	0.491	
012_5LB	2	31	2	1	1	0.489	
012_5LB	2	32	1	1	1	1.115	
012_5LB	2	33	1	2	2	0.594	
012_5LB	2	34	1	1	1	0.504	
012_5LB	2	35	2	1	1	0.361	
012_5LB	2	36	1	1	1	0.322	
012_5LB	2	37	1	2	2	0.532	
012_5LB	2	38	2	1	1	0.426	
012_5LB	2	39	1	2	2	0.403	
012_5LB	2	40	2	1	1	0.493	
012_5LB	2	41	2	1	1	0.491	
012_5LB	2	42	1	1	1	0.414	
012_5LB	2	43	2	1	1	0.532	
012_5LB	2	44	1	1	1	0.493	
012_5LB	2	45	1	2	2	0.846	
012_5LB	2	46	2	1	2	0.575	
012_5LB	2	47	1	2	2	0.434	
012_5LB	2	48	2	1	1	0.397	
012_5LB	2	49	2	2	2	0.462	
012_5LB	2	50	1	1	1	0.411	
012_5LB	2	51	2	2	2	0.404	
012_5LB	2	52	1	1	1	0.381	
012_5LB	2	53	2	1	1	0.385	
012_5LB	2	54	2	2	2	0.430	
012_5LB	2	55	1	1	1	0.454	
012_5LB	3	0	1	1	1	1.095	
012_5LB	3	1	1	1	1	0.405	
012_5LB	3	2	2	2	2	0.432	
012_5LB	3	3	2	2	2	0.779	
012_5LB	3	4	1	2	2	0.369	
012_5LB	3	5	2	1	1	0.528	
012_5LB	3	6	2	1	1	0.346	
012_5LB	3	7	2	1	1	0.511	
012_5LB	3	8	2	1	1	0.553	
012_5LB	3	9	1	1	1	0.537	
012_5LB	3	10	2	2	2	0.519	
012_5LB	3	11	1	1	1	0.518	
012_5LB	3	12	1	2	2	0.480	
012_5LB	3	13	1	1	1	0.378	
012_5LB	3	14	1	2	2	0.529	
012_5LB	3	15	1	1	1	0.347	
012_5LB	3	16	1	2	2	0.404	
012_5LB	3	17	2	2	1	0.371	
012_5LB	3	18	2	2	2	0.328	
012_5LB	3	19	1	1	1	0.478	
012_5LB	3	20	1	2	2	0.415	
012_5LB	3	21	1	2	2	0.307	
012_5LB	3	22	1	2	2	0.338	
012_5LB	3	23	2	2	2	0.372	
012_5LB	3	24	2	1	1	0.462	
012_5LB	3	25	2	2	2	0.432	
012_5LB	3	26	1	1	1	0.398	
012_5LB	3	27	2	1	1	0.420	
012_5LB	3	28	2	1	1	0.343	
012_5LB	3	29	2	1	1	0.356	
012_5LB	3	30	1	1	1	0.317	
012_5LB	3	31	1	1	1	0.345	
012_5LB	3	32	1	2	2	0.369	
012_5LB	3	33	2	2	2	0.298	
012_5LB	3	34	1	2	2	0.345	
012_5LB	3	35	2	1	1	0.403	
012_5LB	3	36	1	1	1	0.346	
012_5LB	3	37	2	2	1	0.299	
012_5LB	3	38	2	2	2	0.328	
012_5LB	3	39	2	2	2	0.456	
012_5LB	3	40	2	2	2	0.453	
012_5LB	3	41	1	2	2	0.322	
012_5LB	3	42	1	1	1	0.393	
012_5LB	3	43	2	1	2	0.429	
012_5LB	3	44	2	2	2	0.443	
012_5LB	3	45	1	2	2	0.556	
012_5LB	3	46	1	2	2	0.358	
012_5LB	3	47	1	1	1	0.381	
012_5LB	3	48	2	1	1	0.438	
012_5LB	3	49	2	1	1	0.427	
012_5LB	3	50	2	2	2	0.615	
012_5LB	3	51	1	2	2	0.350	
012_5LB	3	52	1	2	2	0.375	
012_5LB	3	53	1	1	1	0.393	
012_5LB	3	54	2	1	1	0.571	
012_5LB	3	55	2	1	1	0.353	
