sub	block	trial	congr	stim	resp	RT	
001_4PH	0	0	1	1	1	0.491	
001_4PH	0	1	2	2	2	0.480	
001_4PH	0	2	1	2	2	0.459	
001_4PH	0	3	2	1	1	0.728	
001_4PH	0	4	2	2	2	0.679	
001_4PH	0	5	1	2	2	0.422	
001_4PH	0	6	1	1	1	0.406	
001_4PH	0	7	1	1	1	0.411	
001_4PH	0	8	1	2	2	0.397	
001_4PH	0	9	1	1	1	0.341	
001_4PH	0	10	1	2	2	0.404	
001_4PH	0	11	2	1	1	0.437	
001_4PH	0	12	1	1	1	0.389	
001_4PH	0	13	2	2	2	0.528	
001_4PH	0	14	2	2	2	0.521	
001_4PH	0	15	2	2	2	0.469	
001_4PH	0	16	2	2	2	0.503	
001_4PH	0	17	2	2	2	0.432	
001_4PH	0	18	2	2	2	0.510	
001_4PH	0	19	2	1	2	0.397	
001_4PH	0	20	1	2	2	0.407	
001_4PH	0	21	2	1	1	0.670	
001_4PH	0	22	1	1	1	0.752	
001_4PH	0	23	1	1	1	0.379	
001_4PH	0	24	2	2	2	0.407	
001_4PH	0	25	1	2	2	0.387	
001_4PH	0	26	1	1	1	0.615	
001_4PH	0	27	1	2	2	0.396	
001_4PH	0	28	1	1	1	0.383	
001_4PH	0	29	1	2	2	0.363	
001_4PH	0	30	1	2	2	0.413	
001_4PH	0	31	2	1	1	0.428	
001_4PH	0	32	1	1	2	0.428	
001_4PH	0	33	2	2	2	0.452	
001_4PH	0	34	2	1	1	0.387	
001_4PH	0	35	1	2	2	0.403	
001_4PH	0	36	1	2	2	0.426	
001_4PH	0	37	1	1	1	0.376	
001_4PH	0	38	2	2	2	0.482	
001_4PH	0	39	2	2	2	0.406	
001_4PH	0	40	1	1	1	0.380	
001_4PH	0	41	2	2	2	0.471	
001_4PH	0	42	2	1	1	0.533	
001_4PH	0	43	1	2	2	0.417	
001_4PH	0	44	2	2	2	0.517	
001_4PH	0	45	1	1	1	0.430	
001_4PH	0	46	2	1	1	0.714	
001_4PH	0	47	2	1	1	0.495	
001_4PH	0	48	2	1	1	0.395	
001_4PH	0	49	2	1	1	0.413	
001_4PH	0	50	1	1	1	0.475	
001_4PH	0	51	1	2	2	0.411	
001_4PH	0	52	2	1	1	0.424	
001_4PH	0	53	2	1	1	0.361	
001_4PH	0	54	1	2	2	0.537	
001_4PH	0	55	2	1	1	0.408	
001_4PH	1	0	1	2	2	0.379	
001_4PH	1	1	2	1	1	0.520	
001_4PH	1	2	1	1	1	0.440	
001_4PH	1	3	2	2	2	0.405	
001_4PH	1	4	2	2	2	0.487	
001_4PH	1	5	2	2	2	0.636	
001_4PH	1	6	1	1	1	0.527	
001_4PH	1	7	2	2	1	0.344	
001_4PH	1	8	2	1	2	0.356	
001_4PH	1	9	2	1	1	0.462	
001_4PH	1	10	2	1	1	0.394	
001_4PH	1	11	2	1	1	0.366	
001_4PH	1	12	2	2	2	0.471	
001_4PH	1	13	1	2	2	0.411	
001_4PH	1	14	1	1	1	0.572	
001_4PH	1	15	1	2	2	0.513	
001_4PH	1	16	1	1	1	0.342	
001_4PH	1	17	2	2	2	0.414	
001_4PH	1	18	1	2	2	0.395	
001_4PH	1	19	1	2	2	0.362	
001_4PH	1	20	2	2	2	0.439	
001_4PH	1	21	1	2	2	0.355	
001_4PH	1	22	2	1	1	0.414	
001_4PH	1	23	2	1	1	0.414	
001_4PH	1	24	2	2	2	0.465	
001_4PH	1	25	2	2	2	0.447	
001_4PH	1	26	2	1	1	0.432	
001_4PH	1	27	2	1	1	0.430	
001_4PH	1	28	1	2	2	0.365	
001_4PH	1	29	1	1	1	0.423	
001_4PH	1	30	1	1	1	0.431	
001_4PH	1	31	1	2	2	0.375	
001_4PH	1	32	1	2	2	0.361	
001_4PH	1	33	1	2	2	0.333	
001_4PH	1	34	1	1	1	0.386	
001_4PH	1	35	1	1	1	0.343	
001_4PH	1	36	1	1	1	0.341	
001_4PH	1	37	1	2	2	0.399	
001_4PH	1	38	1	1	1	0.419	
001_4PH	1	39	2	1	1	0.683	
001_4PH	1	40	2	1	1	0.403	
001_4PH	1	41	2	1	1	0.425	
001_4PH	1	42	2	1	1	0.368	
001_4PH	1	43	2	2	2	0.496	
001_4PH	1	44	2	2	2	0.561	
001_4PH	1	45	2	2	2	0.437	
001_4PH	1	46	2	2	2	0.418	
001_4PH	1	47	1	1	2	0.400	
001_4PH	1	48	2	2	2	0.570	
001_4PH	1	49	1	2	2	0.429	
001_4PH	1	50	1	2	2	0.378	
001_4PH	1	51	1	1	1	0.433	
001_4PH	1	52	1	2	2	0.414	
001_4PH	1	53	1	1	1	0.388	
001_4PH	1	54	2	1	1	0.483	
001_4PH	1	55	1	1	1	0.372	
001_4PH	2	0	1	1	1	0.428	
001_4PH	2	1	1	1	1	0.385	
001_4PH	2	2	2	2	1	0.361	
001_4PH	2	3	2	2	2	0.521	
001_4PH	2	4	1	2	2	0.389	
001_4PH	2	5	2	2	2	0.519	
001_4PH	2	6	2	2	2	0.495	
001_4PH	2	7	2	2	2	0.478	
001_4PH	2	8	2	1	1	0.411	
001_4PH	2	9	2	1	1	0.444	
001_4PH	2	10	2	2	2	0.504	
001_4PH	2	11	1	2	2	0.420	
001_4PH	2	12	1	1	1	0.438	
001_4PH	2	13	2	1	1	0.451	
001_4PH	2	14	2	2	2	0.566	
001_4PH	2	15	1	2	2	1.007	
001_4PH	2	16	2	1	1	0.449	
001_4PH	2	17	1	1	1	0.504	
001_4PH	2	18	2	1	1	0.509	
001_4PH	2	19	1	1	1	0.391	
001_4PH	2	20	2	2	2	0.554	
001_4PH	2	21	1	1	1	0.467	
001_4PH	2	22	1	1	1	0.403	
001_4PH	2	23	1	1	1	0.340	
001_4PH	2	24	1	1	1	0.354	
001_4PH	2	25	2	1	1	0.462	
001_4PH	2	26	1	1	1	0.428	
001_4PH	2	27	1	1	1	0.368	
001_4PH	2	28	2	2	2	0.512	
001_4PH	2	29	2	1	999	999.000	
001_4PH	2	30	1	2	2	0.460	
001_4PH	2	31	1	2	2	0.389	
001_4PH	2	32	1	1	1	0.388	
001_4PH	2	33	2	1	1	0.491	
001_4PH	2	34	2	2	2	0.636	
001_4PH	2	35	2	1	1	0.507	
001_4PH	2	36	1	1	1	0.442	
001_4PH	2	37	2	1	1	0.836	
001_4PH	2	38	1	1	1	0.467	
001_4PH	2	39	1	2	2	0.362	
001_4PH	2	40	1	2	2	0.484	
001_4PH	2	41	1	2	2	0.444	
001_4PH	2	42	2	2	2	0.474	
001_4PH	2	43	2	2	2	0.552	
001_4PH	2	44	2	1	1	0.503	
001_4PH	2	45	1	2	2	0.475	
001_4PH	2	46	2	1	1	0.822	
001_4PH	2	47	1	2	1	0.543	
001_4PH	2	48	1	2	2	0.447	
001_4PH	2	49	2	2	2	0.404	
001_4PH	2	50	2	1	1	0.428	
001_4PH	2	51	1	2	2	0.440	
001_4PH	2	52	1	2	2	0.394	
001_4PH	2	53	2	1	1	0.646	
001_4PH	2	54	2	2	2	0.566	
001_4PH	2	55	1	2	2	0.492	
001_4PH	3	0	1	2	2	0.452	
001_4PH	3	1	2	2	1	0.419	
001_4PH	3	2	2	2	2	0.462	
001_4PH	3	3	1	1	1	0.560	
001_4PH	3	4	1	2	2	0.359	
001_4PH	3	5	2	2	2	0.508	
001_4PH	3	6	1	1	1	0.520	
001_4PH	3	7	2	2	2	0.512	
001_4PH	3	8	1	2	2	0.681	
001_4PH	3	9	1	2	2	0.410	
001_4PH	3	10	2	2	2	0.439	
001_4PH	3	11	1	2	2	0.400	
001_4PH	3	12	2	1	1	0.722	
001_4PH	3	13	1	1	1	0.381	
001_4PH	3	14	2	2	2	0.450	
001_4PH	3	15	1	2	2	0.431	
001_4PH	3	16	2	2	2	0.462	
001_4PH	3	17	1	2	2	0.419	
001_4PH	3	18	1	1	1	0.509	
001_4PH	3	19	1	2	2	0.423	
001_4PH	3	20	2	1	1	0.449	
001_4PH	3	21	1	1	1	0.352	
001_4PH	3	22	1	1	1	0.525	
001_4PH	3	23	1	2	2	0.396	
001_4PH	3	24	2	1	1	0.613	
001_4PH	3	25	1	1	1	0.372	
001_4PH	3	26	2	2	2	0.568	
001_4PH	3	27	2	1	2	0.483	
001_4PH	3	28	2	1	1	0.448	
001_4PH	3	29	1	1	1	0.369	
001_4PH	3	30	2	1	1	0.423	
001_4PH	3	31	2	2	2	0.505	
001_4PH	3	32	2	2	2	0.442	
001_4PH	3	33	1	1	1	0.424	
001_4PH	3	34	1	2	2	0.530	
001_4PH	3	35	2	1	1	0.465	
001_4PH	3	36	2	1	1	0.580	
001_4PH	3	37	2	2	2	0.476	
001_4PH	3	38	1	1	1	0.416	
001_4PH	3	39	2	2	2	0.476	
001_4PH	3	40	1	1	1	0.374	
001_4PH	3	41	1	1	1	0.375	
001_4PH	3	42	2	1	1	0.422	
001_4PH	3	43	1	2	2	0.381	
001_4PH	3	44	2	1	1	0.579	
001_4PH	3	45	2	1	1	0.553	
001_4PH	3	46	2	1	1	0.483	
001_4PH	3	47	2	1	1	0.393	
001_4PH	3	48	1	2	2	0.393	
001_4PH	3	49	2	2	2	0.450	
001_4PH	3	50	2	1	1	0.426	
001_4PH	3	51	1	2	2	0.526	
001_4PH	3	52	1	1	1	0.403	
001_4PH	3	53	1	2	2	0.500	
001_4PH	3	54	1	1	1	0.427	
001_4PH	3	55	2	2	2	0.471	
