sub	block	trial	congr	stim	resp	RT	
015_4PH	0	0	1	2	2	0.502	
015_4PH	0	1	2	2	2	0.621	
015_4PH	0	2	1	2	2	0.446	
015_4PH	0	3	1	1	1	0.523	
015_4PH	0	4	1	2	2	0.477	
015_4PH	0	5	2	2	2	0.453	
015_4PH	0	6	1	1	1	0.503	
015_4PH	0	7	1	2	2	0.460	
015_4PH	0	8	1	1	1	0.509	
015_4PH	0	9	2	1	1	0.627	
015_4PH	0	10	2	2	2	0.516	
015_4PH	0	11	2	1	1	0.532	
015_4PH	0	12	2	1	1	0.449	
015_4PH	0	13	1	2	2	0.466	
015_4PH	0	14	2	1	1	0.536	
015_4PH	0	15	2	1	1	0.441	
015_4PH	0	16	2	1	1	0.511	
015_4PH	0	17	2	2	2	0.483	
015_4PH	0	18	1	2	2	0.411	
015_4PH	0	19	2	2	2	0.480	
015_4PH	0	20	1	1	1	0.485	
015_4PH	0	21	1	1	1	0.449	
015_4PH	0	22	1	2	2	0.472	
015_4PH	0	23	2	2	2	0.565	
015_4PH	0	24	2	2	2	0.396	
015_4PH	0	25	2	2	2	0.706	
015_4PH	0	26	2	1	1	0.536	
015_4PH	0	27	1	1	1	0.418	
015_4PH	0	28	1	1	1	0.428	
015_4PH	0	29	1	1	1	0.403	
015_4PH	0	30	2	2	2	0.481	
015_4PH	0	31	2	2	2	0.473	
015_4PH	0	32	1	2	2	0.431	
015_4PH	0	33	1	1	1	0.494	
015_4PH	0	34	2	1	1	0.597	
015_4PH	0	35	1	1	1	0.458	
015_4PH	0	36	2	1	1	0.471	
015_4PH	0	37	2	1	1	0.470	
015_4PH	0	38	1	2	2	0.433	
015_4PH	0	39	1	1	1	0.459	
015_4PH	0	40	2	1	1	0.480	
015_4PH	0	41	1	2	2	0.452	
015_4PH	0	42	2	2	2	0.427	
015_4PH	0	43	2	2	2	0.397	
015_4PH	0	44	1	2	2	0.403	
015_4PH	0	45	1	1	1	0.500	
015_4PH	0	46	1	2	2	0.457	
015_4PH	0	47	2	1	1	0.475	
015_4PH	0	48	1	2	2	0.413	
015_4PH	0	49	2	1	1	0.514	
015_4PH	0	50	1	1	1	0.429	
015_4PH	0	51	2	2	2	0.486	
015_4PH	0	52	1	2	2	0.425	
015_4PH	0	53	1	1	1	0.472	
015_4PH	0	54	2	2	2	0.503	
015_4PH	0	55	2	1	1	0.450	
015_4PH	1	0	2	1	1	0.489	
015_4PH	1	1	1	1	1	0.434	
015_4PH	1	2	1	1	1	0.423	
015_4PH	1	3	1	2	2	0.511	
015_4PH	1	4	2	2	2	0.463	
015_4PH	1	5	2	2	2	0.628	
015_4PH	1	6	1	2	2	0.498	
015_4PH	1	7	2	1	1	0.462	
015_4PH	1	8	2	1	1	0.546	
015_4PH	1	9	1	1	1	0.424	
015_4PH	1	10	1	1	1	0.414	
015_4PH	1	11	2	2	2	0.486	
015_4PH	1	12	1	2	2	0.416	
015_4PH	1	13	2	2	2	0.566	
015_4PH	1	14	1	2	2	0.426	
015_4PH	1	15	1	2	2	0.376	
015_4PH	1	16	2	2	2	0.386	
015_4PH	1	17	1	1	1	0.498	
015_4PH	1	18	1	2	2	0.467	
015_4PH	1	19	1	1	1	0.511	
015_4PH	1	20	2	2	2	0.469	
015_4PH	1	21	2	1	1	0.493	
015_4PH	1	22	2	2	2	0.501	
015_4PH	1	23	1	1	1	0.473	
015_4PH	1	24	1	2	2	0.434	
015_4PH	1	25	1	1	1	0.433	
015_4PH	1	26	2	1	1	0.531	
015_4PH	1	27	2	1	1	0.455	
015_4PH	1	28	2	1	1	0.452	
015_4PH	1	29	2	2	2	0.476	
015_4PH	1	30	2	1	1	0.482	
015_4PH	1	31	1	2	2	0.454	
015_4PH	1	32	2	1	1	0.494	
015_4PH	1	33	1	2	2	0.456	
015_4PH	1	34	1	2	2	0.371	
015_4PH	1	35	1	2	2	0.396	
015_4PH	1	36	1	1	1	0.486	
015_4PH	1	37	1	1	1	0.406	
015_4PH	1	38	1	1	1	0.398	
015_4PH	1	39	1	2	2	0.446	
015_4PH	1	40	2	1	1	0.540	
015_4PH	1	41	2	2	2	0.502	
015_4PH	1	42	1	1	1	0.420	
015_4PH	1	43	2	2	2	0.524	
015_4PH	1	44	2	2	2	0.464	
015_4PH	1	45	1	1	1	0.421	
015_4PH	1	46	2	2	2	0.519	
015_4PH	1	47	1	2	2	0.394	
015_4PH	1	48	2	1	1	0.475	
015_4PH	1	49	2	2	2	0.448	
015_4PH	1	50	1	2	2	0.417	
015_4PH	1	51	1	1	1	0.448	
015_4PH	1	52	2	1	1	0.601	
015_4PH	1	53	2	2	2	0.455	
015_4PH	1	54	2	1	1	0.406	
015_4PH	1	55	2	1	1	0.476	
015_4PH	2	0	2	2	2	0.693	
015_4PH	2	1	2	2	2	0.430	
015_4PH	2	2	1	1	1	0.438	
015_4PH	2	3	2	2	2	0.476	
015_4PH	2	4	1	2	2	0.412	
015_4PH	2	5	1	2	2	0.431	
015_4PH	2	6	1	2	2	0.458	
015_4PH	2	7	2	1	1	0.551	
015_4PH	2	8	2	1	1	0.463	
015_4PH	2	9	1	1	1	0.422	
015_4PH	2	10	2	2	2	0.490	
015_4PH	2	11	2	1	1	0.441	
015_4PH	2	12	2	2	2	0.531	
015_4PH	2	13	2	1	1	0.479	
015_4PH	2	14	1	1	1	0.427	
015_4PH	2	15	2	2	2	0.471	
015_4PH	2	16	1	1	1	0.451	
015_4PH	2	17	2	2	2	0.547	
015_4PH	2	18	2	1	1	0.477	
015_4PH	2	19	2	1	1	0.611	
015_4PH	2	20	1	1	1	0.559	
015_4PH	2	21	1	1	1	0.708	
015_4PH	2	22	2	2	2	0.535	
015_4PH	2	23	1	2	2	0.589	
015_4PH	2	24	1	1	1	0.482	
015_4PH	2	25	1	2	2	0.538	
015_4PH	2	26	1	2	2	0.486	
015_4PH	2	27	2	1	1	0.532	
015_4PH	2	28	2	2	2	0.500	
015_4PH	2	29	2	2	2	0.599	
015_4PH	2	30	2	2	2	0.463	
015_4PH	2	31	2	1	1	0.503	
015_4PH	2	32	1	2	2	0.412	
015_4PH	2	33	1	1	1	0.412	
015_4PH	2	34	2	1	1	0.598	
015_4PH	2	35	1	2	2	0.451	
015_4PH	2	36	1	1	1	0.442	
015_4PH	2	37	1	2	2	0.443	
015_4PH	2	38	1	2	2	0.476	
015_4PH	2	39	1	1	1	0.417	
015_4PH	2	40	2	2	2	0.429	
015_4PH	2	41	1	2	2	0.506	
015_4PH	2	42	1	1	1	0.503	
015_4PH	2	43	2	2	2	0.655	
015_4PH	2	44	1	2	2	0.430	
015_4PH	2	45	1	1	1	0.449	
015_4PH	2	46	1	1	1	0.425	
015_4PH	2	47	1	2	2	0.448	
015_4PH	2	48	1	2	2	0.391	
015_4PH	2	49	2	2	2	0.570	
015_4PH	2	50	1	1	1	0.430	
015_4PH	2	51	2	1	1	0.647	
015_4PH	2	52	2	1	1	0.511	
015_4PH	2	53	2	1	1	0.513	
015_4PH	2	54	2	1	1	0.457	
015_4PH	2	55	2	1	1	0.616	
015_4PH	3	0	2	1	1	0.573	
015_4PH	3	1	2	2	2	0.511	
015_4PH	3	2	1	2	2	0.370	
015_4PH	3	3	1	2	2	0.421	
015_4PH	3	4	1	2	2	0.387	
015_4PH	3	5	2	2	2	0.624	
015_4PH	3	6	1	2	2	0.391	
015_4PH	3	7	2	1	1	0.492	
015_4PH	3	8	1	1	1	0.412	
015_4PH	3	9	2	1	1	0.474	
015_4PH	3	10	2	1	1	0.376	
015_4PH	3	11	1	1	1	0.414	
015_4PH	3	12	2	2	2	0.482	
015_4PH	3	13	2	2	2	0.489	
015_4PH	3	14	1	2	2	0.423	
015_4PH	3	15	2	1	1	0.491	
015_4PH	3	16	1	2	2	0.400	
015_4PH	3	17	1	2	2	0.384	
015_4PH	3	18	1	1	1	0.453	
015_4PH	3	19	1	2	2	0.441	
015_4PH	3	20	2	2	2	0.522	
015_4PH	3	21	2	1	1	0.585	
015_4PH	3	22	2	2	2	0.457	
015_4PH	3	23	1	1	1	0.366	
015_4PH	3	24	1	1	1	0.434	
015_4PH	3	25	2	2	2	0.475	
015_4PH	3	26	1	2	2	0.403	
015_4PH	3	27	1	1	1	0.452	
015_4PH	3	28	1	1	1	0.429	
015_4PH	3	29	1	1	1	0.446	
015_4PH	3	30	2	2	2	0.486	
015_4PH	3	31	1	1	1	0.463	
015_4PH	3	32	2	2	2	0.573	
015_4PH	3	33	2	2	2	0.464	
015_4PH	3	34	2	1	1	0.478	
015_4PH	3	35	2	1	1	0.461	
015_4PH	3	36	1	1	1	0.481	
015_4PH	3	37	2	2	2	0.451	
015_4PH	3	38	1	1	1	0.447	
015_4PH	3	39	1	1	1	0.429	
015_4PH	3	40	1	2	2	0.450	
015_4PH	3	41	1	2	2	0.398	
015_4PH	3	42	2	1	1	0.500	
015_4PH	3	43	2	1	1	0.571	
015_4PH	3	44	1	2	2	0.455	
015_4PH	3	45	1	2	2	0.431	
015_4PH	3	46	2	2	2	0.611	
015_4PH	3	47	2	2	2	0.555	
015_4PH	3	48	1	1	1	0.497	
015_4PH	3	49	2	1	1	0.559	
015_4PH	3	50	1	2	2	0.469	
015_4PH	3	51	2	1	1	0.451	
015_4PH	3	52	2	2	2	0.497	
015_4PH	3	53	2	1	1	0.471	
015_4PH	3	54	1	1	1	0.471	
015_4PH	3	55	2	1	1	0.434	
