sub	block	trial	congr	stim	resp	RT	
013_6GS	0	0	1	1	1	0.595	
013_6GS	0	1	1	1	1	0.413	
013_6GS	0	2	2	2	2	0.565	
013_6GS	0	3	2	2	2	0.598	
013_6GS	0	4	2	1	1	0.639	
013_6GS	0	5	2	2	2	0.673	
013_6GS	0	6	1	1	1	0.508	
013_6GS	0	7	1	2	2	0.483	
013_6GS	0	8	1	1	1	0.421	
013_6GS	0	9	2	1	1	0.569	
013_6GS	0	10	1	2	2	0.491	
013_6GS	0	11	1	1	1	0.410	
013_6GS	0	12	2	1	1	0.561	
013_6GS	0	13	1	1	1	0.499	
013_6GS	0	14	2	2	2	0.553	
013_6GS	0	15	1	2	2	0.568	
013_6GS	0	16	1	2	2	0.503	
013_6GS	0	17	2	1	1	0.529	
013_6GS	0	18	2	2	2	0.533	
013_6GS	0	19	2	1	1	0.577	
013_6GS	0	20	2	2	2	0.552	
013_6GS	0	21	1	1	1	0.458	
013_6GS	0	22	1	2	2	0.513	
013_6GS	0	23	1	2	2	0.428	
013_6GS	0	24	2	2	2	0.464	
013_6GS	0	25	1	2	2	0.441	
013_6GS	0	26	2	1	1	0.549	
013_6GS	0	27	1	2	2	0.455	
013_6GS	0	28	2	1	1	0.517	
013_6GS	0	29	1	1	1	0.693	
013_6GS	0	30	2	1	1	0.490	
013_6GS	0	31	1	1	1	0.406	
013_6GS	0	32	2	2	1	0.416	
013_6GS	0	33	2	1	1	0.710	
013_6GS	0	34	1	2	2	0.530	
013_6GS	0	35	1	1	1	0.468	
013_6GS	0	36	1	1	1	0.467	
013_6GS	0	37	2	2	2	0.551	
013_6GS	0	38	1	2	2	0.450	
013_6GS	0	39	2	1	1	0.565	
013_6GS	0	40	1	1	1	0.531	
013_6GS	0	41	2	2	2	0.575	
013_6GS	0	42	2	2	2	0.661	
013_6GS	0	43	1	2	2	0.525	
013_6GS	0	44	2	2	2	0.581	
013_6GS	0	45	1	2	2	0.433	
013_6GS	0	46	1	2	2	0.471	
013_6GS	0	47	2	1	1	0.617	
013_6GS	0	48	1	2	2	0.523	
013_6GS	0	49	2	2	2	0.609	
013_6GS	0	50	1	1	1	0.606	
013_6GS	0	51	2	2	2	0.540	
013_6GS	0	52	2	1	1	0.536	
013_6GS	0	53	2	1	1	0.522	
013_6GS	0	54	1	1	1	0.428	
013_6GS	0	55	2	1	1	0.576	
013_6GS	1	0	1	2	2	0.568	
013_6GS	1	1	2	1	1	0.464	
013_6GS	1	2	2	2	2	0.739	
013_6GS	1	3	1	2	2	0.517	
013_6GS	1	4	2	1	1	0.528	
013_6GS	1	5	2	1	1	0.503	
013_6GS	1	6	2	1	1	0.525	
013_6GS	1	7	1	2	2	0.495	
013_6GS	1	8	2	2	2	0.473	
013_6GS	1	9	1	2	2	0.399	
013_6GS	1	10	1	1	1	0.545	
013_6GS	1	11	2	2	2	0.539	
013_6GS	1	12	1	1	1	0.517	
013_6GS	1	13	1	2	2	0.585	
013_6GS	1	14	2	2	2	0.630	
013_6GS	1	15	1	1	1	0.578	
013_6GS	1	16	2	2	2	0.604	
013_6GS	1	17	2	2	2	0.548	
013_6GS	1	18	1	1	1	0.526	
013_6GS	1	19	1	2	2	0.530	
013_6GS	1	20	1	1	1	0.515	
013_6GS	1	21	1	2	2	0.631	
013_6GS	1	22	1	2	2	0.538	
013_6GS	1	23	2	1	1	0.486	
013_6GS	1	24	2	1	1	0.531	
013_6GS	1	25	2	1	1	0.607	
013_6GS	1	26	1	2	2	0.498	
013_6GS	1	27	1	1	1	0.556	
013_6GS	1	28	2	2	2	0.715	
013_6GS	1	29	1	1	1	0.470	
013_6GS	1	30	1	1	1	0.557	
013_6GS	1	31	2	1	1	0.461	
013_6GS	1	32	1	1	1	0.535	
013_6GS	1	33	1	1	1	0.411	
013_6GS	1	34	2	1	1	0.484	
013_6GS	1	35	2	1	1	0.587	
013_6GS	1	36	1	2	2	0.532	
013_6GS	1	37	2	2	2	0.617	
013_6GS	1	38	2	2	2	0.505	
013_6GS	1	39	2	2	2	0.509	
013_6GS	1	40	2	1	1	0.627	
013_6GS	1	41	1	1	1	0.463	
013_6GS	1	42	1	2	2	0.627	
013_6GS	1	43	1	2	2	0.455	
013_6GS	1	44	2	1	1	0.631	
013_6GS	1	45	2	2	2	0.825	
013_6GS	1	46	2	2	2	0.622	
013_6GS	1	47	1	2	2	0.466	
013_6GS	1	48	2	2	2	0.512	
013_6GS	1	49	1	2	2	0.459	
013_6GS	1	50	2	1	1	0.608	
013_6GS	1	51	1	1	1	0.422	
013_6GS	1	52	1	1	1	0.472	
013_6GS	1	53	1	1	1	0.398	
013_6GS	1	54	2	1	1	0.676	
013_6GS	1	55	2	2	2	0.728	
013_6GS	2	0	1	1	1	0.660	
013_6GS	2	1	2	1	1	0.571	
013_6GS	2	2	2	1	1	0.436	
013_6GS	2	3	1	1	1	0.411	
013_6GS	2	4	1	1	1	0.378	
013_6GS	2	5	1	2	2	0.701	
013_6GS	2	6	1	2	2	0.443	
013_6GS	2	7	2	1	1	0.603	
013_6GS	2	8	2	2	2	0.538	
013_6GS	2	9	2	1	1	0.613	
013_6GS	2	10	2	1	1	0.515	
013_6GS	2	11	2	2	2	0.579	
013_6GS	2	12	1	2	2	0.472	
013_6GS	2	13	1	1	1	0.571	
013_6GS	2	14	2	2	2	0.618	
013_6GS	2	15	2	1	1	0.816	
013_6GS	2	16	1	1	1	0.552	
013_6GS	2	17	2	2	2	0.530	
013_6GS	2	18	1	2	2	0.475	
013_6GS	2	19	2	2	2	0.566	
013_6GS	2	20	1	2	2	0.456	
013_6GS	2	21	1	2	2	0.445	
013_6GS	2	22	2	2	2	0.497	
013_6GS	2	23	1	1	1	0.604	
013_6GS	2	24	2	2	2	0.500	
013_6GS	2	25	1	1	1	0.468	
013_6GS	2	26	2	2	2	0.591	
013_6GS	2	27	1	2	2	0.536	
013_6GS	2	28	2	1	1	0.565	
013_6GS	2	29	2	1	1	0.576	
013_6GS	2	30	1	1	1	0.520	
013_6GS	2	31	1	2	2	0.444	
013_6GS	2	32	1	1	1	0.471	
013_6GS	2	33	1	2	2	0.423	
013_6GS	2	34	2	1	1	0.878	
013_6GS	2	35	2	1	1	0.535	
013_6GS	2	36	2	2	2	0.509	
013_6GS	2	37	2	1	1	0.479	
013_6GS	2	38	2	2	2	0.491	
013_6GS	2	39	2	2	2	0.569	
013_6GS	2	40	1	1	1	0.444	
013_6GS	2	41	1	2	2	0.389	
013_6GS	2	42	2	1	1	0.549	
013_6GS	2	43	2	2	2	0.746	
013_6GS	2	44	1	1	1	0.604	
013_6GS	2	45	1	2	2	0.495	
013_6GS	2	46	1	2	2	0.499	
013_6GS	2	47	1	1	1	0.595	
013_6GS	2	48	1	1	1	0.576	
013_6GS	2	49	2	2	2	0.772	
013_6GS	2	50	2	1	1	0.517	
013_6GS	2	51	2	2	2	0.546	
013_6GS	2	52	1	2	2	0.410	
013_6GS	2	53	2	1	1	0.531	
013_6GS	2	54	1	2	2	0.508	
013_6GS	2	55	1	1	1	0.482	
013_6GS	3	0	2	2	2	0.859	
013_6GS	3	1	1	1	1	0.554	
013_6GS	3	2	2	2	2	0.593	
013_6GS	3	3	2	1	1	0.630	
013_6GS	3	4	2	2	2	0.549	
013_6GS	3	5	1	1	1	0.566	
013_6GS	3	6	2	1	1	0.566	
013_6GS	3	7	1	2	2	0.652	
013_6GS	3	8	2	2	2	0.575	
013_6GS	3	9	1	1	1	0.698	
013_6GS	3	10	1	2	2	0.518	
013_6GS	3	11	2	1	1	0.465	
013_6GS	3	12	1	2	2	0.491	
013_6GS	3	13	1	2	2	0.463	
013_6GS	3	14	1	2	2	0.432	
013_6GS	3	15	1	2	2	0.409	
013_6GS	3	16	2	2	2	0.693	
013_6GS	3	17	2	1	1	0.632	
013_6GS	3	18	2	1	1	0.677	
013_6GS	3	19	2	1	1	0.622	
013_6GS	3	20	1	1	1	0.490	
013_6GS	3	21	1	2	2	0.560	
013_6GS	3	22	1	1	1	0.600	
013_6GS	3	23	1	2	2	0.575	
013_6GS	3	24	2	2	2	0.543	
013_6GS	3	25	2	1	1	0.730	
013_6GS	3	26	1	1	1	0.542	
013_6GS	3	27	2	2	2	0.639	
013_6GS	3	28	2	1	1	0.688	
013_6GS	3	29	2	1	1	0.673	
013_6GS	3	30	2	2	2	0.538	
013_6GS	3	31	1	2	2	0.624	
013_6GS	3	32	2	1	1	0.564	
013_6GS	3	33	2	2	2	0.623	
013_6GS	3	34	1	1	1	0.448	
013_6GS	3	35	1	2	2	0.473	
013_6GS	3	36	2	2	2	0.569	
013_6GS	3	37	2	1	1	0.567	
013_6GS	3	38	1	1	1	0.499	
013_6GS	3	39	1	2	2	0.831	
013_6GS	3	40	1	1	1	0.452	
013_6GS	3	41	1	1	1	0.486	
013_6GS	3	42	1	1	1	0.555	
013_6GS	3	43	1	2	2	0.557	
013_6GS	3	44	2	2	2	0.553	
013_6GS	3	45	1	1	1	0.489	
013_6GS	3	46	2	1	1	0.612	
013_6GS	3	47	2	1	1	0.565	
013_6GS	3	48	1	1	1	0.475	
013_6GS	3	49	2	2	2	0.632	
013_6GS	3	50	1	1	1	0.497	
013_6GS	3	51	1	2	2	0.474	
013_6GS	3	52	2	2	2	0.444	
013_6GS	3	53	1	2	2	0.512	
013_6GS	3	54	2	2	2	0.555	
013_6GS	3	55	2	1	1	0.593	
