sub	block	trial	congr	stim	resp	RT	
018_5LB	0	0	1	1	1	0.359	
018_5LB	0	1	2	1	1	0.399	
018_5LB	0	2	1	2	2	0.347	
018_5LB	0	3	2	2	2	0.411	
018_5LB	0	4	1	1	1	0.331	
018_5LB	0	5	1	2	2	0.338	
018_5LB	0	6	2	1	2	0.377	
018_5LB	0	7	2	2	2	0.440	
018_5LB	0	8	1	1	1	0.329	
018_5LB	0	9	1	1	1	0.433	
018_5LB	0	10	1	1	1	0.406	
018_5LB	0	11	1	1	1	0.345	
018_5LB	0	12	1	2	2	0.394	
018_5LB	0	13	2	1	1	0.381	
018_5LB	0	14	2	1	1	0.482	
018_5LB	0	15	1	2	2	0.376	
018_5LB	0	16	2	2	1	0.307	
018_5LB	0	17	1	2	1	0.457	
018_5LB	0	18	2	1	1	0.526	
018_5LB	0	19	1	2	2	0.452	
018_5LB	0	20	2	2	2	0.449	
018_5LB	0	21	1	1	2	0.417	
018_5LB	0	22	1	2	2	0.384	
018_5LB	0	23	1	2	2	0.372	
018_5LB	0	24	1	1	1	0.526	
018_5LB	0	25	2	1	1	0.412	
018_5LB	0	26	2	2	2	0.418	
018_5LB	0	27	1	1	1	0.422	
018_5LB	0	28	2	2	2	0.405	
018_5LB	0	29	2	1	1	0.452	
018_5LB	0	30	1	1	1	0.358	
018_5LB	0	31	2	2	2	0.443	
018_5LB	0	32	1	1	1	0.373	
018_5LB	0	33	2	2	2	0.485	
018_5LB	0	34	1	1	1	0.386	
018_5LB	0	35	2	1	1	0.404	
018_5LB	0	36	2	2	2	0.410	
018_5LB	0	37	2	2	2	0.416	
018_5LB	0	38	2	2	1	0.430	
018_5LB	0	39	2	2	2	0.342	
018_5LB	0	40	1	2	2	0.296	
018_5LB	0	41	1	1	1	0.407	
018_5LB	0	42	2	1	1	0.456	
018_5LB	0	43	2	2	2	0.400	
018_5LB	0	44	1	2	2	0.402	
018_5LB	0	45	2	2	2	0.445	
018_5LB	0	46	1	2	2	0.412	
018_5LB	0	47	1	2	2	0.378	
018_5LB	0	48	2	1	1	0.497	
018_5LB	0	49	2	1	1	0.472	
018_5LB	0	50	2	1	1	0.441	
018_5LB	0	51	1	1	1	0.393	
018_5LB	0	52	1	2	2	0.397	
018_5LB	0	53	2	1	1	0.568	
018_5LB	0	54	2	1	1	0.447	
018_5LB	0	55	1	2	2	0.400	
018_5LB	1	0	2	1	1	0.464	
018_5LB	1	1	1	1	1	0.381	
018_5LB	1	2	1	2	2	0.404	
018_5LB	1	3	2	1	2	0.397	
018_5LB	1	4	1	2	2	0.416	
018_5LB	1	5	2	1	1	0.450	
018_5LB	1	6	1	1	1	0.438	
018_5LB	1	7	2	1	1	0.377	
018_5LB	1	8	1	2	2	0.383	
018_5LB	1	9	2	1	1	0.418	
018_5LB	1	10	2	2	2	0.425	
018_5LB	1	11	1	1	1	0.380	
018_5LB	1	12	1	2	2	0.402	
018_5LB	1	13	1	1	1	0.406	
018_5LB	1	14	1	2	2	0.370	
018_5LB	1	15	1	2	2	0.345	
018_5LB	1	16	1	1	1	0.385	
018_5LB	1	17	2	1	1	0.440	
018_5LB	1	18	1	2	2	0.380	
018_5LB	1	19	2	2	2	0.435	
018_5LB	1	20	2	2	2	0.535	
018_5LB	1	21	1	1	1	0.405	
018_5LB	1	22	2	2	2	0.385	
018_5LB	1	23	2	2	2	0.618	
018_5LB	1	24	2	2	2	0.349	
018_5LB	1	25	2	1	2	0.376	
018_5LB	1	26	2	1	1	0.480	
018_5LB	1	27	1	1	1	0.444	
018_5LB	1	28	2	2	2	0.581	
018_5LB	1	29	1	2	2	0.377	
018_5LB	1	30	1	1	1	0.364	
018_5LB	1	31	2	1	1	0.357	
018_5LB	1	32	2	1	1	0.401	
018_5LB	1	33	1	1	1	0.378	
018_5LB	1	34	2	2	2	0.418	
018_5LB	1	35	2	1	1	0.407	
018_5LB	1	36	2	2	2	0.447	
018_5LB	1	37	2	1	1	0.376	
018_5LB	1	38	2	2	2	0.393	
018_5LB	1	39	2	1	1	0.391	
018_5LB	1	40	2	2	2	0.384	
018_5LB	1	41	2	2	2	0.397	
018_5LB	1	42	2	2	2	0.538	
018_5LB	1	43	1	1	1	0.350	
018_5LB	1	44	1	1	1	0.390	
018_5LB	1	45	1	2	2	0.342	
018_5LB	1	46	2	1	1	0.430	
018_5LB	1	47	1	2	2	0.378	
018_5LB	1	48	1	2	2	0.345	
018_5LB	1	49	1	2	2	0.359	
018_5LB	1	50	1	1	1	0.391	
018_5LB	1	51	1	2	2	0.364	
018_5LB	1	52	1	1	1	0.386	
018_5LB	1	53	2	2	2	0.422	
018_5LB	1	54	1	1	1	0.374	
018_5LB	1	55	1	2	2	0.440	
018_5LB	2	0	1	2	2	0.393	
018_5LB	2	1	1	2	2	0.402	
018_5LB	2	2	1	2	2	0.511	
018_5LB	2	3	1	1	1	0.357	
018_5LB	2	4	2	1	1	0.367	
018_5LB	2	5	1	2	2	0.398	
018_5LB	2	6	2	2	2	0.391	
018_5LB	2	7	2	2	2	0.398	
018_5LB	2	8	1	1	1	0.416	
018_5LB	2	9	2	2	2	0.377	
018_5LB	2	10	1	2	2	0.341	
018_5LB	2	11	2	2	2	0.363	
018_5LB	2	12	2	1	1	0.382	
018_5LB	2	13	1	2	2	0.345	
018_5LB	2	14	2	2	2	0.327	
018_5LB	2	15	1	2	2	0.363	
018_5LB	2	16	2	1	1	0.410	
018_5LB	2	17	1	1	1	0.468	
018_5LB	2	18	2	1	1	0.426	
018_5LB	2	19	1	2	2	0.391	
018_5LB	2	20	1	1	1	0.392	
018_5LB	2	21	2	2	2	0.351	
018_5LB	2	22	1	1	1	0.391	
018_5LB	2	23	2	2	2	0.389	
018_5LB	2	24	1	1	1	0.381	
018_5LB	2	25	1	1	1	0.371	
018_5LB	2	26	2	1	1	0.359	
018_5LB	2	27	1	1	1	0.352	
018_5LB	2	28	1	2	2	0.390	
018_5LB	2	29	1	2	2	0.345	
018_5LB	2	30	1	2	2	0.325	
018_5LB	2	31	1	2	2	0.323	
018_5LB	2	32	2	1	1	0.472	
018_5LB	2	33	1	1	1	0.356	
018_5LB	2	34	2	2	2	0.431	
018_5LB	2	35	2	2	2	0.364	
018_5LB	2	36	1	1	1	0.380	
018_5LB	2	37	1	1	1	0.366	
018_5LB	2	38	2	1	1	0.482	
018_5LB	2	39	2	2	2	0.553	
018_5LB	2	40	1	1	1	0.387	
018_5LB	2	41	2	2	2	0.352	
018_5LB	2	42	2	1	1	0.348	
018_5LB	2	43	2	1	1	0.410	
018_5LB	2	44	1	2	2	0.367	
018_5LB	2	45	2	1	1	0.431	
018_5LB	2	46	1	1	1	0.351	
018_5LB	2	47	2	1	1	0.389	
018_5LB	2	48	2	1	1	0.444	
018_5LB	2	49	2	1	1	0.394	
018_5LB	2	50	2	2	2	0.411	
018_5LB	2	51	1	2	2	0.340	
018_5LB	2	52	2	1	1	0.595	
018_5LB	2	53	2	2	2	0.380	
018_5LB	2	54	2	2	2	0.494	
018_5LB	2	55	1	1	1	0.392	
018_5LB	3	0	1	1	1	0.372	
018_5LB	3	1	2	2	2	0.412	
018_5LB	3	2	2	2	1	0.385	
018_5LB	3	3	1	2	2	0.378	
018_5LB	3	4	1	1	1	0.381	
018_5LB	3	5	1	1	1	0.428	
018_5LB	3	6	2	1	1	0.420	
018_5LB	3	7	1	2	2	0.367	
018_5LB	3	8	2	2	2	0.390	
018_5LB	3	9	2	1	1	0.391	
018_5LB	3	10	1	1	1	0.371	
018_5LB	3	11	2	1	1	0.404	
018_5LB	3	12	2	2	2	0.431	
018_5LB	3	13	2	1	1	0.385	
018_5LB	3	14	1	2	2	0.408	
018_5LB	3	15	1	2	2	0.323	
018_5LB	3	16	1	2	2	0.329	
018_5LB	3	17	1	2	2	0.368	
018_5LB	3	18	2	2	2	0.390	
018_5LB	3	19	2	2	2	0.417	
018_5LB	3	20	1	1	1	0.407	
018_5LB	3	21	1	2	2	0.416	
018_5LB	3	22	1	2	2	0.318	
018_5LB	3	23	2	1	1	0.416	
018_5LB	3	24	2	1	1	0.427	
018_5LB	3	25	1	2	2	0.372	
018_5LB	3	26	2	2	2	0.407	
018_5LB	3	27	2	2	2	0.405	
018_5LB	3	28	1	2	2	0.343	
018_5LB	3	29	1	1	1	0.444	
018_5LB	3	30	1	2	2	0.384	
018_5LB	3	31	1	1	1	0.422	
018_5LB	3	32	2	1	2	0.391	
018_5LB	3	33	2	2	2	0.440	
018_5LB	3	34	2	1	1	0.426	
018_5LB	3	35	1	1	1	0.450	
018_5LB	3	36	2	1	1	0.371	
018_5LB	3	37	1	2	2	0.376	
018_5LB	3	38	2	2	2	0.386	
018_5LB	3	39	2	1	1	0.370	
018_5LB	3	40	2	2	2	0.406	
018_5LB	3	41	2	1	1	0.428	
018_5LB	3	42	1	2	2	0.394	
018_5LB	3	43	1	2	2	0.371	
018_5LB	3	44	2	1	1	0.446	
018_5LB	3	45	2	2	2	0.402	
018_5LB	3	46	2	1	1	0.671	
018_5LB	3	47	1	1	1	0.380	
018_5LB	3	48	2	2	2	0.457	
018_5LB	3	49	1	1	1	0.399	
018_5LB	3	50	1	1	1	0.374	
018_5LB	3	51	1	1	1	0.339	
018_5LB	3	52	1	1	1	0.336	
018_5LB	3	53	2	1	1	0.430	
018_5LB	3	54	1	1	1	0.363	
018_5LB	3	55	2	2	2	0.340	
