sub	block	trial	congr	stim	resp	RT	
011_3DB	0	0	2	1	1	0.481	
011_3DB	0	1	2	2	2	0.440	
011_3DB	0	2	2	1	1	0.495	
011_3DB	0	3	1	2	2	0.579	
011_3DB	0	4	1	2	2	0.454	
011_3DB	0	5	1	1	1	0.392	
011_3DB	0	6	2	2	2	0.673	
011_3DB	0	7	2	1	1	0.487	
011_3DB	0	8	2	1	1	0.491	
011_3DB	0	9	2	2	2	0.420	
011_3DB	0	10	2	2	2	0.479	
011_3DB	0	11	1	1	1	0.414	
011_3DB	0	12	2	2	2	0.497	
011_3DB	0	13	2	2	2	0.534	
011_3DB	0	14	1	1	1	0.419	
011_3DB	0	15	2	1	1	0.556	
011_3DB	0	16	2	2	2	0.483	
011_3DB	0	17	2	1	1	0.526	
011_3DB	0	18	1	1	1	0.424	
011_3DB	0	19	2	1	1	0.395	
011_3DB	0	20	1	1	1	0.458	
011_3DB	0	21	1	2	2	0.591	
011_3DB	0	22	1	2	2	0.445	
011_3DB	0	23	1	2	2	0.460	
011_3DB	0	24	2	1	1	0.481	
011_3DB	0	25	2	1	1	0.588	
011_3DB	0	26	2	1	1	0.520	
011_3DB	0	27	1	2	2	0.674	
011_3DB	0	28	1	1	1	0.756	
011_3DB	0	29	1	2	2	0.548	
011_3DB	0	30	1	2	2	0.586	
011_3DB	0	31	2	1	1	0.585	
011_3DB	0	32	2	2	2	0.471	
011_3DB	0	33	2	1	1	0.489	
011_3DB	0	34	1	1	1	0.489	
011_3DB	0	35	2	2	2	0.439	
011_3DB	0	36	1	2	2	0.475	
011_3DB	0	37	1	1	1	0.597	
011_3DB	0	38	2	2	2	0.496	
011_3DB	0	39	1	2	2	0.418	
011_3DB	0	40	2	1	1	0.494	
011_3DB	0	41	1	2	2	0.632	
011_3DB	0	42	2	2	2	0.515	
011_3DB	0	43	1	1	1	0.416	
011_3DB	0	44	2	1	1	0.552	
011_3DB	0	45	1	2	2	0.595	
011_3DB	0	46	1	2	2	0.406	
011_3DB	0	47	1	1	1	0.466	
011_3DB	0	48	1	2	2	0.513	
011_3DB	0	49	2	2	2	0.478	
011_3DB	0	50	1	1	1	0.618	
011_3DB	0	51	1	1	1	0.512	
011_3DB	0	52	1	1	1	0.438	
011_3DB	0	53	2	2	2	0.487	
011_3DB	0	54	1	1	1	0.510	
011_3DB	0	55	2	2	2	0.463	
011_3DB	1	0	1	1	1	0.678	
011_3DB	1	1	2	1	1	0.548	
011_3DB	1	2	1	2	2	0.413	
011_3DB	1	3	2	2	2	0.494	
011_3DB	1	4	2	1	1	0.438	
011_3DB	1	5	2	1	1	0.448	
011_3DB	1	6	1	1	1	0.420	
011_3DB	1	7	2	1	1	0.495	
011_3DB	1	8	2	2	2	0.459	
011_3DB	1	9	1	1	1	0.449	
011_3DB	1	10	2	1	1	0.518	
011_3DB	1	11	2	2	2	0.495	
011_3DB	1	12	1	1	1	0.589	
011_3DB	1	13	1	2	2	0.407	
011_3DB	1	14	2	2	2	0.420	
011_3DB	1	15	1	2	2	0.362	
011_3DB	1	16	1	1	1	0.407	
011_3DB	1	17	1	2	2	0.404	
011_3DB	1	18	2	2	2	0.410	
011_3DB	1	19	2	2	2	0.429	
011_3DB	1	20	1	2	2	0.580	
011_3DB	1	21	1	2	2	0.388	
011_3DB	1	22	1	1	1	0.502	
011_3DB	1	23	1	1	1	0.487	
011_3DB	1	24	1	1	1	0.431	
011_3DB	1	25	2	2	2	0.494	
011_3DB	1	26	1	2	2	0.565	
011_3DB	1	27	2	1	1	0.501	
011_3DB	1	28	2	1	1	0.494	
011_3DB	1	29	2	1	1	0.531	
011_3DB	1	30	1	2	2	0.444	
011_3DB	1	31	1	1	1	0.471	
011_3DB	1	32	2	2	2	0.444	
011_3DB	1	33	1	1	1	0.439	
011_3DB	1	34	2	2	2	0.454	
011_3DB	1	35	1	1	1	0.443	
011_3DB	1	36	1	1	1	0.438	
011_3DB	1	37	2	1	1	0.493	
011_3DB	1	38	1	2	2	0.435	
011_3DB	1	39	1	1	1	0.629	
011_3DB	1	40	1	2	2	0.441	
011_3DB	1	41	2	1	1	0.701	
011_3DB	1	42	2	2	2	0.469	
011_3DB	1	43	2	1	1	0.932	
011_3DB	1	44	1	2	2	0.508	
011_3DB	1	45	2	2	2	0.443	
011_3DB	1	46	2	2	2	0.515	
011_3DB	1	47	2	2	2	0.451	
011_3DB	1	48	2	1	1	0.501	
011_3DB	1	49	1	2	2	0.387	
011_3DB	1	50	1	2	2	0.390	
011_3DB	1	51	1	2	2	0.388	
011_3DB	1	52	2	1	1	0.486	
011_3DB	1	53	2	1	1	0.485	
011_3DB	1	54	1	1	1	0.465	
011_3DB	1	55	2	2	2	0.514	
011_3DB	2	0	2	1	1	0.531	
011_3DB	2	1	1	2	2	0.381	
011_3DB	2	2	2	2	2	0.420	
011_3DB	2	3	2	1	1	0.476	
011_3DB	2	4	1	1	1	0.428	
011_3DB	2	5	1	1	1	0.377	
011_3DB	2	6	2	2	2	0.465	
011_3DB	2	7	2	2	2	0.429	
011_3DB	2	8	1	1	1	0.436	
011_3DB	2	9	1	2	2	0.652	
011_3DB	2	10	2	2	2	0.727	
011_3DB	2	11	2	1	1	0.586	
011_3DB	2	12	1	1	1	0.407	
011_3DB	2	13	1	1	1	0.586	
011_3DB	2	14	1	1	1	0.500	
011_3DB	2	15	2	2	2	0.490	
011_3DB	2	16	1	2	2	0.406	
011_3DB	2	17	1	2	2	0.444	
011_3DB	2	18	1	2	2	0.424	
011_3DB	2	19	1	1	1	0.460	
011_3DB	2	20	2	1	1	0.478	
011_3DB	2	21	2	2	2	0.476	
011_3DB	2	22	2	1	1	0.588	
011_3DB	2	23	1	2	2	0.385	
011_3DB	2	24	1	2	2	0.566	
011_3DB	2	25	2	1	1	0.589	
011_3DB	2	26	1	1	1	0.582	
011_3DB	2	27	2	1	1	0.525	
011_3DB	2	28	2	1	1	0.488	
011_3DB	2	29	2	2	2	0.465	
011_3DB	2	30	2	1	1	0.684	
011_3DB	2	31	1	1	1	0.463	
011_3DB	2	32	1	2	2	0.542	
011_3DB	2	33	2	2	2	0.433	
011_3DB	2	34	2	1	1	0.670	
011_3DB	2	35	1	1	1	0.615	
011_3DB	2	36	1	1	1	0.591	
011_3DB	2	37	1	1	1	0.513	
011_3DB	2	38	2	2	2	0.431	
011_3DB	2	39	2	1	1	0.646	
011_3DB	2	40	2	1	1	0.577	
011_3DB	2	41	1	2	2	0.632	
011_3DB	2	42	2	2	2	0.831	
011_3DB	2	43	1	1	1	0.761	
011_3DB	2	44	2	1	1	0.527	
011_3DB	2	45	2	1	1	0.523	
011_3DB	2	46	1	2	2	0.441	
011_3DB	2	47	2	2	2	0.505	
011_3DB	2	48	2	2	2	0.478	
011_3DB	2	49	1	1	1	0.446	
011_3DB	2	50	1	2	2	0.436	
011_3DB	2	51	1	2	2	0.442	
011_3DB	2	52	1	2	2	0.533	
011_3DB	2	53	1	2	2	0.561	
011_3DB	2	54	2	2	2	0.452	
011_3DB	2	55	2	2	2	0.630	
011_3DB	3	0	1	2	2	0.421	
011_3DB	3	1	1	2	2	0.487	
011_3DB	3	2	1	2	2	0.469	
011_3DB	3	3	1	1	1	0.527	
011_3DB	3	4	1	2	2	0.384	
011_3DB	3	5	2	1	1	0.501	
011_3DB	3	6	2	1	1	0.501	
011_3DB	3	7	2	2	2	0.484	
011_3DB	3	8	1	1	1	0.486	
011_3DB	3	9	1	1	1	0.474	
011_3DB	3	10	2	2	2	0.468	
011_3DB	3	11	1	1	1	0.436	
011_3DB	3	12	2	1	1	0.479	
011_3DB	3	13	1	2	2	0.528	
011_3DB	3	14	2	1	1	0.495	
011_3DB	3	15	2	1	1	0.468	
011_3DB	3	16	1	2	2	0.439	
011_3DB	3	17	1	2	2	0.467	
011_3DB	3	18	2	2	2	0.442	
011_3DB	3	19	1	2	2	0.471	
011_3DB	3	20	1	2	2	0.473	
011_3DB	3	21	1	1	1	0.651	
011_3DB	3	22	1	1	1	0.612	
011_3DB	3	23	1	2	2	0.757	
011_3DB	3	24	1	2	2	0.524	
011_3DB	3	25	1	1	1	0.563	
011_3DB	3	26	2	1	1	0.532	
011_3DB	3	27	2	2	2	0.587	
011_3DB	3	28	2	2	2	0.565	
011_3DB	3	29	2	1	1	0.527	
011_3DB	3	30	1	1	1	0.451	
011_3DB	3	31	1	1	1	0.491	
011_3DB	3	32	1	1	1	0.769	
011_3DB	3	33	2	2	2	0.490	
011_3DB	3	34	2	1	1	0.505	
011_3DB	3	35	2	1	1	0.499	
011_3DB	3	36	1	1	1	0.429	
011_3DB	3	37	2	2	2	0.455	
011_3DB	3	38	1	2	2	0.481	
011_3DB	3	39	1	2	2	0.511	
011_3DB	3	40	1	1	1	0.677	
011_3DB	3	41	1	1	1	0.545	
011_3DB	3	42	2	1	1	0.484	
011_3DB	3	43	2	1	1	0.448	
011_3DB	3	44	2	1	1	0.465	
011_3DB	3	45	2	2	2	0.515	
011_3DB	3	46	2	1	1	0.555	
011_3DB	3	47	2	2	2	0.640	
011_3DB	3	48	2	2	2	0.445	
011_3DB	3	49	1	2	2	0.466	
011_3DB	3	50	1	1	1	0.383	
011_3DB	3	51	2	2	2	0.451	
011_3DB	3	52	2	2	2	0.502	
011_3DB	3	53	2	1	1	0.551	
011_3DB	3	54	2	2	2	0.447	
011_3DB	3	55	2	2	2	0.558	
