sub	block	trial	congr	stim	resp	RT	
004_3DB	0	0	1	1	1	0.438	
004_3DB	0	1	2	2	2	0.459	
004_3DB	0	2	2	2	2	0.457	
004_3DB	0	3	2	1	1	0.405	
004_3DB	0	4	2	1	1	0.530	
004_3DB	0	5	2	2	2	0.414	
004_3DB	0	6	2	2	2	0.409	
004_3DB	0	7	1	2	2	0.416	
004_3DB	0	8	1	1	1	0.352	
004_3DB	0	9	1	2	2	0.424	
004_3DB	0	10	1	1	1	0.368	
004_3DB	0	11	1	1	1	0.366	
004_3DB	0	12	2	2	2	0.413	
004_3DB	0	13	2	1	1	0.443	
004_3DB	0	14	2	2	2	0.433	
004_3DB	0	15	1	1	1	0.381	
004_3DB	0	16	2	2	2	0.392	
004_3DB	0	17	2	1	1	0.413	
004_3DB	0	18	2	1	1	0.415	
004_3DB	0	19	1	1	1	0.378	
004_3DB	0	20	1	2	2	0.350	
004_3DB	0	21	2	2	2	0.508	
004_3DB	0	22	1	1	1	0.366	
004_3DB	0	23	1	2	2	0.347	
004_3DB	0	24	1	1	1	0.341	
004_3DB	0	25	1	2	2	0.335	
004_3DB	0	26	1	1	1	0.352	
004_3DB	0	27	1	2	2	0.291	
004_3DB	0	28	2	2	2	0.388	
004_3DB	0	29	2	1	1	0.484	
004_3DB	0	30	1	2	2	0.335	
004_3DB	0	31	2	1	2	0.378	
004_3DB	0	32	1	1	1	0.394	
004_3DB	0	33	1	2	2	0.337	
004_3DB	0	34	2	2	2	0.405	
004_3DB	0	35	1	2	2	0.372	
004_3DB	0	36	1	1	1	0.335	
004_3DB	0	37	2	1	1	0.390	
004_3DB	0	38	1	2	2	0.346	
004_3DB	0	39	2	2	2	0.370	
004_3DB	0	40	1	1	1	0.369	
004_3DB	0	41	2	2	2	0.452	
004_3DB	0	42	1	2	2	0.372	
004_3DB	0	43	1	2	2	0.313	
004_3DB	0	44	2	2	1	0.324	
004_3DB	0	45	1	2	2	0.366	
004_3DB	0	46	1	2	2	0.397	
004_3DB	0	47	1	1	1	0.376	
004_3DB	0	48	2	1	1	0.398	
004_3DB	0	49	2	1	1	0.392	
004_3DB	0	50	2	1	1	0.434	
004_3DB	0	51	2	1	1	0.431	
004_3DB	0	52	1	1	1	0.435	
004_3DB	0	53	2	1	1	0.400	
004_3DB	0	54	2	1	1	0.351	
004_3DB	0	55	2	2	2	0.453	
004_3DB	1	0	1	1	1	0.417	
004_3DB	1	1	1	2	2	0.331	
004_3DB	1	2	1	1	1	0.356	
004_3DB	1	3	1	1	1	0.371	
004_3DB	1	4	1	1	1	0.374	
004_3DB	1	5	2	1	1	0.372	
004_3DB	1	6	1	2	2	0.317	
004_3DB	1	7	2	1	1	0.374	
004_3DB	1	8	1	2	2	0.365	
004_3DB	1	9	2	1	1	0.392	
004_3DB	1	10	2	2	1	0.401	
004_3DB	1	11	1	2	2	0.389	
004_3DB	1	12	2	2	2	0.453	
004_3DB	1	13	1	1	1	0.374	
004_3DB	1	14	2	2	2	0.360	
004_3DB	1	15	1	2	2	0.392	
004_3DB	1	16	1	2	2	0.365	
004_3DB	1	17	2	1	1	0.437	
004_3DB	1	18	2	2	2	0.431	
004_3DB	1	19	1	1	1	0.358	
004_3DB	1	20	1	2	2	0.392	
004_3DB	1	21	1	2	2	0.364	
004_3DB	1	22	2	1	1	0.439	
004_3DB	1	23	2	1	1	0.540	
004_3DB	1	24	2	1	1	0.460	
004_3DB	1	25	1	2	2	0.371	
004_3DB	1	26	1	2	2	0.352	
004_3DB	1	27	1	1	1	0.395	
004_3DB	1	28	2	1	1	0.449	
004_3DB	1	29	2	1	1	0.452	
004_3DB	1	30	2	2	2	0.431	
004_3DB	1	31	2	2	2	0.465	
004_3DB	1	32	2	1	1	0.421	
004_3DB	1	33	2	1	1	0.430	
004_3DB	1	34	2	2	2	0.438	
004_3DB	1	35	1	1	1	0.364	
004_3DB	1	36	1	1	1	0.364	
004_3DB	1	37	2	2	2	0.398	
004_3DB	1	38	2	2	2	0.438	
004_3DB	1	39	1	2	2	0.408	
004_3DB	1	40	1	2	2	0.391	
004_3DB	1	41	2	2	2	0.411	
004_3DB	1	42	1	2	2	0.431	
004_3DB	1	43	2	2	2	0.361	
004_3DB	1	44	1	2	2	0.365	
004_3DB	1	45	1	1	1	0.396	
004_3DB	1	46	1	1	1	0.378	
004_3DB	1	47	1	1	1	0.356	
004_3DB	1	48	1	1	1	0.347	
004_3DB	1	49	2	1	1	0.598	
004_3DB	1	50	2	1	1	0.389	
004_3DB	1	51	1	1	1	0.379	
004_3DB	1	52	2	1	1	0.416	
004_3DB	1	53	2	2	2	0.380	
004_3DB	1	54	2	2	2	0.423	
004_3DB	1	55	2	2	2	0.422	
004_3DB	2	0	1	2	2	0.424	
004_3DB	2	1	1	1	1	0.410	
004_3DB	2	2	2	2	2	0.416	
004_3DB	2	3	2	1	1	0.394	
004_3DB	2	4	2	1	1	0.342	
004_3DB	2	5	1	1	1	0.345	
004_3DB	2	6	1	2	2	0.370	
004_3DB	2	7	2	2	2	0.427	
004_3DB	2	8	1	2	2	0.394	
004_3DB	2	9	2	2	2	0.404	
004_3DB	2	10	2	1	1	0.433	
004_3DB	2	11	1	1	1	0.406	
004_3DB	2	12	1	2	2	0.352	
004_3DB	2	13	1	1	1	0.393	
004_3DB	2	14	2	1	1	0.429	
004_3DB	2	15	2	2	2	0.416	
004_3DB	2	16	2	2	2	0.408	
004_3DB	2	17	2	1	1	0.412	
004_3DB	2	18	1	2	2	0.363	
004_3DB	2	19	1	1	1	0.349	
004_3DB	2	20	1	2	2	0.322	
004_3DB	2	21	2	1	1	0.302	
004_3DB	2	22	1	1	1	0.400	
004_3DB	2	23	2	1	1	0.364	
004_3DB	2	24	2	2	2	0.466	
004_3DB	2	25	2	2	2	0.497	
004_3DB	2	26	1	2	2	0.364	
004_3DB	2	27	1	1	1	0.371	
004_3DB	2	28	2	1	1	0.430	
004_3DB	2	29	2	1	1	0.414	
004_3DB	2	30	2	1	1	0.364	
004_3DB	2	31	1	2	2	0.392	
004_3DB	2	32	1	2	2	0.335	
004_3DB	2	33	1	1	1	0.355	
004_3DB	2	34	1	2	2	0.383	
004_3DB	2	35	2	2	2	0.409	
004_3DB	2	36	2	1	1	0.404	
004_3DB	2	37	2	2	2	0.456	
004_3DB	2	38	1	1	1	0.393	
004_3DB	2	39	2	1	2	0.365	
004_3DB	2	40	1	2	2	0.373	
004_3DB	2	41	1	1	1	0.420	
004_3DB	2	42	2	2	2	0.385	
004_3DB	2	43	2	1	1	0.415	
004_3DB	2	44	2	2	2	0.379	
004_3DB	2	45	1	2	2	0.418	
004_3DB	2	46	1	1	1	0.401	
004_3DB	2	47	2	1	1	0.462	
004_3DB	2	48	2	2	2	0.460	
004_3DB	2	49	1	1	1	0.374	
004_3DB	2	50	1	1	1	0.415	
004_3DB	2	51	1	2	2	0.336	
004_3DB	2	52	1	2	2	0.384	
004_3DB	2	53	1	1	1	0.344	
004_3DB	2	54	2	2	2	0.420	
004_3DB	2	55	2	2	2	0.447	
004_3DB	3	0	2	2	2	0.671	
004_3DB	3	1	2	2	2	0.423	
004_3DB	3	2	2	2	2	0.377	
004_3DB	3	3	2	1	1	0.369	
004_3DB	3	4	1	2	2	0.356	
004_3DB	3	5	2	2	2	0.384	
004_3DB	3	6	1	2	2	0.349	
004_3DB	3	7	1	2	2	0.380	
004_3DB	3	8	1	1	1	0.425	
004_3DB	3	9	1	1	1	0.366	
004_3DB	3	10	2	2	1	0.374	
004_3DB	3	11	1	1	1	0.376	
004_3DB	3	12	2	2	2	0.387	
004_3DB	3	13	2	1	1	0.389	
004_3DB	3	14	2	1	1	0.497	
004_3DB	3	15	2	1	1	0.452	
004_3DB	3	16	2	1	1	0.451	
004_3DB	3	17	1	2	2	0.437	
004_3DB	3	18	2	2	2	0.485	
004_3DB	3	19	1	1	1	0.360	
004_3DB	3	20	1	2	2	0.366	
004_3DB	3	21	1	1	1	0.370	
004_3DB	3	22	2	2	2	0.377	
004_3DB	3	23	1	2	2	0.399	
004_3DB	3	24	2	1	1	0.462	
004_3DB	3	25	1	1	1	0.389	
004_3DB	3	26	2	1	1	0.504	
004_3DB	3	27	2	1	1	0.423	
004_3DB	3	28	1	1	1	0.406	
004_3DB	3	29	1	1	1	0.382	
004_3DB	3	30	1	2	2	0.412	
004_3DB	3	31	1	1	1	0.373	
004_3DB	3	32	1	2	2	0.363	
004_3DB	3	33	1	2	2	0.411	
004_3DB	3	34	1	1	1	0.385	
004_3DB	3	35	2	1	1	0.422	
004_3DB	3	36	1	1	1	0.385	
004_3DB	3	37	2	2	2	0.455	
004_3DB	3	38	2	1	1	0.450	
004_3DB	3	39	2	2	2	0.427	
004_3DB	3	40	1	2	2	0.408	
004_3DB	3	41	1	2	2	0.381	
004_3DB	3	42	2	2	2	0.485	
004_3DB	3	43	1	2	2	0.385	
004_3DB	3	44	1	1	1	0.423	
004_3DB	3	45	1	2	2	0.360	
004_3DB	3	46	2	1	1	0.461	
004_3DB	3	47	2	2	2	0.466	
004_3DB	3	48	2	1	1	0.401	
004_3DB	3	49	1	1	1	0.416	
004_3DB	3	50	2	2	2	0.394	
004_3DB	3	51	2	1	1	0.484	
004_3DB	3	52	1	1	1	0.418	
004_3DB	3	53	1	2	2	0.399	
004_3DB	3	54	2	1	1	0.350	
004_3DB	3	55	2	2	2	0.428	
