sub	block	trial	congr	stim	resp	RT	
017_1KM	0	0	1	1	1	0.759	
017_1KM	0	1	1	2	2	0.431	
017_1KM	0	2	2	1	1	0.435	
017_1KM	0	3	1	2	2	0.420	
017_1KM	0	4	1	1	1	0.484	
017_1KM	0	5	1	1	1	0.451	
017_1KM	0	6	2	1	1	0.538	
017_1KM	0	7	2	1	1	0.538	
017_1KM	0	8	1	1	1	0.377	
017_1KM	0	9	1	1	1	0.430	
017_1KM	0	10	2	2	2	0.483	
017_1KM	0	11	1	2	2	0.707	
017_1KM	0	12	1	2	2	0.501	
017_1KM	0	13	2	1	1	0.518	
017_1KM	0	14	2	2	2	0.452	
017_1KM	0	15	1	2	2	0.443	
017_1KM	0	16	1	1	1	0.594	
017_1KM	0	17	1	2	2	0.801	
017_1KM	0	18	2	1	1	0.974	
017_1KM	0	19	2	1	1	0.959	
017_1KM	0	20	2	1	1	0.590	
017_1KM	0	21	1	1	1	0.418	
017_1KM	0	22	2	2	2	0.462	
017_1KM	0	23	2	1	1	0.441	
017_1KM	0	24	2	2	2	0.468	
017_1KM	0	25	1	1	1	0.410	
017_1KM	0	26	2	2	2	0.437	
017_1KM	0	27	1	1	1	0.605	
017_1KM	0	28	1	2	2	0.718	
017_1KM	0	29	2	2	2	0.741	
017_1KM	0	30	2	1	1	0.583	
017_1KM	0	31	1	2	2	0.429	
017_1KM	0	32	2	1	1	0.402	
017_1KM	0	33	1	2	2	0.439	
017_1KM	0	34	1	2	2	0.450	
017_1KM	0	35	1	1	1	0.368	
017_1KM	0	36	2	2	2	0.508	
017_1KM	0	37	1	1	1	0.582	
017_1KM	0	38	1	2	2	0.434	
017_1KM	0	39	2	2	2	0.528	
017_1KM	0	40	2	2	2	0.424	
017_1KM	0	41	1	1	1	0.405	
017_1KM	0	42	1	2	2	0.364	
017_1KM	0	43	2	2	2	0.561	
017_1KM	0	44	2	2	2	0.470	
017_1KM	0	45	1	2	2	0.420	
017_1KM	0	46	2	1	1	0.540	
017_1KM	0	47	2	1	1	0.444	
017_1KM	0	48	2	1	1	0.408	
017_1KM	0	49	1	1	1	0.467	
017_1KM	0	50	2	2	2	0.460	
017_1KM	0	51	2	2	2	0.519	
017_1KM	0	52	2	2	2	0.565	
017_1KM	0	53	1	2	2	0.471	
017_1KM	0	54	2	1	1	0.562	
017_1KM	0	55	1	1	1	0.428	
017_1KM	1	0	1	1	1	0.476	
017_1KM	1	1	1	2	2	0.426	
017_1KM	1	2	1	2	2	0.466	
017_1KM	1	3	1	1	1	0.486	
017_1KM	1	4	1	1	1	0.487	
017_1KM	1	5	2	2	2	0.421	
017_1KM	1	6	2	2	2	0.424	
017_1KM	1	7	2	1	1	0.508	
017_1KM	1	8	2	2	2	0.437	
017_1KM	1	9	2	2	2	0.580	
017_1KM	1	10	2	1	1	0.485	
017_1KM	1	11	2	1	1	0.600	
017_1KM	1	12	2	1	1	0.540	
017_1KM	1	13	1	2	2	0.495	
017_1KM	1	14	2	2	2	0.591	
017_1KM	1	15	2	2	2	0.836	
017_1KM	1	16	1	2	2	0.563	
017_1KM	1	17	1	1	1	0.638	
017_1KM	1	18	2	2	2	0.524	
017_1KM	1	19	1	1	1	0.629	
017_1KM	1	20	1	1	1	0.597	
017_1KM	1	21	1	2	2	0.459	
017_1KM	1	22	1	1	1	0.490	
017_1KM	1	23	1	2	2	0.692	
017_1KM	1	24	2	1	1	0.441	
017_1KM	1	25	2	1	1	0.430	
017_1KM	1	26	2	1	1	0.752	
017_1KM	1	27	1	2	2	0.486	
017_1KM	1	28	2	2	2	0.577	
017_1KM	1	29	1	1	1	0.584	
017_1KM	1	30	1	1	1	0.412	
017_1KM	1	31	1	1	1	0.485	
017_1KM	1	32	2	1	1	0.479	
017_1KM	1	33	2	1	1	0.443	
017_1KM	1	34	2	2	2	0.540	
017_1KM	1	35	1	1	1	0.502	
017_1KM	1	36	2	1	1	0.530	
017_1KM	1	37	2	2	2	0.580	
017_1KM	1	38	1	1	1	0.764	
017_1KM	1	39	1	2	2	0.690	
017_1KM	1	40	1	2	2	0.519	
017_1KM	1	41	2	2	2	0.514	
017_1KM	1	42	2	2	2	0.597	
017_1KM	1	43	1	2	2	0.785	
017_1KM	1	44	2	2	2	0.455	
017_1KM	1	45	1	2	2	0.577	
017_1KM	1	46	2	1	1	0.717	
017_1KM	1	47	1	2	2	0.417	
017_1KM	1	48	1	2	2	0.350	
017_1KM	1	49	1	1	1	0.507	
017_1KM	1	50	1	1	1	0.451	
017_1KM	1	51	2	1	1	0.574	
017_1KM	1	52	2	1	1	0.407	
017_1KM	1	53	2	2	2	0.453	
017_1KM	1	54	2	1	1	0.481	
017_1KM	1	55	1	2	2	0.469	
017_1KM	2	0	1	1	1	0.461	
017_1KM	2	1	1	2	2	0.665	
017_1KM	2	2	1	2	2	0.425	
017_1KM	2	3	2	2	2	0.560	
017_1KM	2	4	2	1	1	0.467	
017_1KM	2	5	2	1	1	0.495	
017_1KM	2	6	2	2	2	0.436	
017_1KM	2	7	1	1	1	0.588	
017_1KM	2	8	2	2	2	0.483	
017_1KM	2	9	1	2	2	0.547	
017_1KM	2	10	2	2	2	0.516	
017_1KM	2	11	1	1	1	0.534	
017_1KM	2	12	1	1	1	0.511	
017_1KM	2	13	2	1	1	0.536	
017_1KM	2	14	2	1	1	0.551	
017_1KM	2	15	2	2	2	0.598	
017_1KM	2	16	2	1	1	0.472	
017_1KM	2	17	2	1	1	0.445	
017_1KM	2	18	2	2	2	0.441	
017_1KM	2	19	1	1	1	0.516	
017_1KM	2	20	2	2	2	0.429	
017_1KM	2	21	1	2	2	0.604	
017_1KM	2	22	1	1	1	0.653	
017_1KM	2	23	2	1	1	0.494	
017_1KM	2	24	1	2	2	0.508	
017_1KM	2	25	2	2	2	0.596	
017_1KM	2	26	2	1	1	0.605	
017_1KM	2	27	1	2	2	0.849	
017_1KM	2	28	1	1	1	0.535	
017_1KM	2	29	1	2	2	0.487	
017_1KM	2	30	1	1	1	0.488	
017_1KM	2	31	1	1	1	0.443	
017_1KM	2	32	2	1	1	0.454	
017_1KM	2	33	1	2	2	0.640	
017_1KM	2	34	2	2	2	0.575	
017_1KM	2	35	1	2	2	0.378	
017_1KM	2	36	1	2	2	0.367	
017_1KM	2	37	2	1	1	0.503	
017_1KM	2	38	1	2	2	0.447	
017_1KM	2	39	2	1	1	0.526	
017_1KM	2	40	2	1	1	0.537	
017_1KM	2	41	1	1	1	0.436	
017_1KM	2	42	1	2	2	0.472	
017_1KM	2	43	1	1	1	0.698	
017_1KM	2	44	2	1	1	0.673	
017_1KM	2	45	2	2	2	0.886	
017_1KM	2	46	1	1	1	0.504	
017_1KM	2	47	2	1	1	0.486	
017_1KM	2	48	2	2	2	0.488	
017_1KM	2	49	2	2	2	0.536	
017_1KM	2	50	1	1	1	0.625	
017_1KM	2	51	2	2	2	0.832	
017_1KM	2	52	1	2	2	0.832	
017_1KM	2	53	2	2	2	0.487	
017_1KM	2	54	1	2	2	0.491	
017_1KM	2	55	1	1	1	0.661	
017_1KM	3	0	2	1	1	0.728	
017_1KM	3	1	1	1	1	0.457	
017_1KM	3	2	1	1	1	0.442	
017_1KM	3	3	2	2	2	0.481	
017_1KM	3	4	1	2	2	0.409	
017_1KM	3	5	2	2	2	0.466	
017_1KM	3	6	1	1	1	0.412	
017_1KM	3	7	2	1	1	0.583	
017_1KM	3	8	2	2	2	0.478	
017_1KM	3	9	1	2	2	0.514	
017_1KM	3	10	2	1	1	0.476	
017_1KM	3	11	2	1	1	0.477	
017_1KM	3	12	1	2	2	0.446	
017_1KM	3	13	1	2	2	0.409	
017_1KM	3	14	2	2	2	0.543	
017_1KM	3	15	1	2	2	0.555	
017_1KM	3	16	1	1	1	0.691	
017_1KM	3	17	1	1	1	0.447	
017_1KM	3	18	1	1	1	0.525	
017_1KM	3	19	1	1	1	0.456	
017_1KM	3	20	2	1	1	0.749	
017_1KM	3	21	2	2	2	0.736	
017_1KM	3	22	1	2	2	0.541	
017_1KM	3	23	2	1	1	0.518	
017_1KM	3	24	2	2	2	0.490	
017_1KM	3	25	1	1	1	0.492	
017_1KM	3	26	2	2	2	0.471	
017_1KM	3	27	1	2	2	0.455	
017_1KM	3	28	2	2	2	0.533	
017_1KM	3	29	1	2	2	0.426	
017_1KM	3	30	2	1	1	0.543	
017_1KM	3	31	2	1	1	0.582	
017_1KM	3	32	1	2	2	0.552	
017_1KM	3	33	2	2	2	0.507	
017_1KM	3	34	1	1	1	0.548	
017_1KM	3	35	2	2	2	0.533	
017_1KM	3	36	2	1	1	0.491	
017_1KM	3	37	1	2	2	0.481	
017_1KM	3	38	2	2	2	0.538	
017_1KM	3	39	1	1	1	0.691	
017_1KM	3	40	1	1	1	0.675	
017_1KM	3	41	1	2	2	0.466	
017_1KM	3	42	2	1	1	0.495	
017_1KM	3	43	1	1	1	0.459	
017_1KM	3	44	2	1	1	0.819	
017_1KM	3	45	2	2	2	0.889	
017_1KM	3	46	2	2	2	0.592	
017_1KM	3	47	1	1	1	0.529	
017_1KM	3	48	2	1	1	0.504	
017_1KM	3	49	1	1	1	0.552	
017_1KM	3	50	2	1	1	0.522	
017_1KM	3	51	2	1	1	0.582	
017_1KM	3	52	1	2	2	0.646	
017_1KM	3	53	1	2	2	0.610	
017_1KM	3	54	2	2	2	0.649	
017_1KM	3	55	1	2	2	0.794	
