sub	block	trial	congr	stim	resp	RT	
004_1KM	0	0	2	2	2	0.509	
004_1KM	0	1	2	2	2	0.458	
004_1KM	0	2	1	2	2	0.428	
004_1KM	0	3	2	2	2	0.472	
004_1KM	0	4	2	2	2	0.477	
004_1KM	0	5	2	2	2	0.439	
004_1KM	0	6	2	1	1	0.546	
004_1KM	0	7	2	1	1	0.481	
004_1KM	0	8	1	1	1	0.435	
004_1KM	0	9	2	2	2	0.491	
004_1KM	0	10	1	1	1	0.441	
004_1KM	0	11	1	2	2	0.440	
004_1KM	0	12	1	2	2	0.435	
004_1KM	0	13	1	2	2	0.440	
004_1KM	0	14	2	2	2	0.534	
004_1KM	0	15	2	1	1	0.614	
004_1KM	0	16	2	1	1	0.443	
004_1KM	0	17	1	2	2	0.425	
004_1KM	0	18	2	1	1	0.448	
004_1KM	0	19	2	1	1	0.397	
004_1KM	0	20	1	1	1	0.426	
004_1KM	0	21	2	1	1	0.538	
004_1KM	0	22	1	1	1	0.425	
004_1KM	0	23	1	1	1	0.448	
004_1KM	0	24	2	1	1	0.504	
004_1KM	0	25	2	2	2	0.457	
004_1KM	0	26	1	2	2	0.391	
004_1KM	0	27	2	2	2	0.612	
004_1KM	0	28	1	2	2	0.436	
004_1KM	0	29	2	2	2	0.481	
004_1KM	0	30	1	2	2	0.441	
004_1KM	0	31	2	2	2	0.522	
004_1KM	0	32	1	2	2	0.449	
004_1KM	0	33	1	1	1	0.400	
004_1KM	0	34	1	2	2	0.426	
004_1KM	0	35	1	1	1	0.430	
004_1KM	0	36	2	1	1	0.500	
004_1KM	0	37	1	1	1	0.431	
004_1KM	0	38	2	1	1	0.474	
004_1KM	0	39	2	2	2	0.468	
004_1KM	0	40	2	1	1	0.454	
004_1KM	0	41	1	1	1	0.429	
004_1KM	0	42	2	1	1	0.499	
004_1KM	0	43	1	1	1	0.429	
004_1KM	0	44	1	2	2	0.420	
004_1KM	0	45	1	1	1	0.430	
004_1KM	0	46	2	1	1	0.474	
004_1KM	0	47	1	2	2	0.442	
004_1KM	0	48	1	1	1	0.432	
004_1KM	0	49	1	2	2	0.474	
004_1KM	0	50	1	1	1	0.475	
004_1KM	0	51	2	2	2	0.455	
004_1KM	0	52	1	2	2	0.370	
004_1KM	0	53	1	1	1	0.404	
004_1KM	0	54	2	2	2	0.485	
004_1KM	0	55	2	1	1	0.467	
004_1KM	1	0	1	2	2	0.414	
004_1KM	1	1	1	1	1	0.426	
004_1KM	1	2	1	1	1	0.375	
004_1KM	1	3	2	1	1	0.496	
004_1KM	1	4	1	1	1	0.394	
004_1KM	1	5	1	1	1	0.373	
004_1KM	1	6	2	2	2	0.440	
004_1KM	1	7	2	2	2	0.385	
004_1KM	1	8	2	1	1	0.451	
004_1KM	1	9	1	2	2	0.439	
004_1KM	1	10	1	2	2	0.391	
004_1KM	1	11	1	1	1	0.401	
004_1KM	1	12	2	2	2	0.437	
004_1KM	1	13	1	1	1	0.431	
004_1KM	1	14	2	1	1	0.489	
004_1KM	1	15	2	2	2	0.457	
004_1KM	1	16	1	1	1	0.413	
004_1KM	1	17	1	2	2	0.462	
004_1KM	1	18	2	2	2	0.515	
004_1KM	1	19	1	2	2	0.405	
004_1KM	1	20	1	1	1	0.385	
004_1KM	1	21	2	1	1	0.493	
004_1KM	1	22	1	1	1	0.388	
004_1KM	1	23	2	2	2	0.434	
004_1KM	1	24	2	1	1	0.449	
004_1KM	1	25	2	1	1	0.493	
004_1KM	1	26	1	2	2	0.522	
004_1KM	1	27	2	1	1	0.538	
004_1KM	1	28	1	2	2	0.457	
004_1KM	1	29	2	1	1	0.448	
004_1KM	1	30	2	2	2	0.522	
004_1KM	1	31	1	2	2	0.477	
004_1KM	1	32	2	2	2	0.438	
004_1KM	1	33	2	2	2	0.487	
004_1KM	1	34	2	2	2	0.499	
004_1KM	1	35	2	1	1	0.493	
004_1KM	1	36	1	2	2	0.426	
004_1KM	1	37	1	2	2	0.420	
004_1KM	1	38	1	1	1	0.427	
004_1KM	1	39	1	1	1	0.405	
004_1KM	1	40	2	1	1	0.471	
004_1KM	1	41	1	1	1	0.387	
004_1KM	1	42	1	2	2	0.451	
004_1KM	1	43	1	2	2	0.383	
004_1KM	1	44	1	1	1	0.399	
004_1KM	1	45	1	2	2	0.437	
004_1KM	1	46	1	2	2	0.334	
004_1KM	1	47	2	2	2	0.607	
004_1KM	1	48	2	1	1	0.504	
004_1KM	1	49	2	1	1	0.461	
004_1KM	1	50	2	2	2	0.428	
004_1KM	1	51	2	2	2	0.473	
004_1KM	1	52	2	2	2	0.464	
004_1KM	1	53	1	1	1	0.404	
004_1KM	1	54	2	1	1	0.471	
004_1KM	1	55	2	1	1	0.458	
004_1KM	2	0	2	1	1	0.678	
004_1KM	2	1	1	2	2	0.406	
004_1KM	2	2	2	2	2	0.437	
004_1KM	2	3	2	2	2	0.418	
004_1KM	2	4	2	1	1	0.451	
004_1KM	2	5	2	2	2	0.468	
004_1KM	2	6	2	2	2	0.550	
004_1KM	2	7	1	1	1	0.411	
004_1KM	2	8	1	1	1	0.381	
004_1KM	2	9	2	2	2	0.500	
004_1KM	2	10	2	2	2	0.446	
004_1KM	2	11	2	2	2	0.425	
004_1KM	2	12	1	2	2	0.415	
004_1KM	2	13	2	2	2	0.388	
004_1KM	2	14	2	1	1	0.501	
004_1KM	2	15	1	1	1	0.396	
004_1KM	2	16	1	2	2	0.416	
004_1KM	2	17	2	1	1	0.453	
004_1KM	2	18	2	1	1	0.493	
004_1KM	2	19	2	1	1	0.493	
004_1KM	2	20	1	1	1	0.403	
004_1KM	2	21	1	1	1	0.381	
004_1KM	2	22	1	1	1	0.435	
004_1KM	2	23	1	2	2	0.411	
004_1KM	2	24	1	1	1	0.454	
004_1KM	2	25	2	1	1	0.475	
004_1KM	2	26	1	1	1	0.388	
004_1KM	2	27	2	1	1	0.485	
004_1KM	2	28	2	2	2	0.461	
004_1KM	2	29	1	2	2	0.413	
004_1KM	2	30	1	2	2	0.392	
004_1KM	2	31	1	2	2	0.413	
004_1KM	2	32	1	2	2	0.385	
004_1KM	2	33	2	1	1	0.480	
004_1KM	2	34	2	1	1	0.454	
004_1KM	2	35	1	1	1	0.452	
004_1KM	2	36	1	2	2	0.379	
004_1KM	2	37	1	2	2	0.420	
004_1KM	2	38	2	1	1	0.457	
004_1KM	2	39	1	2	2	0.405	
004_1KM	2	40	1	1	1	0.391	
004_1KM	2	41	2	1	1	0.442	
004_1KM	2	42	1	2	2	0.407	
004_1KM	2	43	2	2	2	0.473	
004_1KM	2	44	1	1	1	0.411	
004_1KM	2	45	1	2	2	0.373	
004_1KM	2	46	1	1	1	0.399	
004_1KM	2	47	2	2	2	0.410	
004_1KM	2	48	2	1	1	0.406	
004_1KM	2	49	2	2	2	0.509	
004_1KM	2	50	2	2	2	0.495	
004_1KM	2	51	2	2	2	0.442	
004_1KM	2	52	1	1	1	0.391	
004_1KM	2	53	1	1	1	0.384	
004_1KM	2	54	2	1	1	0.552	
004_1KM	2	55	1	2	2	0.398	
004_1KM	3	0	1	1	1	0.566	
004_1KM	3	1	1	2	2	0.456	
004_1KM	3	2	2	2	2	0.465	
004_1KM	3	3	2	2	2	0.454	
004_1KM	3	4	2	1	1	0.485	
004_1KM	3	5	1	1	1	0.412	
004_1KM	3	6	1	1	1	0.420	
004_1KM	3	7	2	1	1	0.503	
004_1KM	3	8	2	1	1	0.474	
004_1KM	3	9	1	2	2	0.509	
004_1KM	3	10	2	1	2	0.515	
004_1KM	3	11	2	2	2	0.467	
004_1KM	3	12	1	2	2	0.439	
004_1KM	3	13	1	1	1	0.401	
004_1KM	3	14	1	1	1	0.423	
004_1KM	3	15	1	2	2	0.435	
004_1KM	3	16	1	1	1	0.395	
004_1KM	3	17	1	2	2	0.401	
004_1KM	3	18	1	2	2	0.396	
004_1KM	3	19	2	1	1	0.441	
004_1KM	3	20	1	2	2	0.418	
004_1KM	3	21	2	1	1	0.523	
004_1KM	3	22	1	1	1	0.447	
004_1KM	3	23	2	2	2	0.482	
004_1KM	3	24	1	1	1	0.436	
004_1KM	3	25	2	2	2	0.469	
004_1KM	3	26	1	2	2	0.388	
004_1KM	3	27	2	1	1	0.419	
004_1KM	3	28	1	2	2	0.393	
004_1KM	3	29	1	1	1	0.433	
004_1KM	3	30	1	2	2	0.435	
004_1KM	3	31	2	2	2	0.483	
004_1KM	3	32	1	1	1	0.384	
004_1KM	3	33	2	1	1	0.511	
004_1KM	3	34	2	2	2	0.426	
004_1KM	3	35	2	1	1	0.446	
004_1KM	3	36	1	1	1	0.403	
004_1KM	3	37	2	1	1	0.394	
004_1KM	3	38	2	1	1	0.490	
004_1KM	3	39	1	1	1	0.426	
004_1KM	3	40	2	2	2	0.462	
004_1KM	3	41	1	2	2	0.391	
004_1KM	3	42	2	2	2	0.437	
004_1KM	3	43	2	2	2	0.407	
004_1KM	3	44	1	1	1	0.409	
004_1KM	3	45	1	2	2	0.387	
004_1KM	3	46	2	2	2	0.452	
004_1KM	3	47	2	1	1	0.418	
004_1KM	3	48	2	2	2	0.457	
004_1KM	3	49	1	1	1	0.420	
004_1KM	3	50	2	2	2	0.410	
004_1KM	3	51	2	1	1	0.481	
004_1KM	3	52	1	2	2	0.415	
004_1KM	3	53	2	2	2	0.458	
004_1KM	3	54	1	2	2	0.402	
004_1KM	3	55	2	1	1	0.469	
