sub	block	trial	congr	stim	resp	RT	
011_2NM	0	0	2	1	1	0.710	
011_2NM	0	1	1	2	2	0.369	
011_2NM	0	2	2	1	1	0.472	
011_2NM	0	3	2	2	2	0.738	
011_2NM	0	4	1	1	1	0.433	
011_2NM	0	5	2	2	2	0.454	
011_2NM	0	6	2	2	2	0.387	
011_2NM	0	7	2	1	1	0.473	
011_2NM	0	8	2	2	2	0.526	
011_2NM	0	9	1	1	1	0.445	
011_2NM	0	10	1	2	2	0.517	
011_2NM	0	11	2	2	2	0.478	
011_2NM	0	12	2	1	1	0.455	
011_2NM	0	13	1	2	2	0.455	
011_2NM	0	14	2	1	1	0.460	
011_2NM	0	15	1	2	2	0.353	
011_2NM	0	16	2	1	1	0.420	
011_2NM	0	17	1	1	1	0.440	
011_2NM	0	18	2	1	1	0.641	
011_2NM	0	19	1	2	2	0.406	
011_2NM	0	20	1	1	1	0.393	
011_2NM	0	21	2	2	2	0.424	
011_2NM	0	22	1	1	1	0.468	
011_2NM	0	23	1	1	1	0.500	
011_2NM	0	24	2	2	2	0.554	
011_2NM	0	25	1	2	2	0.462	
011_2NM	0	26	2	1	1	0.468	
011_2NM	0	27	1	2	2	0.466	
011_2NM	0	28	1	1	1	0.482	
011_2NM	0	29	2	1	1	0.484	
011_2NM	0	30	2	1	1	0.490	
011_2NM	0	31	1	1	1	0.498	
011_2NM	0	32	2	2	2	0.461	
011_2NM	0	33	2	1	1	0.475	
011_2NM	0	34	2	2	2	0.442	
011_2NM	0	35	2	1	1	0.463	
011_2NM	0	36	1	2	2	0.407	
011_2NM	0	37	2	2	2	0.545	
011_2NM	0	38	1	1	1	0.419	
011_2NM	0	39	1	2	2	0.502	
011_2NM	0	40	1	1	1	0.445	
011_2NM	0	41	2	2	2	0.472	
011_2NM	0	42	1	2	2	0.411	
011_2NM	0	43	2	1	1	0.532	
011_2NM	0	44	2	1	1	0.624	
011_2NM	0	45	2	2	2	0.444	
011_2NM	0	46	1	1	1	0.473	
011_2NM	0	47	2	2	2	0.496	
011_2NM	0	48	1	2	2	0.477	
011_2NM	0	49	1	2	2	0.578	
011_2NM	0	50	1	1	1	0.615	
011_2NM	0	51	1	2	2	0.343	
011_2NM	0	52	1	1	1	0.411	
011_2NM	0	53	2	2	2	0.414	
011_2NM	0	54	1	2	2	0.334	
011_2NM	0	55	1	1	1	0.337	
011_2NM	1	0	1	1	1	0.451	
011_2NM	1	1	1	1	1	0.363	
011_2NM	1	2	1	2	2	0.430	
011_2NM	1	3	2	2	2	0.492	
011_2NM	1	4	2	1	1	0.607	
011_2NM	1	5	2	1	1	0.532	
011_2NM	1	6	2	2	2	0.421	
011_2NM	1	7	2	2	2	0.435	
011_2NM	1	8	1	1	1	0.497	
011_2NM	1	9	2	2	2	0.558	
011_2NM	1	10	1	1	1	0.426	
011_2NM	1	11	2	1	1	0.436	
011_2NM	1	12	1	2	2	0.418	
011_2NM	1	13	2	2	2	0.400	
011_2NM	1	14	2	1	1	0.514	
011_2NM	1	15	2	1	1	0.466	
011_2NM	1	16	2	1	1	0.476	
011_2NM	1	17	1	1	1	0.400	
011_2NM	1	18	2	1	1	0.451	
011_2NM	1	19	1	2	2	0.378	
011_2NM	1	20	2	2	2	0.480	
011_2NM	1	21	1	1	1	0.421	
011_2NM	1	22	1	2	2	0.393	
011_2NM	1	23	1	2	2	0.400	
011_2NM	1	24	1	1	1	0.440	
011_2NM	1	25	2	1	1	0.495	
011_2NM	1	26	1	2	2	0.382	
011_2NM	1	27	2	2	2	0.752	
011_2NM	1	28	2	2	2	0.503	
011_2NM	1	29	2	2	2	0.356	
011_2NM	1	30	2	1	1	0.482	
011_2NM	1	31	1	1	1	0.406	
011_2NM	1	32	2	1	1	0.481	
011_2NM	1	33	1	2	2	0.399	
011_2NM	1	34	2	1	1	0.463	
011_2NM	1	35	1	2	2	0.359	
011_2NM	1	36	1	2	2	0.386	
011_2NM	1	37	1	2	2	0.446	
011_2NM	1	38	2	2	2	0.433	
011_2NM	1	39	2	1	1	0.511	
011_2NM	1	40	1	1	1	0.526	
011_2NM	1	41	2	2	2	0.447	
011_2NM	1	42	1	1	1	0.460	
011_2NM	1	43	2	1	1	0.588	
011_2NM	1	44	2	2	2	0.749	
011_2NM	1	45	2	2	2	0.583	
011_2NM	1	46	2	1	1	0.614	
011_2NM	1	47	2	2	2	0.581	
011_2NM	1	48	1	1	1	0.492	
011_2NM	1	49	1	1	1	0.419	
011_2NM	1	50	1	2	2	0.463	
011_2NM	1	51	1	1	1	0.586	
011_2NM	1	52	1	2	2	0.561	
011_2NM	1	53	1	1	1	0.450	
011_2NM	1	54	1	2	2	0.515	
011_2NM	1	55	1	2	2	0.423	
011_2NM	2	0	1	1	1	0.456	
011_2NM	2	1	1	2	2	0.447	
011_2NM	2	2	1	1	1	0.460	
011_2NM	2	3	1	1	1	0.523	
011_2NM	2	4	2	2	2	0.421	
011_2NM	2	5	1	1	1	0.517	
011_2NM	2	6	2	1	1	0.468	
011_2NM	2	7	1	2	2	0.399	
011_2NM	2	8	2	1	1	0.519	
011_2NM	2	9	1	2	2	0.372	
011_2NM	2	10	1	1	1	0.408	
011_2NM	2	11	2	2	2	0.439	
011_2NM	2	12	2	1	1	0.496	
011_2NM	2	13	1	2	2	0.431	
011_2NM	2	14	2	1	1	0.446	
011_2NM	2	15	2	1	1	0.492	
011_2NM	2	16	1	2	2	0.409	
011_2NM	2	17	1	1	1	0.400	
011_2NM	2	18	2	2	2	0.437	
011_2NM	2	19	2	1	1	0.439	
011_2NM	2	20	2	1	1	0.504	
011_2NM	2	21	1	2	2	0.393	
011_2NM	2	22	2	1	1	0.442	
011_2NM	2	23	1	1	1	0.383	
011_2NM	2	24	1	1	1	0.388	
011_2NM	2	25	2	2	2	0.489	
011_2NM	2	26	1	2	2	0.420	
011_2NM	2	27	2	2	2	0.522	
011_2NM	2	28	2	2	2	0.516	
011_2NM	2	29	2	1	1	0.456	
011_2NM	2	30	1	2	2	0.367	
011_2NM	2	31	1	1	1	0.428	
011_2NM	2	32	2	2	2	0.511	
011_2NM	2	33	1	1	1	0.491	
011_2NM	2	34	1	1	1	0.531	
011_2NM	2	35	2	1	1	0.474	
011_2NM	2	36	2	2	2	0.464	
011_2NM	2	37	2	2	2	0.438	
011_2NM	2	38	2	2	2	0.488	
011_2NM	2	39	2	2	2	0.496	
011_2NM	2	40	1	1	1	0.403	
011_2NM	2	41	2	1	1	0.527	
011_2NM	2	42	1	2	2	0.386	
011_2NM	2	43	2	2	2	0.469	
011_2NM	2	44	1	2	2	0.443	
011_2NM	2	45	2	1	1	0.502	
011_2NM	2	46	1	2	2	0.534	
011_2NM	2	47	2	2	2	0.426	
011_2NM	2	48	1	2	2	0.401	
011_2NM	2	49	2	1	1	0.503	
011_2NM	2	50	2	2	2	0.546	
011_2NM	2	51	1	1	1	0.383	
011_2NM	2	52	1	1	1	0.483	
011_2NM	2	53	2	1	1	0.503	
011_2NM	2	54	1	2	2	0.418	
011_2NM	2	55	1	2	2	0.374	
011_2NM	3	0	2	2	2	0.738	
011_2NM	3	1	1	2	2	0.483	
011_2NM	3	2	1	2	2	0.400	
011_2NM	3	3	2	1	1	0.434	
011_2NM	3	4	2	2	2	0.431	
011_2NM	3	5	2	2	2	0.456	
011_2NM	3	6	1	1	1	0.417	
011_2NM	3	7	2	2	2	0.348	
011_2NM	3	8	1	1	1	0.419	
011_2NM	3	9	1	1	1	0.392	
011_2NM	3	10	1	2	2	0.404	
011_2NM	3	11	2	2	2	0.397	
011_2NM	3	12	2	1	1	0.521	
011_2NM	3	13	2	2	2	0.395	
011_2NM	3	14	2	1	1	0.562	
011_2NM	3	15	1	1	1	0.610	
011_2NM	3	16	2	2	2	0.438	
011_2NM	3	17	1	2	2	0.437	
011_2NM	3	18	2	2	2	0.511	
011_2NM	3	19	1	1	1	0.392	
011_2NM	3	20	2	1	1	0.629	
011_2NM	3	21	1	1	1	0.417	
011_2NM	3	22	1	1	1	0.444	
011_2NM	3	23	1	1	1	0.396	
011_2NM	3	24	2	2	2	0.505	
011_2NM	3	25	1	2	2	0.426	
011_2NM	3	26	2	1	1	0.453	
011_2NM	3	27	2	2	2	0.459	
011_2NM	3	28	1	2	2	0.402	
011_2NM	3	29	1	1	1	0.426	
011_2NM	3	30	2	1	1	0.497	
011_2NM	3	31	2	2	2	0.495	
011_2NM	3	32	1	1	1	0.434	
011_2NM	3	33	1	1	1	0.456	
011_2NM	3	34	1	2	2	0.417	
011_2NM	3	35	2	1	1	0.460	
011_2NM	3	36	1	2	2	0.412	
011_2NM	3	37	1	2	2	0.383	
011_2NM	3	38	1	2	2	0.400	
011_2NM	3	39	2	1	1	0.491	
011_2NM	3	40	2	1	1	0.538	
011_2NM	3	41	1	2	2	0.419	
011_2NM	3	42	1	1	1	0.437	
011_2NM	3	43	1	2	2	0.451	
011_2NM	3	44	2	1	1	0.534	
011_2NM	3	45	2	1	1	0.563	
011_2NM	3	46	2	2	2	0.471	
011_2NM	3	47	1	2	2	0.401	
011_2NM	3	48	2	1	1	0.495	
011_2NM	3	49	2	2	2	0.461	
011_2NM	3	50	2	1	1	0.412	
011_2NM	3	51	2	1	1	0.439	
011_2NM	3	52	2	2	2	0.509	
011_2NM	3	53	1	1	1	0.396	
011_2NM	3	54	1	2	1	0.487	
011_2NM	3	55	1	1	1	0.421	
