sub	block	trial	congr	stim	resp	RT	
017_2NM	0	0	1	1	1	0.940	
017_2NM	0	1	2	2	2	0.469	
017_2NM	0	2	2	1	1	0.502	
017_2NM	0	3	1	2	2	0.433	
017_2NM	0	4	2	2	2	0.505	
017_2NM	0	5	1	1	1	0.385	
017_2NM	0	6	1	2	2	0.383	
017_2NM	0	7	1	1	1	0.360	
017_2NM	0	8	2	2	2	0.400	
017_2NM	0	9	2	2	2	0.551	
017_2NM	0	10	2	1	1	0.447	
017_2NM	0	11	1	1	1	0.376	
017_2NM	0	12	2	1	1	0.502	
017_2NM	0	13	2	2	2	0.408	
017_2NM	0	14	1	2	2	0.367	
017_2NM	0	15	1	1	1	0.366	
017_2NM	0	16	1	2	2	0.348	
017_2NM	0	17	1	1	1	0.377	
017_2NM	0	18	2	2	2	0.457	
017_2NM	0	19	1	2	2	0.373	
017_2NM	0	20	1	2	2	0.381	
017_2NM	0	21	2	2	2	0.409	
017_2NM	0	22	2	1	1	0.431	
017_2NM	0	23	2	2	2	0.464	
017_2NM	0	24	1	1	1	0.415	
017_2NM	0	25	1	2	2	0.412	
017_2NM	0	26	1	2	2	0.333	
017_2NM	0	27	2	1	1	0.413	
017_2NM	0	28	2	1	1	0.435	
017_2NM	0	29	2	1	1	0.453	
017_2NM	0	30	2	1	1	0.434	
017_2NM	0	31	2	2	2	0.443	
017_2NM	0	32	1	1	1	0.406	
017_2NM	0	33	2	1	1	0.490	
017_2NM	0	34	1	1	1	0.423	
017_2NM	0	35	1	1	1	0.413	
017_2NM	0	36	2	1	1	0.459	
017_2NM	0	37	1	2	2	0.377	
017_2NM	0	38	2	2	2	0.466	
017_2NM	0	39	1	1	1	0.597	
017_2NM	0	40	2	1	1	0.465	
017_2NM	0	41	1	2	2	0.426	
017_2NM	0	42	2	2	2	0.507	
017_2NM	0	43	1	1	1	0.574	
017_2NM	0	44	2	2	2	0.409	
017_2NM	0	45	2	1	1	0.408	
017_2NM	0	46	1	2	2	0.572	
017_2NM	0	47	1	1	1	0.387	
017_2NM	0	48	2	1	1	0.467	
017_2NM	0	49	2	2	2	0.435	
017_2NM	0	50	2	1	1	0.429	
017_2NM	0	51	1	1	1	0.400	
017_2NM	0	52	1	2	2	0.414	
017_2NM	0	53	2	2	2	0.468	
017_2NM	0	54	1	2	2	0.402	
017_2NM	0	55	1	2	2	0.356	
017_2NM	1	0	1	1	1	0.488	
017_2NM	1	1	2	1	1	0.483	
017_2NM	1	2	2	1	1	0.438	
017_2NM	1	3	1	2	2	0.413	
017_2NM	1	4	2	2	2	0.496	
017_2NM	1	5	1	2	2	0.365	
017_2NM	1	6	2	2	2	0.471	
017_2NM	1	7	2	1	1	0.432	
017_2NM	1	8	1	1	1	0.373	
017_2NM	1	9	2	1	1	0.466	
017_2NM	1	10	1	1	1	0.354	
017_2NM	1	11	2	1	1	0.486	
017_2NM	1	12	2	2	2	0.454	
017_2NM	1	13	2	2	2	0.562	
017_2NM	1	14	2	2	2	0.521	
017_2NM	1	15	1	2	2	0.400	
017_2NM	1	16	2	2	2	0.420	
017_2NM	1	17	2	1	1	0.456	
017_2NM	1	18	1	2	2	0.448	
017_2NM	1	19	1	1	1	0.465	
017_2NM	1	20	1	1	1	0.393	
017_2NM	1	21	1	2	2	0.426	
017_2NM	1	22	1	2	2	0.432	
017_2NM	1	23	2	1	1	0.460	
017_2NM	1	24	1	1	1	0.362	
017_2NM	1	25	2	1	1	0.461	
017_2NM	1	26	2	1	1	0.465	
017_2NM	1	27	2	1	1	0.493	
017_2NM	1	28	1	2	2	0.420	
017_2NM	1	29	2	2	2	0.550	
017_2NM	1	30	2	2	2	0.621	
017_2NM	1	31	2	2	2	0.563	
017_2NM	1	32	1	2	2	0.456	
017_2NM	1	33	2	2	2	0.760	
017_2NM	1	34	2	1	1	0.473	
017_2NM	1	35	1	1	1	0.347	
017_2NM	1	36	1	1	1	0.416	
017_2NM	1	37	1	1	1	0.344	
017_2NM	1	38	2	1	1	0.525	
017_2NM	1	39	1	1	1	0.396	
017_2NM	1	40	1	2	2	0.430	
017_2NM	1	41	1	2	2	0.420	
017_2NM	1	42	2	1	1	0.422	
017_2NM	1	43	2	1	1	0.420	
017_2NM	1	44	1	1	1	0.443	
017_2NM	1	45	1	2	1	0.512	
017_2NM	1	46	1	2	2	0.494	
017_2NM	1	47	1	2	2	0.592	
017_2NM	1	48	2	2	2	0.562	
017_2NM	1	49	1	1	1	0.469	
017_2NM	1	50	1	2	2	0.443	
017_2NM	1	51	2	2	2	0.583	
017_2NM	1	52	1	1	1	0.513	
017_2NM	1	53	2	2	2	0.619	
017_2NM	1	54	2	2	2	0.474	
017_2NM	1	55	1	1	1	0.656	
017_2NM	2	0	2	2	2	0.647	
017_2NM	2	1	2	1	1	0.521	
017_2NM	2	2	2	2	2	0.403	
017_2NM	2	3	1	2	2	0.456	
017_2NM	2	4	1	2	2	0.398	
017_2NM	2	5	2	2	2	0.423	
017_2NM	2	6	1	2	2	0.434	
017_2NM	2	7	2	2	2	0.474	
017_2NM	2	8	1	1	1	0.404	
017_2NM	2	9	2	1	1	0.430	
017_2NM	2	10	2	2	2	0.463	
017_2NM	2	11	1	2	2	0.379	
017_2NM	2	12	1	1	1	0.409	
017_2NM	2	13	2	1	1	0.517	
017_2NM	2	14	1	2	2	0.662	
017_2NM	2	15	1	1	1	0.420	
017_2NM	2	16	2	1	1	0.450	
017_2NM	2	17	1	2	2	0.424	
017_2NM	2	18	1	1	1	0.396	
017_2NM	2	19	1	2	2	0.425	
017_2NM	2	20	2	1	1	0.427	
017_2NM	2	21	1	2	2	0.408	
017_2NM	2	22	1	2	2	0.347	
017_2NM	2	23	1	2	2	0.447	
017_2NM	2	24	2	1	1	0.425	
017_2NM	2	25	1	2	2	0.469	
017_2NM	2	26	1	1	1	0.364	
017_2NM	2	27	1	1	1	0.608	
017_2NM	2	28	2	2	2	0.470	
017_2NM	2	29	1	1	1	0.428	
017_2NM	2	30	2	2	2	0.666	
017_2NM	2	31	1	2	2	0.627	
017_2NM	2	32	1	1	1	0.499	
017_2NM	2	33	2	1	1	0.549	
017_2NM	2	34	2	1	1	0.510	
017_2NM	2	35	1	1	1	0.445	
017_2NM	2	36	1	1	1	0.374	
017_2NM	2	37	1	1	1	0.383	
017_2NM	2	38	2	1	1	0.475	
017_2NM	2	39	1	2	2	0.471	
017_2NM	2	40	2	1	1	0.414	
017_2NM	2	41	2	1	1	0.442	
017_2NM	2	42	1	1	1	0.431	
017_2NM	2	43	2	1	1	0.449	
017_2NM	2	44	2	2	2	0.446	
017_2NM	2	45	2	2	2	0.474	
017_2NM	2	46	2	1	1	0.460	
017_2NM	2	47	2	2	2	0.432	
017_2NM	2	48	2	1	1	0.484	
017_2NM	2	49	1	1	1	0.463	
017_2NM	2	50	1	1	1	0.514	
017_2NM	2	51	2	2	2	0.538	
017_2NM	2	52	2	2	2	0.439	
017_2NM	2	53	1	2	2	0.397	
017_2NM	2	54	2	2	2	0.534	
017_2NM	2	55	2	2	2	0.552	
017_2NM	3	0	1	2	2	0.668	
017_2NM	3	1	2	2	2	0.538	
017_2NM	3	2	1	1	1	0.435	
017_2NM	3	3	2	1	1	0.482	
017_2NM	3	4	2	1	1	0.471	
017_2NM	3	5	2	1	1	0.503	
017_2NM	3	6	2	2	2	0.459	
017_2NM	3	7	1	2	2	0.478	
017_2NM	3	8	1	2	2	0.536	
017_2NM	3	9	2	1	1	0.569	
017_2NM	3	10	2	2	2	0.458	
017_2NM	3	11	2	2	2	0.467	
017_2NM	3	12	2	1	1	0.633	
017_2NM	3	13	1	1	1	0.489	
017_2NM	3	14	1	2	2	0.398	
017_2NM	3	15	2	1	1	0.476	
017_2NM	3	16	1	1	1	0.470	
017_2NM	3	17	1	2	2	0.434	
017_2NM	3	18	1	1	1	0.418	
017_2NM	3	19	1	2	2	0.438	
017_2NM	3	20	2	2	2	0.530	
017_2NM	3	21	2	2	2	0.502	
017_2NM	3	22	1	2	2	0.378	
017_2NM	3	23	2	1	1	0.514	
017_2NM	3	24	1	1	1	0.391	
017_2NM	3	25	1	2	2	0.401	
017_2NM	3	26	1	1	1	0.435	
017_2NM	3	27	1	1	1	0.542	
017_2NM	3	28	2	1	1	0.604	
017_2NM	3	29	2	2	2	0.682	
017_2NM	3	30	1	2	2	0.432	
017_2NM	3	31	2	2	2	0.518	
017_2NM	3	32	1	1	1	0.458	
017_2NM	3	33	1	2	2	0.473	
017_2NM	3	34	1	1	1	0.414	
017_2NM	3	35	2	1	1	0.863	
017_2NM	3	36	2	2	2	0.732	
017_2NM	3	37	2	1	1	0.911	
017_2NM	3	38	2	2	2	1.154	
017_2NM	3	39	1	1	1	0.720	
017_2NM	3	40	2	1	1	0.655	
017_2NM	3	41	1	2	2	0.548	
017_2NM	3	42	1	2	2	0.495	
017_2NM	3	43	1	1	1	0.491	
017_2NM	3	44	2	1	1	0.511	
017_2NM	3	45	2	2	2	0.532	
017_2NM	3	46	2	1	1	0.553	
017_2NM	3	47	2	2	2	0.535	
017_2NM	3	48	1	2	2	0.438	
017_2NM	3	49	1	1	1	0.532	
017_2NM	3	50	1	1	1	0.530	
017_2NM	3	51	2	1	1	0.500	
017_2NM	3	52	1	1	1	0.408	
017_2NM	3	53	2	2	2	0.533	
017_2NM	3	54	1	2	2	0.441	
017_2NM	3	55	2	2	2	0.503	
