sub	block	trial	congr	stim	resp	RT	
007_1BL	0	0	1	1	1	0.554	
007_1BL	0	1	1	2	2	0.402	
007_1BL	0	2	1	1	1	0.376	
007_1BL	0	3	2	1	1	0.499	
007_1BL	0	4	2	2	2	0.452	
007_1BL	0	5	1	2	2	0.416	
007_1BL	0	6	2	2	2	0.462	
007_1BL	0	7	1	1	1	0.310	
007_1BL	0	8	1	2	2	0.373	
007_1BL	0	9	2	1	1	0.664	
007_1BL	0	10	2	2	2	0.558	
007_1BL	0	11	1	1	1	0.371	
007_1BL	0	12	1	1	1	0.390	
007_1BL	0	13	1	1	1	0.400	
007_1BL	0	14	2	2	2	0.471	
007_1BL	0	15	2	1	1	0.484	
007_1BL	0	16	2	1	1	0.483	
007_1BL	0	17	2	2	2	0.577	
007_1BL	0	18	1	2	2	0.401	
007_1BL	0	19	1	1	1	0.379	
007_1BL	0	20	2	1	1	0.509	
007_1BL	0	21	1	1	1	0.419	
007_1BL	0	22	2	1	1	0.517	
007_1BL	0	23	2	2	2	0.595	
007_1BL	0	24	1	1	1	0.494	
007_1BL	0	25	1	2	2	0.444	
007_1BL	0	26	1	2	2	0.493	
007_1BL	0	27	1	1	1	0.405	
007_1BL	0	28	2	2	2	0.441	
007_1BL	0	29	1	1	1	0.516	
007_1BL	0	30	2	1	1	0.503	
007_1BL	0	31	1	2	2	0.386	
007_1BL	0	32	1	2	2	0.481	
007_1BL	0	33	1	2	2	0.443	
007_1BL	0	34	1	2	2	0.398	
007_1BL	0	35	1	1	1	0.426	
007_1BL	0	36	1	1	1	0.436	
007_1BL	0	37	2	2	2	0.525	
007_1BL	0	38	2	1	1	0.540	
007_1BL	0	39	1	1	1	0.654	
007_1BL	0	40	1	2	2	0.414	
007_1BL	0	41	2	1	1	0.417	
007_1BL	0	42	2	2	2	0.494	
007_1BL	0	43	1	2	2	0.401	
007_1BL	0	44	2	1	1	0.371	
007_1BL	0	45	2	2	2	0.483	
007_1BL	0	46	2	1	1	0.542	
007_1BL	0	47	2	2	2	0.519	
007_1BL	0	48	2	1	1	0.402	
007_1BL	0	49	1	2	2	0.386	
007_1BL	0	50	2	1	1	0.420	
007_1BL	0	51	2	2	2	0.479	
007_1BL	0	52	2	1	1	0.354	
007_1BL	0	53	1	2	2	0.344	
007_1BL	0	54	2	2	1	0.324	
007_1BL	0	55	2	2	2	0.423	
007_1BL	1	0	1	1	1	0.470	
007_1BL	1	1	1	2	2	0.406	
007_1BL	1	2	1	2	2	0.496	
007_1BL	1	3	1	1	1	0.422	
007_1BL	1	4	1	2	2	0.537	
007_1BL	1	5	2	1	1	0.431	
007_1BL	1	6	1	2	2	0.539	
007_1BL	1	7	2	1	1	0.369	
007_1BL	1	8	2	2	2	0.333	
007_1BL	1	9	1	1	1	0.339	
007_1BL	1	10	1	1	1	0.419	
007_1BL	1	11	2	2	2	0.493	
007_1BL	1	12	1	2	2	0.583	
007_1BL	1	13	1	1	1	0.371	
007_1BL	1	14	2	1	1	0.472	
007_1BL	1	15	1	1	1	0.417	
007_1BL	1	16	1	1	1	0.530	
007_1BL	1	17	2	2	2	0.495	
007_1BL	1	18	2	1	1	0.486	
007_1BL	1	19	2	2	2	0.523	
007_1BL	1	20	1	2	2	1.040	
007_1BL	1	21	2	2	2	0.524	
007_1BL	1	22	2	2	2	0.431	
007_1BL	1	23	2	2	2	0.524	
007_1BL	1	24	2	1	1	0.777	
007_1BL	1	25	2	1	1	0.535	
007_1BL	1	26	2	1	1	0.572	
007_1BL	1	27	1	1	1	0.383	
007_1BL	1	28	2	2	2	0.558	
007_1BL	1	29	2	2	2	0.476	
007_1BL	1	30	1	2	2	0.543	
007_1BL	1	31	1	2	2	0.546	
007_1BL	1	32	2	1	1	0.614	
007_1BL	1	33	1	1	1	0.509	
007_1BL	1	34	1	1	1	0.600	
007_1BL	1	35	1	1	1	0.413	
007_1BL	1	36	1	1	1	0.520	
007_1BL	1	37	1	1	1	0.472	
007_1BL	1	38	2	2	2	0.720	
007_1BL	1	39	2	1	1	0.808	
007_1BL	1	40	1	2	2	0.418	
007_1BL	1	41	2	2	2	0.539	
007_1BL	1	42	1	2	2	0.630	
007_1BL	1	43	1	2	2	0.721	
007_1BL	1	44	2	1	1	0.508	
007_1BL	1	45	2	1	1	0.456	
007_1BL	1	46	1	2	2	0.372	
007_1BL	1	47	1	2	2	0.499	
007_1BL	1	48	2	1	1	0.532	
007_1BL	1	49	1	2	2	0.347	
007_1BL	1	50	2	2	2	0.500	
007_1BL	1	51	2	1	1	0.510	
007_1BL	1	52	2	2	2	0.571	
007_1BL	1	53	2	1	1	0.495	
007_1BL	1	54	1	1	1	0.488	
007_1BL	1	55	2	2	2	0.486	
007_1BL	2	0	1	2	2	0.467	
007_1BL	2	1	1	1	1	0.345	
007_1BL	2	2	1	2	2	0.471	
007_1BL	2	3	2	1	1	0.407	
007_1BL	2	4	2	1	1	0.454	
007_1BL	2	5	2	1	1	0.383	
007_1BL	2	6	2	1	1	0.506	
007_1BL	2	7	2	2	2	0.515	
007_1BL	2	8	2	1	1	0.614	
007_1BL	2	9	1	2	2	0.467	
007_1BL	2	10	1	2	2	0.414	
007_1BL	2	11	1	2	2	0.418	
007_1BL	2	12	2	1	1	0.442	
007_1BL	2	13	1	1	1	0.411	
007_1BL	2	14	1	1	1	0.395	
007_1BL	2	15	1	1	1	0.412	
007_1BL	2	16	1	2	2	0.448	
007_1BL	2	17	1	2	2	0.401	
007_1BL	2	18	1	1	1	0.664	
007_1BL	2	19	1	2	2	0.592	
007_1BL	2	20	1	1	1	0.358	
007_1BL	2	21	2	1	1	1.070	
007_1BL	2	22	2	1	1	0.530	
007_1BL	2	23	2	2	2	0.479	
007_1BL	2	24	1	2	2	0.461	
007_1BL	2	25	1	2	2	0.380	
007_1BL	2	26	2	2	2	0.511	
007_1BL	2	27	1	1	1	0.540	
007_1BL	2	28	1	1	1	0.516	
007_1BL	2	29	2	2	2	0.464	
007_1BL	2	30	1	2	2	0.398	
007_1BL	2	31	2	2	2	0.442	
007_1BL	2	32	2	2	2	0.446	
007_1BL	2	33	2	1	1	0.734	
007_1BL	2	34	2	2	2	0.568	
007_1BL	2	35	2	1	1	0.480	
007_1BL	2	36	2	2	2	0.489	
007_1BL	2	37	1	2	2	0.542	
007_1BL	2	38	1	1	1	0.628	
007_1BL	2	39	1	2	2	0.445	
007_1BL	2	40	1	1	1	0.579	
007_1BL	2	41	2	1	1	0.437	
007_1BL	2	42	1	1	1	0.433	
007_1BL	2	43	2	1	1	0.465	
007_1BL	2	44	2	1	1	0.507	
007_1BL	2	45	1	2	2	0.482	
007_1BL	2	46	1	1	1	0.525	
007_1BL	2	47	2	2	2	0.547	
007_1BL	2	48	2	1	1	0.543	
007_1BL	2	49	1	1	1	0.519	
007_1BL	2	50	2	2	2	0.583	
007_1BL	2	51	2	2	2	0.487	
007_1BL	2	52	2	2	2	0.430	
007_1BL	2	53	2	2	2	0.456	
007_1BL	2	54	1	1	1	0.479	
007_1BL	2	55	2	2	2	0.534	
007_1BL	3	0	2	2	2	0.517	
007_1BL	3	1	1	2	2	0.402	
007_1BL	3	2	1	1	1	0.372	
007_1BL	3	3	1	2	2	0.454	
007_1BL	3	4	1	1	1	0.412	
007_1BL	3	5	2	1	1	0.515	
007_1BL	3	6	2	1	1	0.565	
007_1BL	3	7	2	1	1	0.432	
007_1BL	3	8	2	2	2	0.476	
007_1BL	3	9	1	2	2	0.338	
007_1BL	3	10	2	1	1	0.524	
007_1BL	3	11	2	1	1	0.479	
007_1BL	3	12	2	1	1	0.474	
007_1BL	3	13	2	2	2	0.634	
007_1BL	3	14	1	1	1	0.372	
007_1BL	3	15	1	1	1	0.378	
007_1BL	3	16	2	1	1	0.462	
007_1BL	3	17	2	2	2	0.360	
007_1BL	3	18	2	2	2	0.426	
007_1BL	3	19	1	2	2	0.460	
007_1BL	3	20	2	2	2	0.396	
007_1BL	3	21	1	2	2	0.346	
007_1BL	3	22	1	2	2	0.397	
007_1BL	3	23	2	2	2	0.376	
007_1BL	3	24	2	2	2	0.446	
007_1BL	3	25	1	1	1	1.044	
007_1BL	3	26	1	1	1	0.424	
007_1BL	3	27	1	1	1	0.455	
007_1BL	3	28	1	1	1	0.793	
007_1BL	3	29	2	1	1	0.594	
007_1BL	3	30	1	1	1	0.554	
007_1BL	3	31	2	2	2	0.548	
007_1BL	3	32	1	2	2	0.706	
007_1BL	3	33	2	1	1	0.528	
007_1BL	3	34	2	1	1	0.709	
007_1BL	3	35	1	2	2	0.368	
007_1BL	3	36	2	1	1	0.494	
007_1BL	3	37	1	1	1	0.479	
007_1BL	3	38	1	2	2	0.538	
007_1BL	3	39	1	2	2	0.988	
007_1BL	3	40	1	2	2	0.714	
007_1BL	3	41	2	1	1	0.726	
007_1BL	3	42	1	1	1	0.728	
007_1BL	3	43	2	2	2	1.027	
007_1BL	3	44	2	1	1	0.627	
007_1BL	3	45	2	2	2	0.412	
007_1BL	3	46	1	2	2	0.453	
007_1BL	3	47	1	1	1	0.426	
007_1BL	3	48	1	1	1	0.381	
007_1BL	3	49	2	2	2	0.363	
007_1BL	3	50	1	2	2	0.356	
007_1BL	3	51	1	2	2	0.359	
007_1BL	3	52	2	2	2	0.473	
007_1BL	3	53	1	1	1	0.501	
007_1BL	3	54	2	1	1	0.476	
007_1BL	3	55	2	2	2	0.441	
