sub	block	trial	congr	stim	resp	RT	
006_5LB	0	0	1	1	1	0.405	
006_5LB	0	1	2	2	2	0.486	
006_5LB	0	2	2	2	2	0.456	
006_5LB	0	3	2	1	1	0.448	
006_5LB	0	4	2	2	1	0.447	
006_5LB	0	5	2	2	2	0.406	
006_5LB	0	6	2	1	1	0.397	
006_5LB	0	7	1	1	1	0.345	
006_5LB	0	8	2	1	1	0.436	
006_5LB	0	9	1	1	1	0.420	
006_5LB	0	10	2	1	1	0.458	
006_5LB	0	11	2	2	2	0.416	
006_5LB	0	12	2	2	2	0.397	
006_5LB	0	13	2	1	1	0.486	
006_5LB	0	14	1	2	2	0.392	
006_5LB	0	15	2	2	2	0.436	
006_5LB	0	16	1	2	2	0.378	
006_5LB	0	17	2	1	2	0.384	
006_5LB	0	18	2	2	1	0.407	
006_5LB	0	19	2	1	1	0.392	
006_5LB	0	20	1	2	2	0.417	
006_5LB	0	21	2	1	1	0.462	
006_5LB	0	22	1	1	1	0.413	
006_5LB	0	23	2	1	1	0.499	
006_5LB	0	24	1	1	1	0.358	
006_5LB	0	25	1	1	1	0.314	
006_5LB	0	26	1	1	1	0.331	
006_5LB	0	27	2	1	1	0.428	
006_5LB	0	28	1	1	1	0.265	
006_5LB	0	29	2	1	1	0.415	
006_5LB	0	30	1	2	1	0.331	
006_5LB	0	31	1	2	2	0.460	
006_5LB	0	32	1	1	1	0.377	
006_5LB	0	33	2	1	1	0.388	
006_5LB	0	34	1	1	1	0.261	
006_5LB	0	35	1	2	2	0.439	
006_5LB	0	36	2	2	2	0.359	
006_5LB	0	37	1	2	2	0.303	
006_5LB	0	38	1	2	2	0.292	
006_5LB	0	39	1	2	2	0.316	
006_5LB	0	40	2	2	2	0.459	
006_5LB	0	41	2	2	2	0.414	
006_5LB	0	42	1	2	2	0.304	
006_5LB	0	43	1	2	2	0.290	
006_5LB	0	44	2	1	2	0.255	
006_5LB	0	45	1	1	1	0.511	
006_5LB	0	46	1	1	1	0.346	
006_5LB	0	47	1	2	2	0.353	
006_5LB	0	48	1	2	2	0.384	
006_5LB	0	49	2	1	2	0.318	
006_5LB	0	50	2	2	2	0.419	
006_5LB	0	51	2	2	2	0.449	
006_5LB	0	52	2	2	2	0.309	
006_5LB	0	53	1	1	1	0.368	
006_5LB	0	54	1	2	2	0.451	
006_5LB	0	55	1	1	2	0.469	
006_5LB	1	0	1	2	2	0.401	
006_5LB	1	1	2	1	2	0.456	
006_5LB	1	2	2	1	2	0.366	
006_5LB	1	3	2	2	2	0.438	
006_5LB	1	4	2	1	1	0.475	
006_5LB	1	5	1	1	1	0.366	
006_5LB	1	6	2	2	2	0.459	
006_5LB	1	7	1	2	2	0.418	
006_5LB	1	8	1	2	2	0.328	
006_5LB	1	9	1	1	1	0.468	
006_5LB	1	10	1	2	2	0.383	
006_5LB	1	11	1	2	2	0.338	
006_5LB	1	12	2	1	1	0.536	
006_5LB	1	13	2	2	2	0.424	
006_5LB	1	14	1	2	2	0.417	
006_5LB	1	15	2	1	1	0.490	
006_5LB	1	16	1	1	1	0.355	
006_5LB	1	17	1	2	2	0.415	
006_5LB	1	18	2	2	1	0.484	
006_5LB	1	19	1	1	1	0.386	
006_5LB	1	20	1	1	1	0.326	
006_5LB	1	21	2	2	2	0.422	
006_5LB	1	22	2	1	1	0.584	
006_5LB	1	23	2	2	1	0.345	
006_5LB	1	24	1	2	2	0.372	
006_5LB	1	25	2	2	2	0.479	
006_5LB	1	26	1	1	1	0.515	
006_5LB	1	27	2	2	2	0.534	
006_5LB	1	28	2	1	1	0.427	
006_5LB	1	29	1	2	2	0.405	
006_5LB	1	30	1	1	1	0.399	
006_5LB	1	31	2	1	1	0.472	
006_5LB	1	32	1	1	1	0.380	
006_5LB	1	33	1	2	2	0.420	
006_5LB	1	34	2	1	1	0.538	
006_5LB	1	35	1	2	2	0.399	
006_5LB	1	36	1	2	2	0.391	
006_5LB	1	37	2	2	2	0.492	
006_5LB	1	38	2	1	1	0.479	
006_5LB	1	39	1	1	1	0.359	
006_5LB	1	40	2	2	2	0.419	
006_5LB	1	41	1	1	2	0.512	
006_5LB	1	42	1	1	1	0.367	
006_5LB	1	43	1	1	1	0.332	
006_5LB	1	44	2	1	1	0.490	
006_5LB	1	45	2	1	1	0.484	
006_5LB	1	46	2	2	2	0.457	
006_5LB	1	47	1	2	2	0.435	
006_5LB	1	48	1	1	2	0.487	
006_5LB	1	49	2	1	1	0.437	
006_5LB	1	50	2	2	2	0.596	
006_5LB	1	51	1	1	1	0.423	
006_5LB	1	52	2	1	1	0.512	
006_5LB	1	53	1	2	2	0.391	
006_5LB	1	54	2	2	2	0.430	
006_5LB	1	55	2	2	2	0.443	
006_5LB	2	0	2	2	2	0.528	
006_5LB	2	1	2	1	1	0.487	
006_5LB	2	2	2	2	2	0.439	
006_5LB	2	3	1	1	1	0.406	
006_5LB	2	4	1	1	1	0.327	
006_5LB	2	5	1	1	1	0.304	
006_5LB	2	6	2	1	1	0.341	
006_5LB	2	7	2	2	2	0.413	
006_5LB	2	8	2	1	1	0.493	
006_5LB	2	9	2	2	2	0.451	
006_5LB	2	10	1	2	2	0.327	
006_5LB	2	11	1	1	1	0.450	
006_5LB	2	12	1	1	1	0.306	
006_5LB	2	13	2	1	1	0.429	
006_5LB	2	14	1	1	1	0.351	
006_5LB	2	15	2	2	2	0.420	
006_5LB	2	16	2	2	2	0.458	
006_5LB	2	17	2	2	2	0.335	
006_5LB	2	18	1	1	1	0.452	
006_5LB	2	19	2	2	1	0.318	
006_5LB	2	20	2	2	1	0.319	
006_5LB	2	21	1	2	2	0.352	
006_5LB	2	22	1	2	2	0.318	
006_5LB	2	23	1	2	2	0.334	
006_5LB	2	24	1	2	2	0.316	
006_5LB	2	25	1	2	2	0.366	
006_5LB	2	26	2	1	1	0.498	
006_5LB	2	27	2	2	1	0.588	
006_5LB	2	28	1	1	1	0.377	
006_5LB	2	29	1	2	2	0.451	
006_5LB	2	30	1	1	1	0.437	
006_5LB	2	31	2	1	1	0.492	
006_5LB	2	32	2	1	1	0.472	
006_5LB	2	33	1	2	2	0.346	
006_5LB	2	34	2	2	2	0.468	
006_5LB	2	35	1	2	2	0.322	
006_5LB	2	36	2	1	1	0.461	
006_5LB	2	37	2	2	2	0.429	
006_5LB	2	38	2	1	1	0.498	
006_5LB	2	39	2	1	1	0.441	
006_5LB	2	40	1	1	1	0.414	
006_5LB	2	41	1	2	2	0.398	
006_5LB	2	42	2	1	1	0.482	
006_5LB	2	43	2	2	2	0.463	
006_5LB	2	44	2	1	1	0.437	
006_5LB	2	45	1	1	1	0.350	
006_5LB	2	46	2	1	1	0.447	
006_5LB	2	47	1	2	2	0.402	
006_5LB	2	48	1	2	2	0.344	
006_5LB	2	49	1	2	2	0.328	
006_5LB	2	50	2	1	2	0.350	
006_5LB	2	51	1	1	1	0.392	
006_5LB	2	52	1	1	1	0.284	
006_5LB	2	53	1	1	1	0.235	
006_5LB	2	54	1	2	2	0.422	
006_5LB	2	55	2	2	2	0.456	
006_5LB	3	0	1	1	1	0.433	
006_5LB	3	1	2	2	1	0.000	
006_5LB	3	2	2	2	2	0.480	
006_5LB	3	3	1	1	1	0.382	
006_5LB	3	4	1	2	2	0.389	
006_5LB	3	5	2	1	1	0.457	
006_5LB	3	6	2	1	1	0.434	
006_5LB	3	7	2	1	1	0.438	
006_5LB	3	8	1	2	2	0.391	
006_5LB	3	9	2	1	1	0.414	
006_5LB	3	10	1	1	1	0.330	
006_5LB	3	11	2	2	2	0.494	
006_5LB	3	12	1	2	2	0.360	
006_5LB	3	13	2	2	2	0.525	
006_5LB	3	14	2	2	2	0.343	
006_5LB	3	15	1	2	2	0.305	
006_5LB	3	16	1	1	1	0.453	
006_5LB	3	17	2	1	1	0.472	
006_5LB	3	18	1	2	2	0.379	
006_5LB	3	19	1	1	2	0.391	
006_5LB	3	20	2	2	2	0.439	
006_5LB	3	21	1	1	1	0.459	
006_5LB	3	22	1	1	1	0.330	
006_5LB	3	23	1	2	2	0.398	
006_5LB	3	24	2	1	2	0.516	
006_5LB	3	25	2	1	1	0.424	
006_5LB	3	26	2	1	1	0.438	
006_5LB	3	27	2	1	1	0.403	
006_5LB	3	28	2	1	1	0.401	
006_5LB	3	29	2	2	1	0.271	
006_5LB	3	30	1	2	1	0.434	
006_5LB	3	31	1	1	1	0.371	
006_5LB	3	32	2	1	1	0.364	
006_5LB	3	33	2	1	1	0.316	
006_5LB	3	34	1	1	1	0.319	
006_5LB	3	35	2	2	2	0.481	
006_5LB	3	36	1	1	1	0.424	
006_5LB	3	37	1	2	1	0.340	
006_5LB	3	38	2	1	1	0.434	
006_5LB	3	39	1	2	2	0.395	
006_5LB	3	40	2	2	1	0.417	
006_5LB	3	41	1	2	2	0.305	
006_5LB	3	42	1	2	2	0.322	
006_5LB	3	43	1	2	2	0.318	
006_5LB	3	44	2	2	2	0.428	
006_5LB	3	45	2	1	1	0.527	
006_5LB	3	46	1	1	1	0.359	
006_5LB	3	47	1	1	1	0.316	
006_5LB	3	48	1	1	1	0.344	
006_5LB	3	49	1	2	2	0.443	
006_5LB	3	50	2	2	2	0.347	
006_5LB	3	51	2	2	1	0.423	
006_5LB	3	52	2	2	2	0.442	
006_5LB	3	53	2	2	2	0.410	
006_5LB	3	54	1	1	2	0.473	
006_5LB	3	55	1	2	2	0.371	
