sub	block	trial	congr	stim	resp	RT	
017_4PH	0	0	1	1	1	0.696	
017_4PH	0	1	2	2	2	0.438	
017_4PH	0	2	1	2	2	0.395	
017_4PH	0	3	1	1	1	0.402	
017_4PH	0	4	1	1	1	0.353	
017_4PH	0	5	1	2	2	0.393	
017_4PH	0	6	1	2	2	0.375	
017_4PH	0	7	2	1	1	0.415	
017_4PH	0	8	2	1	1	0.502	
017_4PH	0	9	1	2	2	0.451	
017_4PH	0	10	2	2	2	0.444	
017_4PH	0	11	2	2	2	0.457	
017_4PH	0	12	1	2	2	0.450	
017_4PH	0	13	1	2	2	0.365	
017_4PH	0	14	1	1	1	0.354	
017_4PH	0	15	1	2	2	0.495	
017_4PH	0	16	2	2	2	0.434	
017_4PH	0	17	2	1	1	0.488	
017_4PH	0	18	2	2	2	0.442	
017_4PH	0	19	1	1	1	0.442	
017_4PH	0	20	2	2	2	0.520	
017_4PH	0	21	2	2	2	0.495	
017_4PH	0	22	1	1	1	0.466	
017_4PH	0	23	2	1	1	0.514	
017_4PH	0	24	2	1	1	0.578	
017_4PH	0	25	1	1	1	0.353	
017_4PH	0	26	1	1	1	0.402	
017_4PH	0	27	1	2	2	0.435	
017_4PH	0	28	2	2	2	0.501	
017_4PH	0	29	1	2	2	0.523	
017_4PH	0	30	1	1	1	0.405	
017_4PH	0	31	1	2	2	0.463	
017_4PH	0	32	2	2	2	0.451	
017_4PH	0	33	2	2	2	0.487	
017_4PH	0	34	2	1	1	0.436	
017_4PH	0	35	1	2	2	0.708	
017_4PH	0	36	2	2	2	0.573	
017_4PH	0	37	2	2	2	0.470	
017_4PH	0	38	2	2	2	0.466	
017_4PH	0	39	2	1	1	0.399	
017_4PH	0	40	2	2	2	0.413	
017_4PH	0	41	2	1	1	0.435	
017_4PH	0	42	2	1	1	0.450	
017_4PH	0	43	1	1	1	0.380	
017_4PH	0	44	1	2	2	0.631	
017_4PH	0	45	2	1	1	0.553	
017_4PH	0	46	1	2	2	0.419	
017_4PH	0	47	1	1	1	0.391	
017_4PH	0	48	2	1	1	0.447	
017_4PH	0	49	1	1	1	0.350	
017_4PH	0	50	2	1	1	0.357	
017_4PH	0	51	1	2	2	0.475	
017_4PH	0	52	1	1	1	0.615	
017_4PH	0	53	2	1	1	0.428	
017_4PH	0	54	1	1	1	0.346	
017_4PH	0	55	2	1	1	0.434	
017_4PH	1	0	2	1	1	0.680	
017_4PH	1	1	1	1	1	0.452	
017_4PH	1	2	2	1	1	0.502	
017_4PH	1	3	1	2	2	0.508	
017_4PH	1	4	1	2	2	0.372	
017_4PH	1	5	1	1	1	0.399	
017_4PH	1	6	1	1	1	0.300	
017_4PH	1	7	1	1	1	0.353	
017_4PH	1	8	1	2	2	0.427	
017_4PH	1	9	1	1	1	0.464	
017_4PH	1	10	2	1	1	0.575	
017_4PH	1	11	2	2	2	0.609	
017_4PH	1	12	1	2	2	0.405	
017_4PH	1	13	1	1	1	0.425	
017_4PH	1	14	2	1	1	0.443	
017_4PH	1	15	2	2	2	0.614	
017_4PH	1	16	1	2	2	0.534	
017_4PH	1	17	1	2	2	0.353	
017_4PH	1	18	1	1	1	0.446	
017_4PH	1	19	2	2	2	0.444	
017_4PH	1	20	2	2	2	0.453	
017_4PH	1	21	1	2	2	0.481	
017_4PH	1	22	2	1	1	0.468	
017_4PH	1	23	1	1	1	0.479	
017_4PH	1	24	1	2	2	0.466	
017_4PH	1	25	1	1	1	0.387	
017_4PH	1	26	2	2	2	0.482	
017_4PH	1	27	2	2	2	0.484	
017_4PH	1	28	2	2	2	0.469	
017_4PH	1	29	2	1	1	0.465	
017_4PH	1	30	1	2	2	0.500	
017_4PH	1	31	1	2	2	0.470	
017_4PH	1	32	2	2	2	0.534	
017_4PH	1	33	1	1	1	1.087	
017_4PH	1	34	2	1	1	0.736	
017_4PH	1	35	1	1	1	0.506	
017_4PH	1	36	2	1	1	0.430	
017_4PH	1	37	2	1	1	0.516	
017_4PH	1	38	1	1	1	0.512	
017_4PH	1	39	2	2	2	0.643	
017_4PH	1	40	1	2	2	0.415	
017_4PH	1	41	2	2	2	0.480	
017_4PH	1	42	2	1	2	0.509	
017_4PH	1	43	1	2	2	0.511	
017_4PH	1	44	2	2	2	0.519	
017_4PH	1	45	1	1	1	0.638	
017_4PH	1	46	2	1	1	0.477	
017_4PH	1	47	2	2	2	0.445	
017_4PH	1	48	1	1	1	0.495	
017_4PH	1	49	1	2	2	0.482	
017_4PH	1	50	2	1	1	0.510	
017_4PH	1	51	2	2	2	0.471	
017_4PH	1	52	2	1	1	0.566	
017_4PH	1	53	2	1	1	0.494	
017_4PH	1	54	2	2	2	0.466	
017_4PH	1	55	1	2	2	0.437	
017_4PH	2	0	1	2	2	0.685	
017_4PH	2	1	1	2	2	0.410	
017_4PH	2	2	2	1	1	1.015	
017_4PH	2	3	2	2	2	0.974	
017_4PH	2	4	2	2	2	0.820	
017_4PH	2	5	1	1	1	0.760	
017_4PH	2	6	1	2	2	0.775	
017_4PH	2	7	1	1	1	0.580	
017_4PH	2	8	1	2	2	0.534	
017_4PH	2	9	1	1	1	0.509	
017_4PH	2	10	1	2	2	0.530	
017_4PH	2	11	1	1	1	0.545	
017_4PH	2	12	1	2	2	0.446	
017_4PH	2	13	2	1	1	0.671	
017_4PH	2	14	2	1	1	0.514	
017_4PH	2	15	2	2	2	0.540	
017_4PH	2	16	2	2	2	0.533	
017_4PH	2	17	2	2	2	0.498	
017_4PH	2	18	2	2	2	0.469	
017_4PH	2	19	1	1	1	0.576	
017_4PH	2	20	1	2	2	0.516	
017_4PH	2	21	2	1	1	0.472	
017_4PH	2	22	2	2	2	0.539	
017_4PH	2	23	1	2	2	0.471	
017_4PH	2	24	1	1	1	0.467	
017_4PH	2	25	2	1	1	0.577	
017_4PH	2	26	1	2	2	0.519	
017_4PH	2	27	1	1	1	0.637	
017_4PH	2	28	2	2	2	0.511	
017_4PH	2	29	1	2	2	0.440	
017_4PH	2	30	2	2	2	0.491	
017_4PH	2	31	2	1	1	0.601	
017_4PH	2	32	2	2	2	0.720	
017_4PH	2	33	2	1	1	0.522	
017_4PH	2	34	2	2	2	0.862	
017_4PH	2	35	1	1	1	0.592	
017_4PH	2	36	1	2	2	0.472	
017_4PH	2	37	2	2	2	0.550	
017_4PH	2	38	2	2	2	0.510	
017_4PH	2	39	1	2	2	0.739	
017_4PH	2	40	2	1	1	0.613	
017_4PH	2	41	2	1	1	0.478	
017_4PH	2	42	1	2	2	0.619	
017_4PH	2	43	2	1	1	0.649	
017_4PH	2	44	1	2	2	0.656	
017_4PH	2	45	1	1	1	0.539	
017_4PH	2	46	1	1	1	0.556	
017_4PH	2	47	1	1	1	0.562	
017_4PH	2	48	2	1	1	0.501	
017_4PH	2	49	1	1	1	0.526	
017_4PH	2	50	1	1	1	0.418	
017_4PH	2	51	2	2	2	0.538	
017_4PH	2	52	1	1	1	0.621	
017_4PH	2	53	2	1	1	0.508	
017_4PH	2	54	2	1	1	0.479	
017_4PH	2	55	2	1	1	0.508	
017_4PH	3	0	1	2	2	0.862	
017_4PH	3	1	1	1	1	0.571	
017_4PH	3	2	2	1	1	0.485	
017_4PH	3	3	1	2	2	0.557	
017_4PH	3	4	1	2	2	0.489	
017_4PH	3	5	2	2	2	0.416	
017_4PH	3	6	2	2	2	0.584	
017_4PH	3	7	2	1	1	0.588	
017_4PH	3	8	2	2	2	0.500	
017_4PH	3	9	1	1	1	0.524	
017_4PH	3	10	1	1	1	0.536	
017_4PH	3	11	2	2	2	0.574	
017_4PH	3	12	2	1	1	0.687	
017_4PH	3	13	2	2	2	0.700	
017_4PH	3	14	1	1	1	0.565	
017_4PH	3	15	2	1	1	0.438	
017_4PH	3	16	1	1	1	0.460	
017_4PH	3	17	2	2	2	0.472	
017_4PH	3	18	1	2	2	0.413	
017_4PH	3	19	1	2	2	0.497	
017_4PH	3	20	2	1	1	0.522	
017_4PH	3	21	2	1	1	0.532	
017_4PH	3	22	2	2	2	0.558	
017_4PH	3	23	1	2	2	0.444	
017_4PH	3	24	2	1	1	0.552	
017_4PH	3	25	2	2	2	0.509	
017_4PH	3	26	2	2	2	0.511	
017_4PH	3	27	1	2	2	0.367	
017_4PH	3	28	2	2	2	0.538	
017_4PH	3	29	2	2	2	0.537	
017_4PH	3	30	1	1	1	0.495	
017_4PH	3	31	1	1	1	0.474	
017_4PH	3	32	1	2	2	0.524	
017_4PH	3	33	1	1	1	0.506	
017_4PH	3	34	2	1	1	0.537	
017_4PH	3	35	1	1	1	0.512	
017_4PH	3	36	1	2	2	0.496	
017_4PH	3	37	1	2	2	0.472	
017_4PH	3	38	1	1	1	0.512	
017_4PH	3	39	2	1	1	0.519	
017_4PH	3	40	1	2	2	0.479	
017_4PH	3	41	2	2	2	0.479	
017_4PH	3	42	1	1	1	0.583	
017_4PH	3	43	1	1	1	0.507	
017_4PH	3	44	2	1	1	0.475	
017_4PH	3	45	1	2	2	0.485	
017_4PH	3	46	1	2	2	0.506	
017_4PH	3	47	2	2	2	0.611	
017_4PH	3	48	1	1	1	0.534	
017_4PH	3	49	2	2	2	0.685	
017_4PH	3	50	2	1	1	0.532	
017_4PH	3	51	2	1	1	0.537	
017_4PH	3	52	1	1	1	0.471	
017_4PH	3	53	2	1	1	0.481	
017_4PH	3	54	1	2	2	0.535	
017_4PH	3	55	2	1	1	0.471	
