sub	block	trial	congr	stim	resp	RT	
012_3DB	0	0	2	2	2	0.597	
012_3DB	0	1	2	2	2	0.375	
012_3DB	0	2	2	2	2	0.579	
012_3DB	0	3	2	2	2	0.413	
012_3DB	0	4	2	2	2	0.395	
012_3DB	0	5	1	1	1	0.416	
012_3DB	0	6	1	1	1	0.369	
012_3DB	0	7	2	1	1	0.445	
012_3DB	0	8	2	2	2	0.596	
012_3DB	0	9	1	1	1	0.401	
012_3DB	0	10	2	1	1	0.392	
012_3DB	0	11	2	2	2	0.529	
012_3DB	0	12	1	2	2	0.396	
012_3DB	0	13	1	1	1	0.395	
012_3DB	0	14	2	1	2	0.465	
012_3DB	0	15	2	2	2	0.522	
012_3DB	0	16	2	2	1	0.434	
012_3DB	0	17	2	1	1	0.436	
012_3DB	0	18	2	1	1	0.421	
012_3DB	0	19	2	1	1	0.366	
012_3DB	0	20	1	2	2	0.407	
012_3DB	0	21	2	1	1	0.416	
012_3DB	0	22	2	1	1	0.350	
012_3DB	0	23	2	2	2	0.425	
012_3DB	0	24	1	2	2	0.360	
012_3DB	0	25	1	2	2	0.329	
012_3DB	0	26	1	1	1	0.387	
012_3DB	0	27	1	2	2	0.385	
012_3DB	0	28	2	1	1	0.416	
012_3DB	0	29	2	1	1	0.358	
012_3DB	0	30	1	1	1	0.324	
012_3DB	0	31	1	2	2	0.381	
012_3DB	0	32	1	2	2	0.392	
012_3DB	0	33	1	1	1	0.382	
012_3DB	0	34	1	2	2	0.501	
012_3DB	0	35	2	2	2	0.425	
012_3DB	0	36	1	2	2	0.317	
012_3DB	0	37	1	2	2	0.301	
012_3DB	0	38	1	1	1	0.389	
012_3DB	0	39	1	2	2	0.344	
012_3DB	0	40	1	2	2	0.361	
012_3DB	0	41	2	2	2	0.446	
012_3DB	0	42	2	1	2	0.308	
012_3DB	0	43	1	2	2	0.445	
012_3DB	0	44	1	2	2	0.381	
012_3DB	0	45	1	1	1	0.400	
012_3DB	0	46	1	1	1	0.324	
012_3DB	0	47	1	1	1	0.353	
012_3DB	0	48	2	2	2	0.560	
012_3DB	0	49	2	1	1	0.443	
012_3DB	0	50	1	1	1	0.337	
012_3DB	0	51	2	1	1	0.588	
012_3DB	0	52	1	1	1	0.349	
012_3DB	0	53	2	2	2	0.421	
012_3DB	0	54	1	1	1	0.424	
012_3DB	0	55	2	1	1	0.375	
012_3DB	1	0	1	1	1	0.406	
012_3DB	1	1	2	2	2	0.391	
012_3DB	1	2	2	2	2	0.392	
012_3DB	1	3	2	2	2	0.370	
012_3DB	1	4	2	1	1	0.382	
012_3DB	1	5	1	1	1	0.311	
012_3DB	1	6	2	1	1	0.474	
012_3DB	1	7	2	2	2	0.432	
012_3DB	1	8	1	1	1	0.399	
012_3DB	1	9	1	1	1	0.395	
012_3DB	1	10	1	1	1	0.355	
012_3DB	1	11	1	1	1	0.314	
012_3DB	1	12	1	2	2	0.404	
012_3DB	1	13	2	1	2	0.354	
012_3DB	1	14	1	2	2	0.376	
012_3DB	1	15	1	1	1	0.387	
012_3DB	1	16	1	1	1	0.384	
012_3DB	1	17	2	2	1	0.304	
012_3DB	1	18	2	2	2	0.447	
012_3DB	1	19	2	2	2	0.375	
012_3DB	1	20	1	1	1	0.398	
012_3DB	1	21	1	1	1	0.373	
012_3DB	1	22	1	2	2	0.379	
012_3DB	1	23	2	1	1	0.493	
012_3DB	1	24	1	2	2	0.379	
012_3DB	1	25	2	2	2	0.449	
012_3DB	1	26	1	2	2	0.335	
012_3DB	1	27	1	2	2	0.357	
012_3DB	1	28	2	1	1	0.485	
012_3DB	1	29	1	2	2	0.406	
012_3DB	1	30	2	1	1	0.477	
012_3DB	1	31	2	1	1	0.407	
012_3DB	1	32	2	2	2	0.391	
012_3DB	1	33	2	1	1	0.351	
012_3DB	1	34	1	2	2	0.432	
012_3DB	1	35	2	1	1	0.374	
012_3DB	1	36	1	2	2	0.397	
012_3DB	1	37	2	1	1	0.402	
012_3DB	1	38	2	2	2	0.445	
012_3DB	1	39	1	1	1	0.350	
012_3DB	1	40	1	2	2	0.389	
012_3DB	1	41	2	2	2	0.551	
012_3DB	1	42	2	1	1	0.395	
012_3DB	1	43	1	2	2	0.370	
012_3DB	1	44	1	2	2	0.403	
012_3DB	1	45	1	1	1	0.503	
012_3DB	1	46	2	2	2	0.448	
012_3DB	1	47	1	1	1	0.405	
012_3DB	1	48	1	2	2	0.427	
012_3DB	1	49	2	1	1	0.408	
012_3DB	1	50	2	1	1	0.436	
012_3DB	1	51	2	2	2	0.464	
012_3DB	1	52	2	2	2	0.326	
012_3DB	1	53	1	1	1	0.460	
012_3DB	1	54	2	1	1	0.416	
012_3DB	1	55	1	2	2	0.369	
012_3DB	2	0	1	2	2	0.433	
012_3DB	2	1	2	1	1	0.398	
012_3DB	2	2	1	2	2	0.377	
012_3DB	2	3	1	1	1	0.417	
012_3DB	2	4	1	1	1	0.387	
012_3DB	2	5	2	2	2	0.394	
012_3DB	2	6	1	1	1	0.344	
012_3DB	2	7	1	1	1	0.373	
012_3DB	2	8	2	1	1	0.451	
012_3DB	2	9	1	2	2	0.364	
012_3DB	2	10	2	2	2	0.521	
012_3DB	2	11	1	1	1	0.371	
012_3DB	2	12	2	1	1	0.404	
012_3DB	2	13	2	1	1	0.411	
012_3DB	2	14	2	1	1	0.384	
012_3DB	2	15	1	1	1	0.400	
012_3DB	2	16	1	2	2	0.373	
012_3DB	2	17	2	1	1	0.408	
012_3DB	2	18	1	2	2	0.403	
012_3DB	2	19	1	2	2	0.382	
012_3DB	2	20	1	1	1	0.387	
012_3DB	2	21	2	2	2	0.397	
012_3DB	2	22	2	1	1	0.406	
012_3DB	2	23	2	2	2	0.430	
012_3DB	2	24	1	2	2	0.388	
012_3DB	2	25	1	2	2	0.379	
012_3DB	2	26	2	1	1	0.524	
012_3DB	2	27	1	2	2	0.446	
012_3DB	2	28	2	2	2	0.492	
012_3DB	2	29	2	2	2	0.399	
012_3DB	2	30	2	2	2	0.346	
012_3DB	2	31	1	1	1	0.436	
012_3DB	2	32	1	1	1	0.347	
012_3DB	2	33	2	2	1	0.358	
012_3DB	2	34	2	1	1	0.433	
012_3DB	2	35	1	2	2	0.384	
012_3DB	2	36	1	1	1	0.451	
012_3DB	2	37	2	1	1	0.425	
012_3DB	2	38	1	2	2	0.377	
012_3DB	2	39	2	1	1	0.396	
012_3DB	2	40	2	2	2	0.379	
012_3DB	2	41	1	1	1	0.381	
012_3DB	2	42	2	1	1	0.391	
012_3DB	2	43	2	1	1	0.386	
012_3DB	2	44	2	2	2	0.419	
012_3DB	2	45	1	2	2	0.337	
012_3DB	2	46	2	2	2	0.325	
012_3DB	2	47	2	2	2	0.379	
012_3DB	2	48	2	2	2	0.352	
012_3DB	2	49	1	1	1	0.387	
012_3DB	2	50	2	2	2	0.419	
012_3DB	2	51	2	1	1	0.401	
012_3DB	2	52	1	2	2	0.404	
012_3DB	2	53	1	1	1	0.360	
012_3DB	2	54	1	1	1	0.346	
012_3DB	2	55	1	2	2	0.456	
012_3DB	3	0	2	1	1	0.603	
012_3DB	3	1	1	2	2	0.353	
012_3DB	3	2	2	2	2	0.332	
012_3DB	3	3	1	2	2	0.314	
012_3DB	3	4	1	1	1	0.370	
012_3DB	3	5	1	1	1	0.334	
012_3DB	3	6	1	1	1	0.326	
012_3DB	3	7	1	2	2	0.348	
012_3DB	3	8	2	1	1	0.388	
012_3DB	3	9	2	1	2	0.389	
012_3DB	3	10	1	1	1	0.366	
012_3DB	3	11	2	2	2	0.596	
012_3DB	3	12	2	2	2	0.577	
012_3DB	3	13	2	2	2	0.430	
012_3DB	3	14	2	1	1	0.458	
012_3DB	3	15	2	2	2	0.360	
012_3DB	3	16	1	2	2	0.340	
012_3DB	3	17	2	1	1	0.421	
012_3DB	3	18	2	2	2	0.428	
012_3DB	3	19	1	2	2	0.316	
012_3DB	3	20	1	1	1	0.426	
012_3DB	3	21	1	1	1	0.403	
012_3DB	3	22	2	2	2	0.408	
012_3DB	3	23	1	1	1	0.346	
012_3DB	3	24	2	1	1	0.425	
012_3DB	3	25	1	1	1	0.382	
012_3DB	3	26	1	2	2	0.434	
012_3DB	3	27	2	1	1	0.402	
012_3DB	3	28	2	2	2	0.405	
012_3DB	3	29	2	2	2	0.486	
012_3DB	3	30	1	2	2	0.371	
012_3DB	3	31	2	1	1	0.471	
012_3DB	3	32	1	2	2	0.411	
012_3DB	3	33	1	1	1	0.389	
012_3DB	3	34	1	1	1	0.367	
012_3DB	3	35	1	2	2	0.399	
012_3DB	3	36	2	2	2	0.421	
012_3DB	3	37	2	2	1	0.418	
012_3DB	3	38	2	1	1	0.486	
012_3DB	3	39	1	1	1	0.371	
012_3DB	3	40	1	2	2	0.391	
012_3DB	3	41	1	1	1	0.386	
012_3DB	3	42	2	1	1	0.494	
012_3DB	3	43	1	2	2	0.388	
012_3DB	3	44	2	2	2	0.383	
012_3DB	3	45	1	2	2	0.417	
012_3DB	3	46	1	2	2	0.417	
012_3DB	3	47	2	1	1	0.440	
012_3DB	3	48	1	1	1	0.344	
012_3DB	3	49	2	1	1	0.456	
012_3DB	3	50	2	2	2	0.435	
012_3DB	3	51	2	2	2	0.472	
012_3DB	3	52	1	1	1	0.363	
012_3DB	3	53	1	2	2	0.385	
012_3DB	3	54	2	1	1	0.312	
012_3DB	3	55	2	1	1	0.338	
