sub	block	trial	congr	stim	resp	RT	
016_1KM	0	0	2	1	1	0.803	
016_1KM	0	1	1	2	2	0.322	
016_1KM	0	2	1	1	1	0.311	
016_1KM	0	3	1	2	1	0.490	
016_1KM	0	4	2	2	1	0.334	
016_1KM	0	5	1	2	2	0.425	
016_1KM	0	6	1	2	2	0.337	
016_1KM	0	7	1	1	1	0.412	
016_1KM	0	8	1	1	1	0.449	
016_1KM	0	9	2	1	2	0.416	
016_1KM	0	10	1	1	1	0.397	
016_1KM	0	11	2	2	2	0.450	
016_1KM	0	12	2	2	2	0.574	
016_1KM	0	13	1	2	2	0.392	
016_1KM	0	14	2	1	2	0.327	
016_1KM	0	15	2	2	2	0.471	
016_1KM	0	16	1	2	2	0.396	
016_1KM	0	17	1	1	1	0.425	
016_1KM	0	18	2	2	2	0.466	
016_1KM	0	19	1	2	2	0.399	
016_1KM	0	20	1	2	2	0.407	
016_1KM	0	21	2	1	1	0.450	
016_1KM	0	22	1	1	1	0.387	
016_1KM	0	23	1	1	1	0.298	
016_1KM	0	24	2	2	2	0.398	
016_1KM	0	25	2	1	2	0.310	
016_1KM	0	26	2	2	2	0.420	
016_1KM	0	27	2	1	1	0.489	
016_1KM	0	28	2	2	2	0.483	
016_1KM	0	29	2	2	1	0.393	
016_1KM	0	30	2	1	1	0.534	
016_1KM	0	31	1	2	2	0.373	
016_1KM	0	32	2	1	1	0.445	
016_1KM	0	33	2	1	1	0.505	
016_1KM	0	34	2	2	2	0.381	
016_1KM	0	35	1	2	2	0.365	
016_1KM	0	36	1	1	1	0.412	
016_1KM	0	37	2	1	1	0.572	
016_1KM	0	38	1	2	2	0.425	
016_1KM	0	39	2	2	2	0.375	
016_1KM	0	40	1	1	1	0.398	
016_1KM	0	41	2	1	1	0.457	
016_1KM	0	42	2	2	2	0.476	
016_1KM	0	43	1	1	1	0.390	
016_1KM	0	44	2	1	2	0.373	
016_1KM	0	45	1	1	1	0.380	
016_1KM	0	46	2	2	2	0.442	
016_1KM	0	47	1	1	1	0.424	
016_1KM	0	48	1	1	1	0.370	
016_1KM	0	49	2	1	1	0.597	
016_1KM	0	50	2	1	1	0.300	
016_1KM	0	51	2	2	2	0.521	
016_1KM	0	52	1	2	2	0.458	
016_1KM	0	53	1	1	1	0.388	
016_1KM	0	54	1	2	2	0.413	
016_1KM	0	55	1	2	2	0.377	
016_1KM	1	0	1	2	2	0.590	
016_1KM	1	1	2	1	1	0.526	
016_1KM	1	2	1	1	1	0.326	
016_1KM	1	3	1	1	1	0.329	
016_1KM	1	4	2	2	2	0.435	
016_1KM	1	5	1	1	1	0.397	
016_1KM	1	6	1	2	2	0.412	
016_1KM	1	7	2	2	1	0.408	
016_1KM	1	8	1	2	2	0.411	
016_1KM	1	9	1	2	2	0.351	
016_1KM	1	10	1	1	1	0.459	
016_1KM	1	11	1	1	1	0.367	
016_1KM	1	12	2	1	2	0.399	
016_1KM	1	13	2	1	1	0.376	
016_1KM	1	14	2	2	2	0.478	
016_1KM	1	15	1	2	2	0.366	
016_1KM	1	16	2	1	1	0.479	
016_1KM	1	17	2	2	1	0.372	
016_1KM	1	18	1	1	1	0.374	
016_1KM	1	19	2	1	1	0.472	
016_1KM	1	20	1	2	2	0.410	
016_1KM	1	21	1	2	2	0.570	
016_1KM	1	22	2	2	2	0.585	
016_1KM	1	23	1	1	1	0.645	
016_1KM	1	24	1	1	1	0.430	
016_1KM	1	25	1	1	1	0.361	
016_1KM	1	26	2	2	2	0.474	
016_1KM	1	27	2	1	1	0.571	
016_1KM	1	28	2	1	1	0.591	
016_1KM	1	29	1	2	2	0.458	
016_1KM	1	30	1	1	1	0.426	
016_1KM	1	31	2	2	2	0.558	
016_1KM	1	32	2	1	1	0.467	
016_1KM	1	33	2	2	2	0.507	
016_1KM	1	34	2	1	1	0.498	
016_1KM	1	35	1	2	2	0.424	
016_1KM	1	36	2	1	1	0.459	
016_1KM	1	37	2	2	2	0.473	
016_1KM	1	38	2	1	1	0.473	
016_1KM	1	39	2	2	2	0.504	
016_1KM	1	40	1	2	2	0.485	
016_1KM	1	41	2	1	1	0.511	
016_1KM	1	42	2	2	2	0.448	
016_1KM	1	43	1	1	1	0.413	
016_1KM	1	44	1	2	2	0.376	
016_1KM	1	45	1	2	2	0.395	
016_1KM	1	46	1	1	1	0.433	
016_1KM	1	47	1	1	1	0.345	
016_1KM	1	48	1	1	1	0.348	
016_1KM	1	49	2	2	1	0.325	
016_1KM	1	50	2	1	1	0.536	
016_1KM	1	51	2	2	2	0.485	
016_1KM	1	52	1	2	2	0.362	
016_1KM	1	53	1	2	2	0.391	
016_1KM	1	54	2	2	2	0.396	
016_1KM	1	55	2	1	1	0.476	
016_1KM	2	0	1	1	1	0.458	
016_1KM	2	1	1	1	1	0.346	
016_1KM	2	2	1	1	1	0.315	
016_1KM	2	3	2	1	1	0.284	
016_1KM	2	4	1	2	1	0.517	
016_1KM	2	5	2	2	1	0.683	
016_1KM	2	6	1	1	1	0.447	
016_1KM	2	7	2	1	1	0.493	
016_1KM	2	8	2	2	1	0.361	
016_1KM	2	9	1	2	2	0.431	
016_1KM	2	10	2	1	1	0.430	
016_1KM	2	11	1	2	2	0.413	
016_1KM	2	12	1	2	2	0.448	
016_1KM	2	13	2	1	1	0.545	
016_1KM	2	14	1	2	2	0.427	
016_1KM	2	15	1	2	2	0.333	
016_1KM	2	16	1	2	2	0.349	
016_1KM	2	17	2	1	1	0.611	
016_1KM	2	18	2	1	1	0.499	
016_1KM	2	19	2	1	1	0.376	
016_1KM	2	20	1	1	1	0.328	
016_1KM	2	21	2	2	1	0.294	
016_1KM	2	22	1	2	2	0.473	
016_1KM	2	23	1	2	2	0.376	
016_1KM	2	24	1	2	2	0.317	
016_1KM	2	25	2	1	1	0.525	
016_1KM	2	26	2	2	2	0.500	
016_1KM	2	27	1	2	2	0.406	
016_1KM	2	28	1	1	1	0.450	
016_1KM	2	29	2	1	2	0.400	
016_1KM	2	30	2	2	2	0.420	
016_1KM	2	31	2	2	2	0.502	
016_1KM	2	32	2	2	2	0.445	
016_1KM	2	33	1	2	2	0.412	
016_1KM	2	34	1	1	1	0.492	
016_1KM	2	35	2	1	1	0.436	
016_1KM	2	36	1	1	1	0.360	
016_1KM	2	37	1	1	1	0.336	
016_1KM	2	38	1	2	2	0.459	
016_1KM	2	39	1	2	2	0.339	
016_1KM	2	40	2	1	2	0.511	
016_1KM	2	41	2	2	2	0.492	
016_1KM	2	42	2	2	2	0.454	
016_1KM	2	43	2	2	2	0.403	
016_1KM	2	44	1	1	1	0.538	
016_1KM	2	45	2	2	2	0.529	
016_1KM	2	46	2	1	1	0.557	
016_1KM	2	47	2	1	1	0.597	
016_1KM	2	48	2	2	1	0.458	
016_1KM	2	49	2	1	1	0.417	
016_1KM	2	50	1	1	1	0.376	
016_1KM	2	51	1	1	1	0.362	
016_1KM	2	52	2	2	2	0.482	
016_1KM	2	53	2	2	2	0.591	
016_1KM	2	54	1	1	1	0.472	
016_1KM	2	55	1	1	1	0.361	
016_1KM	3	0	1	2	2	0.511	
016_1KM	3	1	2	1	1	0.610	
016_1KM	3	2	2	1	1	0.530	
016_1KM	3	3	1	2	2	0.436	
016_1KM	3	4	1	1	1	0.455	
016_1KM	3	5	1	1	1	0.363	
016_1KM	3	6	2	1	2	0.408	
016_1KM	3	7	2	2	2	0.465	
016_1KM	3	8	1	2	2	0.393	
016_1KM	3	9	2	1	1	0.526	
016_1KM	3	10	1	2	2	0.427	
016_1KM	3	11	1	2	2	0.384	
016_1KM	3	12	2	2	2	0.556	
016_1KM	3	13	1	1	1	0.611	
016_1KM	3	14	1	1	1	0.363	
016_1KM	3	15	2	2	2	0.481	
016_1KM	3	16	1	2	2	0.419	
016_1KM	3	17	1	2	2	0.351	
016_1KM	3	18	1	2	2	0.353	
016_1KM	3	19	2	2	2	0.451	
016_1KM	3	20	2	1	2	0.386	
016_1KM	3	21	1	1	2	0.504	
016_1KM	3	22	1	2	2	0.495	
016_1KM	3	23	2	1	1	0.591	
016_1KM	3	24	2	1	1	0.576	
016_1KM	3	25	2	1	1	0.438	
016_1KM	3	26	1	1	1	0.368	
016_1KM	3	27	1	1	1	0.335	
016_1KM	3	28	2	2	2	0.552	
016_1KM	3	29	1	2	2	0.389	
016_1KM	3	30	2	1	1	0.438	
016_1KM	3	31	2	1	1	0.551	
016_1KM	3	32	2	1	1	0.527	
016_1KM	3	33	1	1	1	0.310	
016_1KM	3	34	1	1	1	0.304	
016_1KM	3	35	1	1	1	0.292	
016_1KM	3	36	1	2	2	0.429	
016_1KM	3	37	1	2	2	0.367	
016_1KM	3	38	2	2	2	0.493	
016_1KM	3	39	1	2	2	0.389	
016_1KM	3	40	1	1	1	0.438	
016_1KM	3	41	2	2	1	0.347	
016_1KM	3	42	2	2	2	0.591	
016_1KM	3	43	2	1	1	0.574	
016_1KM	3	44	2	2	2	0.495	
016_1KM	3	45	1	2	2	0.447	
016_1KM	3	46	1	1	1	0.501	
016_1KM	3	47	2	2	2	0.612	
016_1KM	3	48	1	1	1	0.416	
016_1KM	3	49	2	2	2	0.391	
016_1KM	3	50	2	2	2	0.490	
016_1KM	3	51	2	2	2	0.400	
016_1KM	3	52	2	1	1	0.618	
016_1KM	3	53	1	1	1	0.442	
016_1KM	3	54	2	2	2	0.454	
016_1KM	3	55	2	1	1	0.709	
