sub	block	trial	congr	stim	resp	RT	
008_6GS	0	0	1	2	2	0.389	
008_6GS	0	1	2	2	2	0.466	
008_6GS	0	2	1	2	2	0.347	
008_6GS	0	3	1	1	1	0.417	
008_6GS	0	4	1	2	2	0.432	
008_6GS	0	5	1	1	1	0.316	
008_6GS	0	6	1	2	2	0.332	
008_6GS	0	7	2	2	2	0.548	
008_6GS	0	8	2	2	2	0.381	
008_6GS	0	9	1	1	1	0.407	
008_6GS	0	10	2	1	2	0.374	
008_6GS	0	11	1	2	2	0.384	
008_6GS	0	12	1	2	2	0.372	
008_6GS	0	13	2	1	2	0.330	
008_6GS	0	14	2	2	2	0.477	
008_6GS	0	15	2	1	1	0.512	
008_6GS	0	16	1	2	2	0.403	
008_6GS	0	17	1	1	1	0.279	
008_6GS	0	18	1	1	1	0.423	
008_6GS	0	19	2	1	1	0.508	
008_6GS	0	20	2	2	2	0.402	
008_6GS	0	21	2	2	2	0.474	
008_6GS	0	22	1	2	2	0.341	
008_6GS	0	23	1	1	1	0.420	
008_6GS	0	24	2	1	1	0.564	
008_6GS	0	25	1	2	2	0.377	
008_6GS	0	26	2	2	2	0.469	
008_6GS	0	27	2	1	1	0.470	
008_6GS	0	28	2	1	1	0.401	
008_6GS	0	29	1	2	2	0.398	
008_6GS	0	30	1	2	2	0.388	
008_6GS	0	31	1	1	1	0.435	
008_6GS	0	32	1	1	1	0.482	
008_6GS	0	33	2	2	2	0.495	
008_6GS	0	34	1	2	2	0.530	
008_6GS	0	35	2	2	2	0.450	
008_6GS	0	36	1	2	2	0.413	
008_6GS	0	37	1	1	1	0.392	
008_6GS	0	38	2	2	2	0.605	
008_6GS	0	39	2	1	1	0.537	
008_6GS	0	40	2	2	2	0.391	
008_6GS	0	41	2	1	1	0.463	
008_6GS	0	42	1	1	1	0.422	
008_6GS	0	43	1	1	1	0.358	
008_6GS	0	44	1	2	2	0.418	
008_6GS	0	45	2	2	2	0.447	
008_6GS	0	46	2	1	1	0.395	
008_6GS	0	47	1	1	1	0.425	
008_6GS	0	48	2	1	1	0.543	
008_6GS	0	49	2	1	1	0.478	
008_6GS	0	50	2	1	1	0.497	
008_6GS	0	51	2	2	2	0.413	
008_6GS	0	52	2	1	1	0.496	
008_6GS	0	53	1	1	1	0.431	
008_6GS	0	54	1	1	1	0.495	
008_6GS	0	55	2	2	2	0.460	
008_6GS	1	0	2	1	1	0.467	
008_6GS	1	1	2	2	1	0.434	
008_6GS	1	2	1	2	2	0.381	
008_6GS	1	3	1	2	2	0.364	
008_6GS	1	4	2	1	1	0.531	
008_6GS	1	5	2	1	1	0.477	
008_6GS	1	6	2	1	1	0.440	
008_6GS	1	7	1	1	1	0.348	
008_6GS	1	8	2	2	2	0.618	
008_6GS	1	9	1	2	2	0.406	
008_6GS	1	10	2	2	2	0.404	
008_6GS	1	11	2	1	1	0.415	
008_6GS	1	12	1	1	1	0.416	
008_6GS	1	13	1	1	1	0.429	
008_6GS	1	14	2	2	2	0.464	
008_6GS	1	15	2	1	1	0.628	
008_6GS	1	16	1	2	2	0.452	
008_6GS	1	17	1	2	2	0.363	
008_6GS	1	18	1	1	1	0.345	
008_6GS	1	19	1	2	2	0.353	
008_6GS	1	20	2	2	2	0.423	
008_6GS	1	21	2	1	1	0.566	
008_6GS	1	22	1	2	2	0.436	
008_6GS	1	23	1	1	1	0.371	
008_6GS	1	24	2	2	2	0.462	
008_6GS	1	25	1	2	2	0.318	
008_6GS	1	26	2	1	1	0.403	
008_6GS	1	27	1	1	1	0.341	
008_6GS	1	28	1	1	1	0.374	
008_6GS	1	29	1	1	1	0.369	
008_6GS	1	30	2	2	2	0.486	
008_6GS	1	31	1	1	1	0.410	
008_6GS	1	32	1	1	1	0.387	
008_6GS	1	33	1	2	2	0.390	
008_6GS	1	34	1	1	1	0.315	
008_6GS	1	35	1	2	2	0.342	
008_6GS	1	36	1	1	1	0.344	
008_6GS	1	37	2	1	2	0.313	
008_6GS	1	38	2	1	1	0.525	
008_6GS	1	39	2	1	1	0.460	
008_6GS	1	40	2	1	1	0.454	
008_6GS	1	41	1	2	2	0.405	
008_6GS	1	42	2	2	2	0.529	
008_6GS	1	43	2	2	2	0.423	
008_6GS	1	44	2	1	1	0.486	
008_6GS	1	45	1	2	2	0.440	
008_6GS	1	46	1	2	2	0.378	
008_6GS	1	47	1	1	1	0.397	
008_6GS	1	48	2	2	2	0.463	
008_6GS	1	49	2	2	2	0.483	
008_6GS	1	50	2	1	1	0.465	
008_6GS	1	51	1	1	1	0.512	
008_6GS	1	52	2	2	2	0.420	
008_6GS	1	53	1	2	2	0.386	
008_6GS	1	54	2	2	2	0.368	
008_6GS	1	55	2	2	2	0.469	
008_6GS	2	0	2	2	2	0.474	
008_6GS	2	1	2	2	2	0.403	
008_6GS	2	2	2	1	1	0.501	
008_6GS	2	3	2	2	2	0.340	
008_6GS	2	4	2	1	1	0.527	
008_6GS	2	5	2	1	1	0.432	
008_6GS	2	6	2	1	1	0.471	
008_6GS	2	7	1	1	1	0.438	
008_6GS	2	8	2	2	2	0.412	
008_6GS	2	9	2	1	1	0.502	
008_6GS	2	10	2	2	2	0.431	
008_6GS	2	11	1	2	2	0.376	
008_6GS	2	12	1	2	2	0.338	
008_6GS	2	13	1	2	2	0.361	
008_6GS	2	14	1	1	1	0.570	
008_6GS	2	15	1	1	1	0.440	
008_6GS	2	16	1	2	2	0.429	
008_6GS	2	17	1	2	2	0.371	
008_6GS	2	18	1	1	1	0.404	
008_6GS	2	19	1	1	1	0.348	
008_6GS	2	20	1	1	1	0.371	
008_6GS	2	21	2	2	2	0.485	
008_6GS	2	22	2	1	1	0.453	
008_6GS	2	23	2	2	2	0.456	
008_6GS	2	24	1	1	1	0.336	
008_6GS	2	25	1	2	2	0.349	
008_6GS	2	26	2	2	2	0.481	
008_6GS	2	27	2	1	1	0.465	
008_6GS	2	28	2	2	2	0.360	
008_6GS	2	29	2	2	2	0.498	
008_6GS	2	30	2	2	1	0.457	
008_6GS	2	31	2	2	2	0.496	
008_6GS	2	32	1	2	2	0.449	
008_6GS	2	33	1	2	2	0.411	
008_6GS	2	34	2	1	1	0.378	
008_6GS	2	35	1	1	1	0.427	
008_6GS	2	36	1	2	2	0.467	
008_6GS	2	37	1	1	1	0.407	
008_6GS	2	38	1	2	2	0.343	
008_6GS	2	39	1	1	1	0.327	
008_6GS	2	40	1	1	1	0.411	
008_6GS	2	41	2	1	1	0.551	
008_6GS	2	42	2	1	1	0.532	
008_6GS	2	43	2	1	1	0.560	
008_6GS	2	44	1	1	1	0.415	
008_6GS	2	45	2	1	1	0.532	
008_6GS	2	46	1	1	1	0.391	
008_6GS	2	47	2	1	1	0.505	
008_6GS	2	48	2	1	1	0.464	
008_6GS	2	49	1	1	1	0.458	
008_6GS	2	50	1	2	2	0.434	
008_6GS	2	51	2	2	2	0.568	
008_6GS	2	52	1	2	2	0.407	
008_6GS	2	53	2	2	2	0.430	
008_6GS	2	54	1	2	2	0.370	
008_6GS	2	55	1	2	2	0.336	
008_6GS	3	0	2	2	2	0.582	
008_6GS	3	1	2	1	1	0.413	
008_6GS	3	2	1	2	2	0.321	
008_6GS	3	3	1	1	1	0.372	
008_6GS	3	4	1	2	2	0.419	
008_6GS	3	5	1	1	1	0.304	
008_6GS	3	6	2	1	2	0.277	
008_6GS	3	7	2	1	1	0.454	
008_6GS	3	8	1	1	1	0.418	
008_6GS	3	9	1	2	2	0.375	
008_6GS	3	10	1	1	1	0.382	
008_6GS	3	11	2	2	2	0.476	
008_6GS	3	12	2	2	2	0.432	
008_6GS	3	13	2	1	1	0.454	
008_6GS	3	14	1	2	2	0.424	
008_6GS	3	15	2	1	1	0.418	
008_6GS	3	16	2	1	1	0.457	
008_6GS	3	17	1	2	2	0.457	
008_6GS	3	18	1	1	1	0.359	
008_6GS	3	19	1	2	2	0.362	
008_6GS	3	20	1	1	1	0.486	
008_6GS	3	21	2	1	1	0.465	
008_6GS	3	22	2	2	2	0.449	
008_6GS	3	23	1	1	1	0.384	
008_6GS	3	24	2	2	2	0.522	
008_6GS	3	25	1	1	1	0.482	
008_6GS	3	26	2	2	2	0.398	
008_6GS	3	27	2	2	2	0.461	
008_6GS	3	28	1	2	2	0.391	
008_6GS	3	29	1	2	2	0.356	
008_6GS	3	30	1	1	1	0.511	
008_6GS	3	31	1	2	2	0.356	
008_6GS	3	32	1	1	1	0.376	
008_6GS	3	33	1	2	2	0.397	
008_6GS	3	34	2	1	1	0.519	
008_6GS	3	35	2	1	2	0.411	
008_6GS	3	36	1	2	2	0.397	
008_6GS	3	37	1	1	1	0.491	
008_6GS	3	38	1	2	2	0.624	
008_6GS	3	39	2	2	2	0.455	
008_6GS	3	40	2	1	1	0.469	
008_6GS	3	41	2	2	2	0.473	
008_6GS	3	42	1	2	2	0.371	
008_6GS	3	43	1	2	2	0.385	
008_6GS	3	44	1	1	1	0.423	
008_6GS	3	45	1	1	1	0.403	
008_6GS	3	46	2	1	2	0.417	
008_6GS	3	47	2	2	2	0.542	
008_6GS	3	48	1	1	1	0.421	
008_6GS	3	49	2	1	1	0.506	
008_6GS	3	50	2	2	2	0.500	
008_6GS	3	51	2	1	1	0.425	
008_6GS	3	52	2	2	2	0.404	
008_6GS	3	53	2	2	2	0.484	
008_6GS	3	54	2	2	2	0.437	
008_6GS	3	55	2	1	1	0.592	
