sub	block	trial	congr	stim	resp	RT	
002_4PH	0	0	2	2	2	0.523	
002_4PH	0	1	1	1	1	0.408	
002_4PH	0	2	1	2	2	0.378	
002_4PH	0	3	2	2	2	0.456	
002_4PH	0	4	1	1	1	0.387	
002_4PH	0	5	2	2	2	0.388	
002_4PH	0	6	2	1	1	0.519	
002_4PH	0	7	2	2	2	0.407	
002_4PH	0	8	2	2	2	0.645	
002_4PH	0	9	2	2	2	0.475	
002_4PH	0	10	1	2	2	0.571	
002_4PH	0	11	1	1	1	0.341	
002_4PH	0	12	2	1	2	0.320	
002_4PH	0	13	2	1	1	0.497	
002_4PH	0	14	2	2	2	0.483	
002_4PH	0	15	1	2	2	0.406	
002_4PH	0	16	1	2	2	0.423	
002_4PH	0	17	1	1	1	0.383	
002_4PH	0	18	1	2	2	0.385	
002_4PH	0	19	2	1	1	0.464	
002_4PH	0	20	2	1	2	0.361	
002_4PH	0	21	2	2	2	0.464	
002_4PH	0	22	2	1	1	0.419	
002_4PH	0	23	2	1	1	0.426	
002_4PH	0	24	1	1	1	0.370	
002_4PH	0	25	1	2	2	0.378	
002_4PH	0	26	1	1	1	0.355	
002_4PH	0	27	1	1	1	0.364	
002_4PH	0	28	1	1	1	0.357	
002_4PH	0	29	1	2	2	0.303	
002_4PH	0	30	1	2	2	0.369	
002_4PH	0	31	2	2	2	0.539	
002_4PH	0	32	1	2	2	0.381	
002_4PH	0	33	1	1	1	0.364	
002_4PH	0	34	2	1	1	0.445	
002_4PH	0	35	2	1	1	0.454	
002_4PH	0	36	1	2	2	0.522	
002_4PH	0	37	1	2	2	0.312	
002_4PH	0	38	1	1	1	0.425	
002_4PH	0	39	1	1	1	0.421	
002_4PH	0	40	2	1	1	0.456	
002_4PH	0	41	2	2	2	0.472	
002_4PH	0	42	2	1	1	0.447	
002_4PH	0	43	1	2	2	0.482	
002_4PH	0	44	1	1	1	0.408	
002_4PH	0	45	2	2	2	0.535	
002_4PH	0	46	2	2	2	0.416	
002_4PH	0	47	2	2	2	0.463	
002_4PH	0	48	1	1	1	0.474	
002_4PH	0	49	2	1	1	0.603	
002_4PH	0	50	2	1	1	0.407	
002_4PH	0	51	2	2	1	0.452	
002_4PH	0	52	2	1	1	0.493	
002_4PH	0	53	1	1	1	0.376	
002_4PH	0	54	1	2	2	0.401	
002_4PH	0	55	1	2	2	0.346	
002_4PH	1	0	2	2	2	0.445	
002_4PH	1	1	2	1	1	0.486	
002_4PH	1	2	1	1	1	0.404	
002_4PH	1	3	1	1	1	0.489	
002_4PH	1	4	2	2	2	0.411	
002_4PH	1	5	1	1	1	0.388	
002_4PH	1	6	1	1	1	0.347	
002_4PH	1	7	2	2	2	0.435	
002_4PH	1	8	2	1	1	0.535	
002_4PH	1	9	1	1	1	0.355	
002_4PH	1	10	2	2	2	0.357	
002_4PH	1	11	1	2	2	0.360	
002_4PH	1	12	2	1	1	0.486	
002_4PH	1	13	2	1	2	0.370	
002_4PH	1	14	2	2	2	0.402	
002_4PH	1	15	2	1	1	0.517	
002_4PH	1	16	1	1	1	0.375	
002_4PH	1	17	1	1	1	0.371	
002_4PH	1	18	1	2	2	0.464	
002_4PH	1	19	2	2	2	0.471	
002_4PH	1	20	2	2	2	0.393	
002_4PH	1	21	2	1	1	0.459	
002_4PH	1	22	1	2	2	0.416	
002_4PH	1	23	1	2	2	0.377	
002_4PH	1	24	1	2	2	0.358	
002_4PH	1	25	1	2	2	0.334	
002_4PH	1	26	2	2	2	0.388	
002_4PH	1	27	1	1	1	0.412	
002_4PH	1	28	2	2	2	0.418	
002_4PH	1	29	2	1	1	0.515	
002_4PH	1	30	1	1	1	0.385	
002_4PH	1	31	1	2	2	0.353	
002_4PH	1	32	2	2	2	0.389	
002_4PH	1	33	2	1	1	0.514	
002_4PH	1	34	2	1	1	0.460	
002_4PH	1	35	2	1	1	0.501	
002_4PH	1	36	2	2	2	0.426	
002_4PH	1	37	1	1	1	0.389	
002_4PH	1	38	1	2	2	0.374	
002_4PH	1	39	1	2	2	0.326	
002_4PH	1	40	2	1	1	0.465	
002_4PH	1	41	2	1	1	0.444	
002_4PH	1	42	1	1	1	0.374	
002_4PH	1	43	1	2	2	0.945	
002_4PH	1	44	1	2	2	0.338	
002_4PH	1	45	1	2	2	0.338	
002_4PH	1	46	1	1	1	0.434	
002_4PH	1	47	2	2	2	0.424	
002_4PH	1	48	1	2	2	0.409	
002_4PH	1	49	1	2	2	0.326	
002_4PH	1	50	2	2	2	0.390	
002_4PH	1	51	2	1	1	0.458	
002_4PH	1	52	1	1	1	0.421	
002_4PH	1	53	1	1	1	0.395	
002_4PH	1	54	2	2	2	0.413	
002_4PH	1	55	2	1	1	0.464	
002_4PH	2	0	2	2	2	0.429	
002_4PH	2	1	1	2	2	0.409	
002_4PH	2	2	1	2	2	0.330	
002_4PH	2	3	1	1	1	0.352	
002_4PH	2	4	1	1	1	0.310	
002_4PH	2	5	2	1	1	0.501	
002_4PH	2	6	2	1	1	0.430	
002_4PH	2	7	2	2	2	0.357	
002_4PH	2	8	2	2	2	0.416	
002_4PH	2	9	2	1	1	0.518	
002_4PH	2	10	1	1	1	0.374	
002_4PH	2	11	2	2	2	0.493	
002_4PH	2	12	1	2	2	0.347	
002_4PH	2	13	2	1	1	0.381	
002_4PH	2	14	1	2	2	0.374	
002_4PH	2	15	1	1	1	0.336	
002_4PH	2	16	2	2	2	0.360	
002_4PH	2	17	2	2	2	0.375	
002_4PH	2	18	2	1	1	0.443	
002_4PH	2	19	1	1	1	0.325	
002_4PH	2	20	1	2	2	0.442	
002_4PH	2	21	2	1	1	0.402	
002_4PH	2	22	2	2	2	0.369	
002_4PH	2	23	2	1	1	0.458	
002_4PH	2	24	1	1	1	0.342	
002_4PH	2	25	1	1	1	0.367	
002_4PH	2	26	2	1	1	0.462	
002_4PH	2	27	2	1	1	0.510	
002_4PH	2	28	1	1	1	0.347	
002_4PH	2	29	1	1	1	0.335	
002_4PH	2	30	1	2	1	0.516	
002_4PH	2	31	1	2	2	0.402	
002_4PH	2	32	2	1	1	0.348	
002_4PH	2	33	1	1	1	0.449	
002_4PH	2	34	1	1	1	0.402	
002_4PH	2	35	1	2	2	0.347	
002_4PH	2	36	1	1	1	0.367	
002_4PH	2	37	1	2	2	0.356	
002_4PH	2	38	2	2	2	0.464	
002_4PH	2	39	2	2	2	0.498	
002_4PH	2	40	2	2	2	0.454	
002_4PH	2	41	2	2	2	0.422	
002_4PH	2	42	1	1	1	0.469	
002_4PH	2	43	1	2	2	0.422	
002_4PH	2	44	1	2	2	0.466	
002_4PH	2	45	2	2	2	0.385	
002_4PH	2	46	2	1	1	0.581	
002_4PH	2	47	2	2	2	0.400	
002_4PH	2	48	2	1	1	0.614	
002_4PH	2	49	1	2	2	0.412	
002_4PH	2	50	1	2	2	0.369	
002_4PH	2	51	2	1	2	0.361	
002_4PH	2	52	1	1	1	0.466	
002_4PH	2	53	2	1	1	0.507	
002_4PH	2	54	2	2	2	0.447	
002_4PH	2	55	1	2	2	0.368	
002_4PH	3	0	1	2	2	0.410	
002_4PH	3	1	2	1	1	0.444	
002_4PH	3	2	2	2	2	0.459	
002_4PH	3	3	1	2	2	0.315	
002_4PH	3	4	2	1	1	0.448	
002_4PH	3	5	1	2	2	0.422	
002_4PH	3	6	1	1	1	0.409	
002_4PH	3	7	1	1	1	0.355	
002_4PH	3	8	1	1	1	0.364	
002_4PH	3	9	2	1	1	0.515	
002_4PH	3	10	1	2	2	0.445	
002_4PH	3	11	1	1	1	0.383	
002_4PH	3	12	2	1	1	0.468	
002_4PH	3	13	1	2	2	0.474	
002_4PH	3	14	2	2	2	0.589	
002_4PH	3	15	2	2	2	0.536	
002_4PH	3	16	2	2	2	0.538	
002_4PH	3	17	2	1	1	0.490	
002_4PH	3	18	2	1	1	0.435	
002_4PH	3	19	2	1	1	0.649	
002_4PH	3	20	2	2	2	0.434	
002_4PH	3	21	2	2	2	0.418	
002_4PH	3	22	2	2	2	0.487	
002_4PH	3	23	1	1	1	0.395	
002_4PH	3	24	2	2	2	0.421	
002_4PH	3	25	1	2	2	0.403	
002_4PH	3	26	1	2	2	0.361	
002_4PH	3	27	1	1	1	0.385	
002_4PH	3	28	2	1	1	0.510	
002_4PH	3	29	1	2	2	0.395	
002_4PH	3	30	2	2	2	0.359	
002_4PH	3	31	1	1	1	0.399	
002_4PH	3	32	1	2	2	0.353	
002_4PH	3	33	1	1	1	0.362	
002_4PH	3	34	1	2	2	0.403	
002_4PH	3	35	2	2	2	0.356	
002_4PH	3	36	1	1	1	0.438	
002_4PH	3	37	2	2	2	0.390	
002_4PH	3	38	1	2	2	0.354	
002_4PH	3	39	2	1	2	0.329	
002_4PH	3	40	2	2	2	0.395	
002_4PH	3	41	2	2	2	0.447	
002_4PH	3	42	2	1	1	0.622	
002_4PH	3	43	1	2	2	0.429	
002_4PH	3	44	1	1	1	0.386	
002_4PH	3	45	1	1	1	0.369	
002_4PH	3	46	2	1	1	0.492	
002_4PH	3	47	1	2	2	0.340	
002_4PH	3	48	1	1	1	0.357	
002_4PH	3	49	1	1	1	0.370	
002_4PH	3	50	2	1	1	0.502	
002_4PH	3	51	2	2	2	0.391	
002_4PH	3	52	1	2	2	0.359	
002_4PH	3	53	2	1	1	0.421	
002_4PH	3	54	1	1	1	0.390	
002_4PH	3	55	2	1	1	0.785	
