sub	block	trial	congr	stim	resp	RT	
001_5LB	0	0	1	2	2	0.569	
001_5LB	0	1	1	2	2	0.403	
001_5LB	0	2	1	1	1	0.523	
001_5LB	0	3	2	2	2	0.454	
001_5LB	0	4	2	1	1	0.502	
001_5LB	0	5	1	2	2	0.472	
001_5LB	0	6	2	1	1	0.466	
001_5LB	0	7	2	1	2	0.471	
001_5LB	0	8	2	2	2	0.476	
001_5LB	0	9	2	2	2	0.532	
001_5LB	0	10	1	1	1	0.429	
001_5LB	0	11	2	2	2	0.492	
001_5LB	0	12	1	2	2	0.429	
001_5LB	0	13	1	1	1	0.446	
001_5LB	0	14	1	1	1	0.441	
001_5LB	0	15	1	1	1	0.417	
001_5LB	0	16	2	2	1	0.381	
001_5LB	0	17	1	1	1	0.437	
001_5LB	0	18	1	1	1	0.418	
001_5LB	0	19	1	2	2	0.397	
001_5LB	0	20	1	2	2	0.361	
001_5LB	0	21	1	1	2	0.548	
001_5LB	0	22	1	2	2	0.405	
001_5LB	0	23	2	1	1	0.481	
001_5LB	0	24	1	2	2	0.429	
001_5LB	0	25	2	1	1	0.614	
001_5LB	0	26	1	2	2	0.432	
001_5LB	0	27	1	2	2	0.500	
001_5LB	0	28	1	1	1	0.437	
001_5LB	0	29	2	1	1	0.425	
001_5LB	0	30	1	1	1	0.972	
001_5LB	0	31	1	1	1	0.611	
001_5LB	0	32	2	1	1	0.488	
001_5LB	0	33	2	1	1	0.431	
001_5LB	0	34	2	1	1	0.454	
001_5LB	0	35	2	2	1	0.420	
001_5LB	0	36	2	1	1	0.467	
001_5LB	0	37	2	2	2	0.463	
001_5LB	0	38	2	2	2	0.687	
001_5LB	0	39	2	1	1	0.616	
001_5LB	0	40	1	1	1	0.478	
001_5LB	0	41	1	2	2	0.434	
001_5LB	0	42	2	2	2	0.554	
001_5LB	0	43	1	1	1	0.606	
001_5LB	0	44	1	2	2	0.553	
001_5LB	0	45	2	2	2	0.550	
001_5LB	0	46	2	1	1	0.582	
001_5LB	0	47	2	2	2	0.462	
001_5LB	0	48	1	2	2	0.499	
001_5LB	0	49	2	2	2	0.515	
001_5LB	0	50	2	2	2	0.460	
001_5LB	0	51	1	1	1	0.615	
001_5LB	0	52	1	2	2	0.433	
001_5LB	0	53	2	1	1	0.593	
001_5LB	0	54	2	1	1	0.459	
001_5LB	0	55	2	2	2	0.484	
001_5LB	1	0	1	1	1	0.511	
001_5LB	1	1	2	1	1	0.462	
001_5LB	1	2	2	2	1	1.417	
001_5LB	1	3	2	2	2	0.573	
001_5LB	1	4	2	1	1	0.529	
001_5LB	1	5	1	2	2	0.605	
001_5LB	1	6	1	1	1	0.449	
001_5LB	1	7	1	1	1	0.407	
001_5LB	1	8	1	1	1	0.410	
001_5LB	1	9	1	2	2	0.659	
001_5LB	1	10	1	2	2	0.450	
001_5LB	1	11	2	2	2	0.516	
001_5LB	1	12	1	2	2	0.418	
001_5LB	1	13	2	2	2	0.458	
001_5LB	1	14	2	1	1	0.457	
001_5LB	1	15	2	2	2	0.478	
001_5LB	1	16	2	1	1	0.505	
001_5LB	1	17	1	1	1	0.413	
001_5LB	1	18	2	1	1	0.691	
001_5LB	1	19	1	2	1	0.434	
001_5LB	1	20	2	1	1	0.473	
001_5LB	1	21	1	1	1	0.414	
001_5LB	1	22	2	2	2	0.437	
001_5LB	1	23	2	2	2	0.486	
001_5LB	1	24	1	2	2	0.491	
001_5LB	1	25	2	1	1	0.539	
001_5LB	1	26	2	2	2	0.502	
001_5LB	1	27	2	1	2	0.513	
001_5LB	1	28	1	2	2	0.414	
001_5LB	1	29	2	1	1	0.481	
001_5LB	1	30	1	1	1	0.449	
001_5LB	1	31	2	2	2	0.504	
001_5LB	1	32	2	2	2	0.505	
001_5LB	1	33	1	1	1	0.470	
001_5LB	1	34	1	1	1	0.445	
001_5LB	1	35	1	2	2	0.491	
001_5LB	1	36	1	1	1	0.470	
001_5LB	1	37	2	1	1	0.468	
001_5LB	1	38	2	1	1	0.503	
001_5LB	1	39	1	2	2	0.447	
001_5LB	1	40	1	2	2	0.441	
001_5LB	1	41	1	2	2	0.420	
001_5LB	1	42	1	2	2	0.423	
001_5LB	1	43	1	2	2	0.445	
001_5LB	1	44	2	2	2	0.782	
001_5LB	1	45	1	1	1	0.598	
001_5LB	1	46	2	1	1	0.656	
001_5LB	1	47	1	1	1	0.499	
001_5LB	1	48	2	1	1	0.455	
001_5LB	1	49	2	2	2	0.512	
001_5LB	1	50	2	1	1	0.450	
001_5LB	1	51	2	2	2	0.484	
001_5LB	1	52	1	1	1	0.440	
001_5LB	1	53	2	2	2	0.530	
001_5LB	1	54	1	2	2	0.506	
001_5LB	1	55	1	1	1	0.583	
001_5LB	2	0	1	1	1	0.480	
001_5LB	2	1	2	2	2	0.475	
001_5LB	2	2	1	1	1	0.602	
001_5LB	2	3	2	2	2	0.497	
001_5LB	2	4	1	2	2	0.593	
001_5LB	2	5	1	1	1	0.659	
001_5LB	2	6	1	2	2	0.472	
001_5LB	2	7	1	1	1	0.444	
001_5LB	2	8	1	2	2	0.427	
001_5LB	2	9	2	1	2	0.517	
001_5LB	2	10	1	2	2	0.460	
001_5LB	2	11	2	2	2	0.504	
001_5LB	2	12	1	2	2	0.410	
001_5LB	2	13	2	1	1	0.517	
001_5LB	2	14	2	2	2	0.546	
001_5LB	2	15	1	2	2	0.441	
001_5LB	2	16	1	2	2	0.457	
001_5LB	2	17	2	1	1	0.590	
001_5LB	2	18	1	2	2	0.495	
001_5LB	2	19	1	2	2	0.422	
001_5LB	2	20	2	1	1	0.569	
001_5LB	2	21	1	2	2	0.425	
001_5LB	2	22	2	1	1	0.506	
001_5LB	2	23	2	2	2	0.501	
001_5LB	2	24	2	1	1	0.467	
001_5LB	2	25	1	1	1	0.462	
001_5LB	2	26	1	2	2	0.458	
001_5LB	2	27	2	1	1	0.495	
001_5LB	2	28	2	2	2	0.459	
001_5LB	2	29	1	1	1	0.445	
001_5LB	2	30	2	1	1	0.513	
001_5LB	2	31	2	2	2	0.486	
001_5LB	2	32	2	2	2	0.529	
001_5LB	2	33	2	1	1	0.477	
001_5LB	2	34	2	2	2	0.441	
001_5LB	2	35	2	1	1	0.514	
001_5LB	2	36	2	2	2	0.438	
001_5LB	2	37	1	1	1	0.446	
001_5LB	2	38	2	2	2	0.589	
001_5LB	2	39	1	1	1	0.536	
001_5LB	2	40	2	1	1	0.482	
001_5LB	2	41	1	1	1	0.409	
001_5LB	2	42	2	1	1	0.427	
001_5LB	2	43	1	1	1	0.386	
001_5LB	2	44	1	1	1	0.373	
001_5LB	2	45	2	1	1	0.461	
001_5LB	2	46	1	2	1	0.636	
001_5LB	2	47	2	2	2	0.602	
001_5LB	2	48	1	2	2	0.486	
001_5LB	2	49	1	1	2	0.525	
001_5LB	2	50	1	1	1	1.019	
001_5LB	2	51	2	2	2	0.491	
001_5LB	2	52	1	1	1	0.447	
001_5LB	2	53	2	2	2	0.474	
001_5LB	2	54	2	1	1	0.440	
001_5LB	2	55	1	2	2	0.467	
001_5LB	3	0	2	1	1	0.685	
001_5LB	3	1	1	2	2	0.425	
001_5LB	3	2	1	2	2	0.523	
001_5LB	3	3	1	2	2	0.441	
001_5LB	3	4	1	1	1	0.421	
001_5LB	3	5	2	2	2	0.528	
001_5LB	3	6	2	1	1	0.515	
001_5LB	3	7	2	2	2	0.519	
001_5LB	3	8	1	1	1	0.454	
001_5LB	3	9	1	1	1	0.439	
001_5LB	3	10	2	2	2	0.497	
001_5LB	3	11	1	1	1	0.415	
001_5LB	3	12	1	2	2	0.430	
001_5LB	3	13	1	1	1	0.456	
001_5LB	3	14	2	1	1	0.534	
001_5LB	3	15	1	2	2	0.428	
001_5LB	3	16	1	1	1	0.485	
001_5LB	3	17	1	2	2	0.450	
001_5LB	3	18	2	1	1	0.447	
001_5LB	3	19	1	1	1	0.470	
001_5LB	3	20	2	1	1	0.489	
001_5LB	3	21	1	2	2	0.429	
001_5LB	3	22	1	1	1	0.534	
001_5LB	3	23	1	2	2	0.438	
001_5LB	3	24	1	1	1	0.453	
001_5LB	3	25	2	1	1	0.441	
001_5LB	3	26	2	1	1	0.454	
001_5LB	3	27	2	2	2	0.556	
001_5LB	3	28	2	1	1	0.965	
001_5LB	3	29	1	1	1	0.417	
001_5LB	3	30	2	2	2	0.476	
001_5LB	3	31	2	2	2	0.541	
001_5LB	3	32	2	2	2	0.638	
001_5LB	3	33	1	2	2	0.422	
001_5LB	3	34	1	2	2	0.451	
001_5LB	3	35	1	1	1	0.397	
001_5LB	3	36	2	2	2	0.462	
001_5LB	3	37	2	1	1	0.440	
001_5LB	3	38	2	2	2	0.464	
001_5LB	3	39	1	1	1	0.411	
001_5LB	3	40	2	1	1	0.464	
001_5LB	3	41	2	2	2	0.498	
001_5LB	3	42	2	1	1	0.416	
001_5LB	3	43	2	2	2	0.538	
001_5LB	3	44	1	1	1	0.388	
001_5LB	3	45	2	1	1	0.433	
001_5LB	3	46	2	2	2	0.467	
001_5LB	3	47	1	2	2	0.414	
001_5LB	3	48	1	2	2	0.428	
001_5LB	3	49	1	2	2	0.424	
001_5LB	3	50	2	1	1	0.462	
001_5LB	3	51	1	1	1	0.408	
001_5LB	3	52	2	2	2	0.530	
001_5LB	3	53	1	2	2	0.414	
001_5LB	3	54	2	2	1	0.392	
001_5LB	3	55	2	1	2	0.349	
